15 0.35044642857142855 0.19754464285714285 0.0625 0.09151785714285714
15 0.7924107142857143 0.5368303571428571 0.05580357142857143 0.09375
15 0.7466517857142857 0.90625 0.0625 0.07700892857142858
14 0.5022321428571429 0.9084821428571429 0.06696428571428571 0.04799107142857143
15 0.16852678571428573 0.9162946428571429 0.05803571428571429 0.06696428571428571
17 0.18973214285714285 0.7366071428571429 0.07700892857142858 0.10602678571428571
11 0.2544642857142857 0.5412946428571429 0.07700892857142858 0.11272321428571429
17 0.31026785714285715 0.7120535714285714 0.06919642857142858 0.09598214285714286
17 0.3169642857142857 0.8113839285714286 0.07700892857142858 0.11272321428571429
17 0.42299107142857145 0.8995535714285714 0.07700892857142858 0.09598214285714286
17 0.38839285714285715 0.7857142857142857 0.07700892857142858 0.11272321428571429
17 0.4575892857142857 0.6529017857142857 0.07700892857142858 0.11272321428571429
17 0.35714285714285715 0.5904017857142857 0.07700892857142858 0.09375
17 0.29129464285714285 0.4486607142857143 0.06919642857142858 0.09598214285714286
17 0.16629464285714285 0.4732142857142857 0.07700892857142858 0.09598214285714286
17 0.10267857142857142 0.4330357142857143 0.07477678571428571 0.09598214285714286
17 0.07477678571428571 0.578125 0.07254464285714286 0.09598214285714286
17 0.19754464285714285 0.32589285714285715 0.07700892857142858 0.11272321428571429
17 0.09040178571428571 0.27455357142857145 0.07700892857142858 0.10044642857142858
17 0.22433035714285715 0.22767857142857142 0.07700892857142858 0.10044642857142858
17 0.10379464285714286 0.13504464285714285 0.07700892857142858 0.09821428571428571
17 0.19977678571428573 0.10602678571428571 0.06696428571428571 0.09151785714285714
17 0.3470982142857143 0.10825892857142858 0.07700892857142858 0.08147321428571429
17 0.36941964285714285 0.04017857142857143 0.07254464285714286 0.07924107142857142
17 0.6104910714285714 0.8459821428571429 0.07700892857142858 0.11272321428571429
17 0.7477678571428571 0.8191964285714286 0.08147321428571429 0.10602678571428571
17 0.6830357142857143 0.9051339285714286 0.06696428571428571 0.09151785714285714
17 0.8526785714285714 0.9609375 0.07589285714285714 0.078125
17 0.9029017857142857 0.9040178571428571 0.07700892857142858 0.09151785714285714
17 0.9229910714285714 0.7555803571428571 0.07700892857142858 0.10044642857142858
17 0.8560267857142857 0.4720982142857143 0.07700892857142858 0.11272321428571429
17 0.8995535714285714 0.4810267857142857 0.07924107142857142 0.09151785714285714
17 0.9631696428571429 0.5613839285714286 0.06696428571428571 0.08147321428571429
17 0.8772321428571429 0.25669642857142855 0.08147321428571429 0.09598214285714286
17 0.40066964285714285 0.38950892857142855 0.07700892857142858 0.09821428571428571
17 0.453125 0.3091517857142857 0.06473214285714286 0.08928571428571429
17 0.40401785714285715 0.27566964285714285 0.06696428571428571 0.09598214285714286
17 0.4486607142857143 0.18080357142857142 0.07700892857142858 0.08147321428571429
17 0.5479910714285714 0.21205357142857142 0.07700892857142858 0.10044642857142858
17 0.5334821428571429 0.5033482142857143 0.07700892857142858 0.09598214285714286
17 0.6841517857142857 0.5446428571428571 0.06473214285714286 0.10379464285714286
17 0.6495535714285714 0.3627232142857143 0.07700892857142858 0.10044642857142858
17 0.9776785714285714 0.23214285714285715 0.044642857142857144 0.09821428571428571
11 0.5647321428571429 0.7444196428571429 0.10602678571428571 0.07924107142857142
5 0.07477678571428571 0.8939732142857143 0.06696428571428571 0.09821428571428571
5 0.8058035714285714 0.8816964285714286 0.07254464285714286 0.09375
5 0.265625 0.8794642857142857 0.07254464285714286 0.09598214285714286
18 0.4966517857142857 0.8504464285714286 0.09151785714285714 0.08705357142857142
17 0.6049107142857143 0.9542410714285714 0.07924107142857142 0.09151785714285714
17 0.7310267857142857 0.96875 0.07700892857142858 0.0625
17 0.8147321428571429 0.37723214285714285 0.06473214285714286 0.09821428571428571
14 0.2779017857142857 0.28013392857142855 0.07254464285714286 0.09151785714285714
17 0.027901785714285716 0.4486607142857143 0.052455357142857144 0.11272321428571429
17 0.21875 0.9464285714285714 0.07589285714285714 0.10714285714285714
5 0.26674107142857145 0.12165178571428571 0.07254464285714286 0.09598214285714286
17 0.6138392857142857 0.5033482142857143 0.07700892857142858 0.10602678571428571
17 0.7410714285714286 0.22209821428571427 0.07254464285714286 0.09151785714285714
11 0.8738839285714286 0.36049107142857145 0.0625 0.11272321428571429
14 0.23883928571428573 0.056919642857142856 0.05803571428571429 0.052455357142857144
14 0.13169642857142858 0.06473214285714286 0.04799107142857143 0.06696428571428571