8 0.9341517857142857 0.4955357142857143 0.08147321428571429 0.05803571428571429
8 0.7823660714285714 0.7142857142857143 0.09151785714285714 0.05803571428571429
1 0.9430803571428571 0.8191964285714286 0.08147321428571429 0.07254464285714286
1 0.8537946428571429 0.8325892857142857 0.09151785714285714 0.06919642857142858
1 0.2935267857142857 0.7165178571428571 0.10602678571428571 0.06919642857142858
1 0.47767857142857145 0.9330357142857143 0.09151785714285714 0.07254464285714286
1 0.875 0.19419642857142858 0.07924107142857142 0.0625
1 0.8683035714285714 0.07254464285714286 0.09598214285714286 0.07924107142857142
1 0.45424107142857145 0.09375 0.10044642857142858 0.07477678571428571
1 0.12723214285714285 0.35714285714285715 0.08147321428571429 0.06696428571428571
1 0.578125 0.6696428571428571 0.09151785714285714 0.06696428571428571
12 0.7533482142857143 0.4642857142857143 0.033482142857142856 0.03125
12 0.8080357142857143 0.5212053571428571 0.029017857142857144 0.024553571428571428
12 0.8660714285714286 0.5915178571428571 0.029017857142857144 0.029017857142857144
12 0.8013392857142857 0.65625 0.029017857142857144 0.018973214285714284
12 0.7712053571428571 0.6160714285714286 0.024553571428571428 0.016741071428571428
12 0.7232142857142857 0.7544642857142857 0.029017857142857144 0.024553571428571428
12 0.6395089285714286 0.6383928571428571 0.033482142857142856 0.018973214285714284
12 0.4888392857142857 0.44754464285714285 0.03794642857142857 0.024553571428571428
12 0.3169642857142857 0.5982142857142857 0.033482142857142856 0.026785714285714284
12 0.5133928571428571 0.7544642857142857 0.03125 0.018973214285714284
12 0.41183035714285715 0.7946428571428571 0.029017857142857144 0.021205357142857144
12 0.3783482142857143 0.32589285714285715 0.024553571428571428 0.018973214285714284
12 0.38392857142857145 0.3950892857142857 0.033482142857142856 0.024553571428571428
12 0.47544642857142855 0.19084821428571427 0.029017857142857144 0.029017857142857144
12 0.27455357142857145 0.2779017857142857 0.03125 0.024553571428571428
12 0.22879464285714285 0.08705357142857142 0.029017857142857144 0.021205357142857144
12 0.015625 0.24441964285714285 0.03125 0.029017857142857144
12 0.03571428571428571 0.5111607142857143 0.029017857142857144 0.021205357142857144
12 0.03459821428571429 0.4654017857142857 0.024553571428571428 0.024553571428571428
12 0.5792410714285714 0.8314732142857143 0.024553571428571428 0.024553571428571428
12 0.4341517857142857 0.96875 0.029017857142857144 0.021205357142857144
13 0.5725446428571429 0.234375 0.08705357142857142 0.06919642857142858
13 0.8872767857142857 0.3158482142857143 0.09151785714285714 0.06696428571428571
13 0.9553571428571429 0.18973214285714285 0.08705357142857142 0.06696428571428571
13 0.5491071428571429 0.5379464285714286 0.09375 0.07254464285714286
13 0.49441964285714285 0.5948660714285714 0.07924107142857142 0.0625
13 0.5881696428571429 0.6026785714285714 0.09151785714285714 0.07254464285714286
13 0.7042410714285714 0.6752232142857143 0.08147321428571429 0.0625
13 0.39620535714285715 0.6852678571428571 0.09598214285714286 0.07254464285714286
13 0.19419642857142858 0.2924107142857143 0.09151785714285714 0.06473214285714286
13 0.4654017857142857 0.23772321428571427 0.08705357142857142 0.06696428571428571
13 0.27232142857142855 0.5680803571428571 0.07924107142857142 0.0625
1 0.35379464285714285 0.8727678571428571 0.09375 0.08705357142857142
14 0.34598214285714285 0.8136160714285714 0.05803571428571429 0.052455357142857144
1 0.07924107142857142 0.9017857142857143 0.08147321428571429 0.06696428571428571
1 0.18415178571428573 0.9095982142857143 0.07924107142857142 0.06473214285714286
1 0.6473214285714286 0.32924107142857145 0.07254464285714286 0.10044642857142858
13 0.7198660714285714 0.3638392857142857 0.09375 0.07254464285714286
13 0.7198660714285714 0.42745535714285715 0.08147321428571429 0.06696428571428571
14 0.8973214285714286 0.65625 0.052455357142857144 0.07924107142857142
13 0.3158482142857143 0.4642857142857143 0.08705357142857142 0.07477678571428571
13 0.32700892857142855 0.5 0.08705357142857142 0.0625
13 0.4732142857142857 0.38839285714285715 0.07700892857142858 0.06696428571428571
13 0.7477678571428571 0.03794642857142857 0.08147321428571429 0.0625
13 0.5435267857142857 0.078125 0.08705357142857142 0.07477678571428571
13 0.6238839285714286 0.04575892857142857 0.09151785714285714 0.06696428571428571
13 0.28683035714285715 0.07366071428571429 0.08705357142857142 0.06919642857142858
13 0.3705357142857143 0.11383928571428571 0.09598214285714286 0.07700892857142858
13 0.2845982142857143 0.17745535714285715 0.09598214285714286 0.07254464285714286