2 0.7131696428571429 0.9207589285714286 0.07924107142857142 0.11272321428571429
2 0.3091517857142857 0.8950892857142857 0.07924107142857142 0.11272321428571429
2 0.453125 0.875 0.07924107142857142 0.11272321428571429
2 0.203125 0.8716517857142857 0.07924107142857142 0.11272321428571429
2 0.11941964285714286 0.84375 0.07924107142857142 0.11272321428571429
2 0.04799107142857143 0.7901785714285714 0.07924107142857142 0.11272321428571429
2 0.9430803571428571 0.78125 0.07924107142857142 0.11272321428571429
2 0.20758928571428573 0.7566964285714286 0.08705357142857142 0.125
2 0.27566964285714285 0.6997767857142857 0.07700892857142858 0.11272321428571429
2 0.41294642857142855 0.7176339285714286 0.08705357142857142 0.12723214285714285
2 0.8292410714285714 0.6707589285714286 0.07924107142857142 0.11272321428571429
2 0.7611607142857143 0.6439732142857143 0.07924107142857142 0.11272321428571429
2 0.24330357142857142 0.578125 0.09151785714285714 0.12723214285714285
2 0.703125 0.5959821428571429 0.07924107142857142 0.11272321428571429
2 0.24888392857142858 0.5089285714285714 0.07924107142857142 0.11272321428571429
2 0.9263392857142857 0.49776785714285715 0.07924107142857142 0.11272321428571429
2 0.71875 0.4888392857142857 0.07924107142857142 0.11272321428571429
2 0.8158482142857143 0.4486607142857143 0.07924107142857142 0.11272321428571429
2 0.03571428571428571 0.4341517857142857 0.07142857142857142 0.11383928571428571
2 0.33370535714285715 0.39174107142857145 0.07924107142857142 0.11272321428571429
2 0.3783482142857143 0.3627232142857143 0.07924107142857142 0.11272321428571429
2 0.6607142857142857 0.30691964285714285 0.07924107142857142 0.11272321428571429
2 0.4095982142857143 0.22991071428571427 0.07924107142857142 0.11272321428571429
2 0.08147321428571429 0.23772321428571427 0.07924107142857142 0.11272321428571429
2 0.5691964285714286 0.22767857142857142 0.07924107142857142 0.11272321428571429
2 0.14620535714285715 0.18973214285714285 0.07924107142857142 0.11272321428571429
2 0.48995535714285715 0.19977678571428573 0.07924107142857142 0.11272321428571429
2 0.30245535714285715 0.15959821428571427 0.07924107142857142 0.11272321428571429
2 0.8080357142857143 0.13392857142857142 0.07924107142857142 0.11272321428571429
2 0.5970982142857143 0.11049107142857142 0.08928571428571429 0.12276785714285714
2 0.39955357142857145 0.11049107142857142 0.07924107142857142 0.11272321428571429