16 0.6573660714285714 0.10379464285714286 0.07477678571428571 0.09151785714285714
16 0.5647321428571429 0.20424107142857142 0.0625 0.09598214285714286
16 0.5122767857142857 0.5133928571428571 0.07254464285714286 0.08370535714285714
16 0.30691964285714285 0.5089285714285714 0.06696428571428571 0.09151785714285714
16 0.3638392857142857 0.5680803571428571 0.07254464285714286 0.10044642857142858
16 0.21651785714285715 0.6506696428571429 0.07254464285714286 0.09151785714285714
16 0.025669642857142856 0.8861607142857143 0.05022321428571429 0.08370535714285714
16 0.056919642857142856 0.953125 0.06696428571428571 0.08147321428571429
16 0.24330357142857142 0.9174107142857143 0.06696428571428571 0.09375
16 0.35825892857142855 0.8872767857142857 0.0625 0.10044642857142858
16 0.4029017857142857 0.8169642857142857 0.07254464285714286 0.08928571428571429
16 0.5814732142857143 0.8147321428571429 0.07924107142857142 0.10602678571428571
16 0.6584821428571429 0.9508928571428571 0.06473214285714286 0.09151785714285714
16 0.08035714285714286 0.27120535714285715 0.06696428571428571 0.09598214285714286
16 0.07477678571428571 0.37723214285714285 0.07700892857142858 0.10602678571428571
16 0.2544642857142857 0.09598214285714286 0.06696428571428571 0.09598214285714286
16 0.7053571428571429 0.26339285714285715 0.07254464285714286 0.09375
16 0.6752232142857143 0.35267857142857145 0.06696428571428571 0.08147321428571429
16 0.6741071428571429 0.6049107142857143 0.06696428571428571 0.08370535714285714
16 0.8247767857142857 0.6685267857142857 0.06696428571428571 0.08370535714285714
16 0.8191964285714286 0.7935267857142857 0.06696428571428571 0.08928571428571429
16 0.9129464285714286 0.859375 0.06696428571428571 0.08705357142857142
16 0.96875 0.7845982142857143 0.0625 0.08928571428571429
16 0.9319196428571429 0.4174107142857143 0.060267857142857144 0.09151785714285714
16 0.8839285714285714 0.27120535714285715 0.06696428571428571 0.08705357142857142
16 0.8225446428571429 0.09709821428571429 0.06696428571428571 0.09151785714285714
16 0.7801339285714286 0.25669642857142855 0.06473214285714286 0.09151785714285714
5 0.49330357142857145 0.5993303571428571 0.07700892857142858 0.09598214285714286
5 0.20982142857142858 0.23214285714285715 0.07700892857142858 0.09821428571428571
11 0.5502232142857143 0.2924107142857143 0.07700892857142858 0.09151785714285714
13 0.875 0.16629464285714285 0.06696428571428571 0.09598214285714286
5 0.6506696428571429 0.8504464285714286 0.06696428571428571 0.08705357142857142
13 0.39620535714285715 0.7232142857142857 0.07477678571428571 0.08705357142857142
13 0.5055803571428571 0.8705357142857143 0.06696428571428571 0.08370535714285714
13 0.7087053571428571 0.7064732142857143 0.06696428571428571 0.08705357142857142
5 0.5736607142857143 0.7064732142857143 0.07254464285714286 0.10602678571428571
13 0.4408482142857143 0.9330357142857143 0.07254464285714286 0.09151785714285714
12 0.29799107142857145 0.6395089285714286 0.016741071428571428 0.024553571428571428
12 0.4564732142857143 0.1875 0.021205357142857144 0.021205357142857144
12 0.5747767857142857 0.12946428571428573 0.024553571428571428 0.029017857142857144
12 0.7444196428571429 0.9698660714285714 0.026785714285714284 0.04352678571428571
12 0.6595982142857143 0.71875 0.018973214285714284 0.033482142857142856