12 0.921875 0.5178571428571429 0.033482142857142856 0.029017857142857144
12 0.5044642857142857 0.12946428571428573 0.041294642857142856 0.029017857142857144
12 0.9118303571428571 0.8604910714285714 0.04352678571428571 0.029017857142857144
12 0.7600446428571429 0.8939732142857143 0.04799107142857143 0.03794642857142857
12 0.6629464285714286 0.4575892857142857 0.03794642857142857 0.026785714285714284
12 0.4174107142857143 0.5647321428571429 0.033482142857142856 0.018973214285714284
12 0.41629464285714285 0.5044642857142857 0.03125 0.026785714285714284
12 0.3560267857142857 0.45535714285714285 0.03794642857142857 0.026785714285714284
12 0.22879464285714285 0.3470982142857143 0.04352678571428571 0.024553571428571428
12 0.11607142857142858 0.3560267857142857 0.04799107142857143 0.024553571428571428
12 0.10379464285714286 0.6004464285714286 0.03571428571428571 0.024553571428571428
17 0.8627232142857143 0.18973214285714285 0.08147321428571429 0.06696428571428571
17 0.29575892857142855 0.6183035714285714 0.08705357142857142 0.06696428571428571
16 0.25223214285714285 0.22767857142857142 0.09598214285714286 0.06696428571428571
5 0.10825892857142858 0.21540178571428573 0.10602678571428571 0.0625
11 0.6450892857142857 0.5357142857142857 0.09375 0.07254464285714286