1 0.5033482142857143 0.7823660714285714 0.11272321428571429 0.07700892857142858
1 0.40066964285714285 0.8616071428571429 0.09598214285714286 0.07477678571428571
1 0.7154017857142857 0.9397321428571429 0.08705357142857142 0.06696428571428571
1 0.35267857142857145 0.6238839285714286 0.11272321428571429 0.07700892857142858
1 0.9319196428571429 0.18638392857142858 0.10602678571428571 0.07254464285714286
1 0.9151785714285714 0.5870535714285714 0.11272321428571429 0.07700892857142858
15 0.27901785714285715 0.9274553571428571 0.11272321428571429 0.07700892857142858
15 0.21316964285714285 0.9441964285714286 0.11272321428571429 0.07700892857142858
15 0.375 0.7756696428571429 0.11272321428571429 0.07700892857142858
15 0.6272321428571429 0.7611607142857143 0.11272321428571429 0.07700892857142858
15 0.6037946428571429 0.9386160714285714 0.08928571428571429 0.06696428571428571
15 0.6897321428571429 0.5770089285714286 0.11272321428571429 0.07700892857142858
15 0.9196428571428571 0.48995535714285715 0.09821428571428571 0.0625
15 0.8147321428571429 0.7154017857142857 0.11272321428571429 0.07700892857142858
15 0.18973214285714285 0.7912946428571429 0.11272321428571429 0.07924107142857142
15 0.39732142857142855 0.4252232142857143 0.11272321428571429 0.07700892857142858
15 0.7979910714285714 0.2779017857142857 0.11272321428571429 0.07700892857142858
15 0.17299107142857142 0.140625 0.11272321428571429 0.07700892857142858
15 0.6283482142857143 0.18638392857142858 0.11272321428571429 0.07700892857142858
15 0.8872767857142857 0.8738839285714286 0.11272321428571429 0.07924107142857142
15 0.2689732142857143 0.1875 0.11272321428571429 0.07700892857142858
15 0.22098214285714285 0.296875 0.11272321428571429 0.07700892857142858
15 0.20982142857142858 0.4732142857142857 0.11272321428571429 0.07700892857142858
15 0.35267857142857145 0.5357142857142857 0.11272321428571429 0.07700892857142858
15 0.4375 0.6261160714285714 0.11272321428571429 0.07700892857142858
15 0.06808035714285714 0.7087053571428571 0.11272321428571429 0.07924107142857142
15 0.11607142857142858 0.7544642857142857 0.11272321428571429 0.07700892857142858
15 0.11607142857142858 0.6774553571428571 0.11272321428571429 0.07924107142857142
15 0.07477678571428571 0.27120535714285715 0.11272321428571429 0.07700892857142858
15 0.9620535714285714 0.8069196428571429 0.07589285714285714 0.078125
15 0.8604910714285714 0.9375 0.11272321428571429 0.07700892857142858
15 0.25223214285714285 0.8392857142857143 0.11272321428571429 0.07924107142857142
15 0.7790178571428571 0.8091517857142857 0.11272321428571429 0.07924107142857142
13 0.8649553571428571 0.41629464285714285 0.09598214285714286 0.06919642857142858
15 0.2935267857142857 0.7466517857142857 0.11272321428571429 0.07700892857142858
15 0.32700892857142855 0.859375 0.11272321428571429 0.07924107142857142
15 0.12723214285714285 0.9274553571428571 0.11272321428571429 0.07700892857142858
15 0.04799107142857143 0.9486607142857143 0.09598214285714286 0.07700892857142858
15 0.7064732142857143 0.7857142857142857 0.11272321428571429 0.07700892857142858
15 0.7410714285714286 0.7243303571428571 0.11272321428571429 0.07700892857142858
15 0.5881696428571429 0.8069196428571429 0.11272321428571429 0.07700892857142858
15 0.5223214285714286 0.9341517857142857 0.11272321428571429 0.07700892857142858
15 0.6595982142857143 0.8850446428571429 0.11272321428571429 0.07700892857142858
15 0.4341517857142857 0.9408482142857143 0.11272321428571429 0.07700892857142858
15 0.4029017857142857 0.7198660714285714 0.11272321428571429 0.07700892857142858
15 0.5602678571428571 0.7064732142857143 0.11272321428571429 0.07700892857142858
15 0.5502232142857143 0.6495535714285714 0.11272321428571429 0.07700892857142858
15 0.46651785714285715 0.7154017857142857 0.11272321428571429 0.07700892857142858
15 0.8761160714285714 0.6339285714285714 0.11272321428571429 0.07700892857142858
15 0.9564732142857143 0.31808035714285715 0.08705357142857142 0.07700892857142858
15 0.9575892857142857 0.27566964285714285 0.08147321428571429 0.07700892857142858
15 0.8604910714285714 0.15290178571428573 0.11272321428571429 0.07700892857142858
15 0.8002232142857143 0.10044642857142858 0.11272321428571429 0.07700892857142858
15 0.8627232142857143 0.046875 0.11272321428571429 0.07700892857142858
15 0.9497767857142857 0.08816964285714286 0.10044642857142858 0.07924107142857142
15 0.8415178571428571 0.35379464285714285 0.10602678571428571 0.06919642857142858
15 0.7555803571428571 0.4330357142857143 0.09821428571428571 0.07254464285714286
15 0.625 0.46763392857142855 0.08705357142857142 0.06696428571428571
15 0.5747767857142857 0.5212053571428571 0.11272321428571429 0.07700892857142858
15 0.47433035714285715 0.5011160714285714 0.11272321428571429 0.07700892857142858
15 0.40625 0.4799107142857143 0.11272321428571429 0.07700892857142858
15 0.5 0.44419642857142855 0.11272321428571429 0.07700892857142858
15 0.5167410714285714 0.3638392857142857 0.11272321428571429 0.07700892857142858
1 0.3950892857142857 0.29910714285714285 0.09375 0.07700892857142858
15 0.40625 0.16294642857142858 0.11272321428571429 0.07700892857142858
13 0.052455357142857144 0.6194196428571429 0.10491071428571429 0.078125
15 0.3091517857142857 0.46316964285714285 0.11272321428571429 0.07700892857142858
15 0.26785714285714285 0.6383928571428571 0.11272321428571429 0.07700892857142858
15 0.16517857142857142 0.6294642857142857 0.11272321428571429 0.07700892857142858
15 0.27566964285714285 0.3705357142857143 0.11272321428571429 0.07700892857142858
15 0.4375 0.3705357142857143 0.11272321428571429 0.07700892857142858
15 0.46875 0.203125 0.11272321428571429 0.07700892857142858
15 0.34375 0.19866071428571427 0.11272321428571429 0.07700892857142858
15 0.13727678571428573 0.34933035714285715 0.11272321428571429 0.07700892857142858
15 0.13727678571428573 0.4419642857142857 0.11272321428571429 0.07700892857142858
15 0.15848214285714285 0.4955357142857143 0.11272321428571429 0.07700892857142858
15 0.07477678571428571 0.5479910714285714 0.11272321428571429 0.07700892857142858
15 0.6908482142857143 0.10602678571428571 0.11272321428571429 0.07700892857142858
15 0.6875 0.23883928571428573 0.11272321428571429 0.07700892857142858
15 0.7410714285714286 0.171875 0.11272321428571429 0.07700892857142858
15 0.4375 0.07700892857142858 0.11272321428571429 0.07700892857142858
15 0.5881696428571429 0.12053571428571429 0.11272321428571429 0.07700892857142858
15 0.21763392857142858 0.03571428571428571 0.11383928571428571 0.07142857142857142
15 0.7354910714285714 0.026785714285714284 0.11272321428571429 0.052455357142857144
15 0.5770089285714286 0.03459821428571429 0.11272321428571429 0.06696428571428571
15 0.65625 0.026785714285714284 0.11272321428571429 0.052455357142857144
15 0.6417410714285714 0.078125 0.11272321428571429 0.07700892857142858
15 0.49107142857142855 0.03459821428571429 0.11272321428571429 0.06696428571428571
15 0.32142857142857145 0.29799107142857145 0.11272321428571429 0.07700892857142858
15 0.48549107142857145 0.8549107142857143 0.11272321428571429 0.07700892857142858
15 0.12834821428571427 0.21316964285714285 0.11272321428571429 0.07700892857142858
15 0.5625 0.5837053571428571 0.11272321428571429 0.07700892857142858
1 0.04799107142857143 0.453125 0.08928571428571429 0.06919642857142858