2 0.734375 0.9464285714285714 0.07589285714285714 0.10714285714285714
11 0.8013392857142857 0.5770089285714286 0.07700892857142858 0.11272321428571429
13 0.8883928571428571 0.7098214285714286 0.07254464285714286 0.08705357142857142
11 0.5223214285714286 0.15513392857142858 0.0625 0.10379464285714286
11 0.5491071428571429 0.6350446428571429 0.07254464285714286 0.11049107142857142
11 0.5111607142857143 0.828125 0.07700892857142858 0.11272321428571429
13 0.265625 0.9464285714285714 0.07589285714285714 0.10714285714285714
13 0.5491071428571429 0.49776785714285715 0.06696428571428571 0.11272321428571429
13 0.7098214285714286 0.6060267857142857 0.06919642857142858 0.10379464285714286
18 0.15959821428571427 0.6361607142857143 0.07254464285714286 0.10044642857142858
18 0.8928571428571429 0.32142857142857145 0.07700892857142858 0.09151785714285714
18 0.19866071428571427 0.5691964285714286 0.05803571428571429 0.08705357142857142
15 0.6417410714285714 0.48214285714285715 0.07700892857142858 0.10044642857142858
11 0.2700892857142857 0.12053571428571429 0.06919642857142858 0.08147321428571429
11 0.19419642857142858 0.39955357142857145 0.06696428571428571 0.11049107142857142