10 0.17075892857142858 0.19084821428571427 0.34151785714285715 0.38169642857142855
6 0.9564732142857143 0.31138392857142855 0.08705357142857142 0.29575892857142855
13 0.10491071428571429 0.8459821428571429 0.20870535714285715 0.27455357142857145
13 0.04799107142857143 0.7310267857142857 0.09598214285714286 0.17299107142857142
13 0.4877232142857143 0.9564732142857143 0.16294642857142858 0.08705357142857142
13 0.36049107142857145 0.9732142857142857 0.17299107142857142 0.052455357142857144
0 0.3627232142857143 0.7901785714285714 0.39174107142857145 0.3705357142857143
13 0.31026785714285715 0.5457589285714286 0.20647321428571427 0.17299107142857142
13 0.9743303571428571 0.5435267857142857 0.05022321428571429 0.16852678571428573
13 0.7399553571428571 0.8928571428571429 0.28348214285714285 0.21428571428571427
6 0.6930803571428571 0.6629464285714286 0.24776785714285715 0.40848214285714285
13 0.984375 0.8883928571428571 0.03125 0.20870535714285715
13 0.6060267857142857 0.8950892857142857 0.07254464285714286 0.20424107142857142
13 0.9073660714285714 0.7488839285714286 0.18526785714285715 0.22321428571428573