1 0.625 0.49330357142857145 0.07254464285714286 0.09375
1 0.47433035714285715 0.37388392857142855 0.07254464285714286 0.09151785714285714
1 0.47879464285714285 0.296875 0.07254464285714286 0.08705357142857142
1 0.5502232142857143 0.3236607142857143 0.06696428571428571 0.08370535714285714
1 0.42075892857142855 0.10491071428571429 0.0625 0.08928571428571429
1 0.3482142857142857 0.14397321428571427 0.07254464285714286 0.08705357142857142
1 0.21651785714285715 0.13839285714285715 0.0625 0.08928571428571429
1 0.18415178571428573 0.23660714285714285 0.06696428571428571 0.09151785714285714
1 0.07254464285714286 0.28125 0.0625 0.09598214285714286
1 0.3392857142857143 0.6283482142857143 0.06919642857142858 0.08705357142857142
1 0.7042410714285714 0.19642857142857142 0.07254464285714286 0.09821428571428571
1 0.15736607142857142 0.48660714285714285 0.07254464285714286 0.08928571428571429
1 0.20200892857142858 0.05580357142857143 0.07477678571428571 0.08705357142857142
1 0.5 0.7008928571428571 0.06473214285714286 0.09151785714285714
1 0.7645089285714286 0.40513392857142855 0.07477678571428571 0.10044642857142858
1 0.8459821428571429 0.41517857142857145 0.0625 0.09151785714285714
14 0.32924107142857145 0.8258928571428571 0.07700892857142858 0.10602678571428571
1 0.29017857142857145 0.5133928571428571 0.07700892857142858 0.09151785714285714
1 0.041294642857142856 0.5792410714285714 0.06919642857142858 0.09151785714285714
1 0.18303571428571427 0.8973214285714286 0.07254464285714286 0.08705357142857142
12 0.3404017857142857 0.39174107142857145 0.026785714285714284 0.04352678571428571
12 0.09151785714285714 0.07589285714285714 0.024553571428571428 0.033482142857142856
12 0.12053571428571429 0.10267857142857142 0.024553571428571428 0.033482142857142856
12 0.6383928571428571 0.07924107142857142 0.024553571428571428 0.033482142857142856
12 0.6763392857142857 0.4732142857142857 0.029017857142857144 0.052455357142857144
12 0.6584821428571429 0.5401785714285714 0.018973214285714284 0.029017857142857144
12 0.9129464285714286 0.5747767857142857 0.033482142857142856 0.041294642857142856
12 0.3549107142857143 0.5647321428571429 0.026785714285714284 0.041294642857142856
12 0.13169642857142858 0.8973214285714286 0.021205357142857144 0.03794642857142857
12 0.10267857142857142 0.9363839285714286 0.026785714285714284 0.04575892857142857
1 0.6852678571428571 0.7354910714285714 0.07254464285714286 0.08705357142857142
17 0.4341517857142857 0.7444196428571429 0.07254464285714286 0.09821428571428571