16 0.7511160714285714 0.28683035714285715 0.08705357142857142 0.06696428571428571
16 0.8459821428571429 0.2779017857142857 0.10044642857142858 0.07254464285714286
16 0.6205357142857143 0.44308035714285715 0.10044642857142858 0.07254464285714286
16 0.8125 0.39732142857142855 0.09598214285714286 0.07254464285714286
16 0.7131696428571429 0.4017857142857143 0.09151785714285714 0.06696428571428571
16 0.8169642857142857 0.59375 0.08705357142857142 0.06696428571428571
16 0.7745535714285714 0.7254464285714286 0.09375 0.06919642857142858
16 0.7042410714285714 0.7745535714285714 0.09151785714285714 0.06696428571428571
16 0.7600446428571429 0.8303571428571429 0.10044642857142858 0.06696428571428571
16 0.6127232142857143 0.7488839285714286 0.09151785714285714 0.07254464285714286
16 0.42410714285714285 0.5736607142857143 0.09375 0.07254464285714286
16 0.3638392857142857 0.6261160714285714 0.08705357142857142 0.06473214285714286
16 0.34151785714285715 0.7220982142857143 0.08147321428571429 0.06696428571428571
16 0.19866071428571427 0.16294642857142858 0.10602678571428571 0.07254464285714286
16 0.6785714285714286 0.20535714285714285 0.09375 0.07254464285714286
16 0.30580357142857145 0.11049107142857142 0.10044642857142858 0.07477678571428571
16 0.3950892857142857 0.14174107142857142 0.09375 0.07254464285714286
16 0.09486607142857142 0.11272321428571429 0.09151785714285714 0.06696428571428571
16 0.04017857142857143 0.3794642857142857 0.07924107142857142 0.06696428571428571
16 0.9553571428571429 0.41517857142857145 0.08705357142857142 0.07700892857142858
16 0.9464285714285714 0.8984375 0.10714285714285714 0.078125
16 0.5736607142857143 0.2700892857142857 0.08147321428571429 0.06473214285714286
16 0.044642857142857144 0.6607142857142857 0.08928571428571429 0.07700892857142858
16 0.13839285714285715 0.041294642857142856 0.09375 0.07477678571428571
16 0.24665178571428573 0.8772321428571429 0.09598214285714286 0.06696428571428571
16 0.7310267857142857 0.08147321428571429 0.09151785714285714 0.06473214285714286
13 0.48995535714285715 0.12946428571428573 0.09598214285714286 0.06919642857142858
13 0.8459821428571429 0.10379464285714286 0.10044642857142858 0.07254464285714286
13 0.890625 0.21205357142857142 0.09598214285714286 0.07254464285714286
13 0.9654017857142857 0.15513392857142858 0.06696428571428571 0.06919642857142858
13 0.3939732142857143 0.8549107142857143 0.08147321428571429 0.06473214285714286
13 0.7466517857142857 0.9051339285714286 0.11272321428571429 0.07700892857142858
13 0.44642857142857145 0.060267857142857144 0.08705357142857142 0.06696428571428571
13 0.23549107142857142 0.42299107142857145 0.08147321428571429 0.060267857142857144
17 0.3950892857142857 0.21763392857142858 0.09598214285714286 0.06696428571428571
13 0.4888392857142857 0.34933035714285715 0.10602678571428571 0.07700892857142858
13 0.3314732142857143 0.9073660714285714 0.09821428571428571 0.06919642857142858
13 0.6417410714285714 0.9151785714285714 0.08928571428571429 0.07924107142857142
13 0.45200892857142855 0.5011160714285714 0.09151785714285714 0.06696428571428571
12 0.07366071428571429 0.029017857142857144 0.033482142857142856 0.029017857142857144
12 0.5803571428571429 0.09821428571428571 0.03794642857142857 0.024553571428571428
12 0.47098214285714285 0.42075892857142855 0.029017857142857144 0.018973214285714284
12 0.29129464285714285 0.6975446428571429 0.029017857142857144 0.018973214285714284
12 0.4486607142857143 0.8973214285714286 0.026785714285714284 0.018973214285714284
12 0.4877232142857143 0.8917410714285714 0.033482142857142856 0.026785714285714284