15 0.4955357142857143 0.6272321428571429 0.06696428571428571 0.052455357142857144
15 0.12946428571428573 0.8370535714285714 0.0625 0.060267857142857144
17 0.9285714285714286 0.12388392857142858 0.11049107142857142 0.06919642857142858
17 0.8325892857142857 0.09375 0.09151785714285714 0.06696428571428571
17 0.7477678571428571 0.19084821428571427 0.10602678571428571 0.06919642857142858
17 0.6930803571428571 0.13169642857142858 0.08928571428571429 0.06473214285714286
17 0.6160714285714286 0.19866071428571427 0.09598214285714286 0.07254464285714286
17 0.5870535714285714 0.2767857142857143 0.08147321428571429 0.07254464285714286
17 0.46316964285714285 0.26004464285714285 0.10379464285714286 0.07254464285714286
17 0.5446428571428571 0.33705357142857145 0.08705357142857142 0.07700892857142858
17 0.7131696428571429 0.40513392857142855 0.10379464285714286 0.07700892857142858
17 0.5725446428571429 0.41294642857142855 0.08370535714285714 0.07477678571428571
17 0.6216517857142857 0.49441964285714285 0.09821428571428571 0.07700892857142858
17 0.5100446428571429 0.5011160714285714 0.09151785714285714 0.07254464285714286
17 0.44642857142857145 0.45982142857142855 0.08705357142857142 0.08705357142857142
17 0.3716517857142857 0.42075892857142855 0.08705357142857142 0.06696428571428571
17 0.37276785714285715 0.3325892857142857 0.09151785714285714 0.0625
17 0.2533482142857143 0.38950892857142855 0.07700892857142858 0.07700892857142858
17 0.19419642857142858 0.48995535714285715 0.09151785714285714 0.06696428571428571
17 0.22098214285714285 0.6082589285714286 0.09151785714285714 0.06473214285714286
17 0.31473214285714285 0.6071428571428571 0.09151785714285714 0.06696428571428571
17 0.359375 0.5491071428571429 0.09151785714285714 0.06696428571428571
17 0.35714285714285715 0.6707589285714286 0.09151785714285714 0.06696428571428571
17 0.4330357142857143 0.7064732142857143 0.09598214285714286 0.07700892857142858
17 0.6473214285714286 0.6149553571428571 0.08705357142857142 0.06696428571428571
17 0.6707589285714286 0.7767857142857143 0.08928571428571429 0.07700892857142858
17 0.7488839285714286 0.7254464285714286 0.09151785714285714 0.06473214285714286
17 0.5212053571428571 0.8292410714285714 0.10602678571428571 0.07924107142857142
17 0.3861607142857143 0.8191964285714286 0.09598214285714286 0.07477678571428571
17 0.21651785714285715 0.8839285714285714 0.09375 0.07924107142857142
17 0.11383928571428571 0.7801339285714286 0.09821428571428571 0.0625
17 0.05133928571428571 0.8303571428571429 0.10267857142857142 0.08035714285714286
17 0.052455357142857144 0.15736607142857142 0.09598214285714286 0.09821428571428571
17 0.08370535714285714 0.030133928571428572 0.09151785714285714 0.060267857142857144
17 0.39285714285714285 0.03459821428571429 0.08705357142857142 0.06696428571428571
17 0.49888392857142855 0.06473214285714286 0.10379464285714286 0.07700892857142858
17 0.33705357142857145 0.16741071428571427 0.09375 0.06919642857142858
17 0.29799107142857145 0.2700892857142857 0.10602678571428571 0.09375
17 0.12053571428571429 0.390625 0.09375 0.06696428571428571
17 0.7566964285714286 0.29464285714285715 0.08705357142857142 0.06696428571428571
17 0.8013392857142857 0.34598214285714285 0.07700892857142858 0.07700892857142858
17 0.9151785714285714 0.22544642857142858 0.09598214285714286 0.07700892857142858
17 0.8381696428571429 0.19642857142857142 0.07700892857142858 0.0625
17 0.9575892857142857 0.2924107142857143 0.08370535714285714 0.07700892857142858
17 0.7511160714285714 0.48214285714285715 0.09821428571428571 0.08705357142857142
17 0.9252232142857143 0.546875 0.09151785714285714 0.07700892857142858
17 0.9308035714285714 0.46651785714285715 0.09151785714285714 0.07254464285714286
17 0.9073660714285714 0.7600446428571429 0.08705357142857142 0.07700892857142858
17 0.8861607142857143 0.6216517857142857 0.10602678571428571 0.08147321428571429
17 0.7232142857142857 0.8537946428571429 0.10825892857142858 0.07924107142857142
17 0.7622767857142857 0.9408482142857143 0.09821428571428571 0.08705357142857142
17 0.4955357142857143 0.9084821428571429 0.08147321428571429 0.0625
17 0.41517857142857145 0.9386160714285714 0.09375 0.08370535714285714
17 0.6439732142857143 0.9486607142857143 0.07254464285714286 0.0625
17 0.8069196428571429 0.5625 0.07477678571428571 0.05022321428571429
17 0.7689732142857143 0.029017857142857144 0.09375 0.05803571428571429
17 0.24107142857142858 0.05803571428571429 0.10602678571428571 0.07477678571428571
14 0.30691964285714285 0.10602678571428571 0.08370535714285714 0.05803571428571429
14 0.19642857142857142 0.42299107142857145 0.07254464285714286 0.04799107142857143
14 0.6372767857142857 0.3247767857142857 0.06919642857142858 0.0625
15 0.8794642857142857 0.3125 0.07477678571428571 0.060267857142857144
15 0.9430803571428571 0.3549107142857143 0.07700892857142858 0.0625
17 0.12388392857142858 0.9754464285714286 0.10044642857142858 0.04799107142857143
17 0.060267857142857144 0.96875 0.08705357142857142 0.0625
14 0.2544642857142857 0.9542410714285714 0.07700892857142858 0.07477678571428571
15 0.22209821428571427 0.18191964285714285 0.09821428571428571 0.07477678571428571
12 0.3091517857142857 0.8950892857142857 0.04352678571428571 0.033482142857142856