1 0.13727678571428573 0.9587053571428571 0.11049107142857142 0.08147321428571429
1 0.13839285714285715 0.8571428571428571 0.10044642857142858 0.06919642857142858
1 0.29575892857142855 0.7142857142857143 0.12276785714285714 0.07254464285714286
1 0.43861607142857145 0.6975446428571429 0.10379464285714286 0.07700892857142858
1 0.34486607142857145 0.6116071428571429 0.10825892857142858 0.08705357142857142
1 0.15625 0.6127232142857143 0.10602678571428571 0.07254464285714286
1 0.23883928571428573 0.4375 0.08705357142857142 0.07254464285714286
1 0.4732142857142857 0.5870535714285714 0.10044642857142858 0.07254464285714286
1 0.5368303571428571 0.5011160714285714 0.10602678571428571 0.07924107142857142
1 0.3638392857142857 0.4810267857142857 0.11049107142857142 0.08705357142857142
1 0.5647321428571429 0.35379464285714285 0.11830357142857142 0.07254464285714286
1 0.46316964285714285 0.11049107142857142 0.09821428571428571 0.09151785714285714
1 0.7645089285714286 0.7767857142857143 0.11495535714285714 0.08370535714285714
1 0.9006696428571429 0.8035714285714286 0.10602678571428571 0.07700892857142858