0 0.16964285714285715 0.20424107142857142 0.3392857142857143 0.40848214285714285
6 0.2767857142857143 0.41294642857142855 0.44754464285714285 0.28794642857142855
9 0.6997767857142857 0.30357142857142855 0.39955357142857145 0.4732142857142857
13 0.6986607142857143 0.04575892857142857 0.24776785714285715 0.09151785714285714
13 0.9620535714285714 0.36049107142857145 0.07589285714285714 0.23883928571428573
13 0.96875 0.08370535714285714 0.0625 0.16741071428571427
9 0.22098214285714285 0.875 0.4419642857142857 0.25
13 0.12834821428571427 0.6573660714285714 0.25669642857142855 0.19977678571428573
13 0.27120535714285715 0.5736607142857143 0.20647321428571427 0.03125
13 0.5535714285714286 0.6060267857142857 0.10825892857142858 0.09598214285714286
13 0.7098214285714286 0.7868303571428571 0.26450892857142855 0.2544642857142857
13 0.5613839285714286 0.9040178571428571 0.12276785714285714 0.19196428571428573
0 0.8459821428571429 0.9084821428571429 0.3080357142857143 0.18303571428571427
13 0.6417410714285714 0.9609375 0.18973214285714285 0.078125