13 0.9854910714285714 0.6138392857142857 0.029017857142857144 0.23995535714285715
13 0.25669642857142855 0.9832589285714286 0.25223214285714285 0.033482142857142856
13 0.9497767857142857 0.9821428571428571 0.10044642857142858 0.03571428571428571
6 0.03794642857142857 0.8470982142857143 0.07589285714285714 0.2924107142857143
13 0.7533482142857143 0.390625 0.22098214285714285 0.23102678571428573
13 0.7087053571428571 0.6004464285714286 0.23102678571428573 0.19754464285714285
13 0.036830357142857144 0.2611607142857143 0.07366071428571429 0.25
13 0.9520089285714286 0.8370535714285714 0.09598214285714286 0.22098214285714285
13 0.3392857142857143 0.7533482142857143 0.21205357142857142 0.20870535714285715
13 0.21875 0.04799107142857143 0.22098214285714285 0.09598214285714286
13 0.5279017857142857 0.09821428571428571 0.26674107142857145 0.19196428571428573
13 0.8024553571428571 0.7555803571428571 0.22879464285714285 0.15625
13 0.8392857142857143 0.20535714285714285 0.21651785714285715 0.21205357142857142
13 0.5435267857142857 0.75 0.20424107142857142 0.18526785714285715
6 0.47879464285714285 0.47098214285714285 0.4185267857142857 0.42075892857142855
13 0.6517857142857143 0.25223214285714285 0.17522321428571427 0.19419642857142858
13 0.06138392857142857 0.5055803571428571 0.12276785714285714 0.2622767857142857
13 0.41629464285714285 0.9040178571428571 0.19196428571428573 0.19196428571428573
13 0.16183035714285715 0.6785714285714286 0.22098214285714285 0.26004464285714285
13 0.6729910714285714 0.9185267857142857 0.27455357142857145 0.16294642857142858