0 0.3158482142857143 0.19308035714285715 0.43080357142857145 0.3861607142857143
13 0.05022321428571429 0.22209821428571427 0.10044642857142858 0.24776785714285715
13 0.08147321428571429 0.4107142857142857 0.16294642857142858 0.15401785714285715
13 0.24553571428571427 0.4654017857142857 0.25 0.04575892857142857
13 0.44419642857142855 0.41294642857142855 0.22544642857142858 0.14955357142857142
13 0.5167410714285714 0.06808035714285714 0.10491071428571429 0.13616071428571427
13 0.08482142857142858 0.06473214285714286 0.16964285714285715 0.12946428571428573
13 0.7689732142857143 0.40848214285714285 0.22879464285714285 0.14955357142857142
13 0.8459821428571429 0.28683035714285715 0.26450892857142855 0.22544642857142858
13 0.6540178571428571 0.34933035714285715 0.16852678571428573 0.23772321428571427
0 0.8560267857142857 0.13392857142857142 0.28794642857142855 0.26674107142857145
13 0.6004464285714286 0.18191964285714285 0.0625 0.22879464285714285
6 0.21763392857142858 0.6729910714285714 0.38169642857142855 0.3705357142857143
3 0.7857142857142857 0.6607142857142857 0.42745535714285715 0.34598214285714285