16 0.4185267857142857 0.8850446428571429 0.09151785714285714 0.125
5 0.14955357142857142 0.38392857142857145 0.07700892857142858 0.11272321428571429
18 0.5145089285714286 0.265625 0.07700892857142858 0.11272321428571429
18 0.5479910714285714 0.10491071428571429 0.09151785714285714 0.125
18 0.4888392857142857 0.5089285714285714 0.07700892857142858 0.11272321428571429
5 0.8560267857142857 0.39285714285714285 0.07700892857142858 0.11272321428571429
8 0.8191964285714286 0.24553571428571427 0.05803571428571429 0.06696428571428571
15 0.24330357142857142 0.25 0.0625 0.07700892857142858
15 0.052455357142857144 0.13727678571428573 0.06696428571428571 0.09151785714285714
5 0.8783482142857143 0.8169642857142857 0.08705357142857142 0.12053571428571429
5 0.5580357142857143 0.5714285714285714 0.08928571428571429 0.12946428571428573
5 0.734375 0.40736607142857145 0.07700892857142858 0.11272321428571429
12 0.014508928571428572 0.38839285714285715 0.029017857142857144 0.03794642857142857
12 0.6138392857142857 0.4966517857142857 0.033482142857142856 0.04575892857142857
12 0.0625 0.8839285714285714 0.03794642857142857 0.04352678571428571
12 0.19754464285714285 0.30580357142857145 0.029017857142857144 0.03794642857142857
7 0.23995535714285715 0.060267857142857144 0.12053571428571429 0.12053571428571429
11 0.20870535714285715 0.18526785714285715 0.08705357142857142 0.10602678571428571
16 0.7712053571428571 0.46651785714285715 0.07254464285714286 0.08147321428571429
16 0.7377232142857143 0.90625 0.07254464285714286 0.10044642857142858