2 0.9665178571428571 0.033482142857142856 0.06696428571428571 0.06696428571428571
2 0.7220982142857143 0.25223214285714285 0.08705357142857142 0.07700892857142858
2 0.6595982142857143 0.24553571428571427 0.06696428571428571 0.07700892857142858
2 0.7287946428571429 0.7756696428571429 0.11830357142857142 0.05022321428571429
2 0.5424107142857143 0.671875 0.08147321428571429 0.08705357142857142
2 0.8348214285714286 0.8270089285714286 0.06696428571428571 0.09598214285714286
2 0.5580357142857143 0.9743303571428571 0.12053571428571429 0.05022321428571429
2 0.4486607142857143 0.15848214285714285 0.11049107142857142 0.04575892857142857
2 0.37723214285714285 0.10267857142857142 0.13950892857142858 0.05803571428571429
2 0.22544642857142858 0.46763392857142855 0.11495535714285714 0.04575892857142857
2 0.16294642857142858 0.5848214285714286 0.09151785714285714 0.06919642857142858
2 0.9352678571428571 0.5825892857142857 0.08928571428571429 0.08147321428571429
2 0.8314732142857143 0.20870535714285715 0.07700892857142858 0.08705357142857142
2 0.3939732142857143 0.46205357142857145 0.09821428571428571 0.05803571428571429
2 0.6372767857142857 0.8683035714285714 0.10602678571428571 0.07477678571428571
11 0.9386160714285714 0.890625 0.10602678571428571 0.08147321428571429
11 0.16741071428571427 0.7723214285714286 0.08370535714285714 0.07700892857142858
11 0.22098214285714285 0.6852678571428571 0.09151785714285714 0.08147321428571429
11 0.375 0.6551339285714286 0.08147321428571429 0.07700892857142858
11 0.37276785714285715 0.8091517857142857 0.09821428571428571 0.07700892857142858
11 0.33482142857142855 0.9397321428571429 0.09151785714285714 0.06919642857142858
15 0.9274553571428571 0.32142857142857145 0.09151785714285714 0.0625