13 0.5424107142857143 0.05022321428571429 0.09375 0.10044642857142858
13 0.5033482142857143 0.23995535714285715 0.17075892857142858 0.23995535714285715
13 0.07924107142857142 0.06138392857142857 0.15848214285714285 0.12276785714285714
0 0.375 0.3482142857142857 0.40401785714285715 0.27901785714285715
13 0.25223214285714285 0.109375 0.21205357142857142 0.21875
13 0.12276785714285714 0.29799107142857145 0.24553571428571427 0.23102678571428573
0 0.6875 0.16741071428571427 0.19754464285714285 0.33370535714285715
0 0.34375 0.7098214285714286 0.48995535714285715 0.44419642857142855
13 0.8504464285714286 0.6283482142857143 0.29799107142857145 0.28125
13 0.9709821428571429 0.5345982142857143 0.05803571428571429 0.09375
13 0.6741071428571429 0.5479910714285714 0.17075892857142858 0.12053571428571429
3 0.765625 0.8560267857142857 0.35379464285714285 0.28794642857142855
13 0.9542410714285714 0.7321428571428571 0.09151785714285714 0.22321428571428573