18 0.5189732142857143 0.48995535714285715 0.07254464285714286 0.08147321428571429
18 0.2611607142857143 0.8761160714285714 0.11272321428571429 0.05803571428571429
18 0.43638392857142855 0.43861607142857145 0.09598214285714286 0.04799107142857143
18 0.6908482142857143 0.37276785714285715 0.08705357142857142 0.0625
14 0.09598214285714286 0.9029017857142857 0.07477678571428571 0.0625
14 0.07142857142857142 0.5948660714285714 0.08705357142857142 0.05803571428571429
14 0.4408482142857143 0.7533482142857143 0.07924107142857142 0.04575892857142857
14 0.5055803571428571 0.3794642857142857 0.06696428571428571 0.052455357142857144
14 0.28125 0.39174107142857145 0.0625 0.052455357142857144
14 0.04575892857142857 0.12834821428571427 0.052455357142857144 0.052455357142857144
12 0.24888392857142858 0.12946428571428573 0.029017857142857144 0.021205357142857144
12 0.15513392857142858 0.18526785714285715 0.03125 0.029017857142857144
12 0.4029017857142857 0.5133928571428571 0.03125 0.029017857142857144
12 0.5792410714285714 0.6941964285714286 0.03794642857142857 0.026785714285714284
12 0.7310267857142857 0.7310267857142857 0.033482142857142856 0.026785714285714284
12 0.5178571428571429 0.30691964285714285 0.033482142857142856 0.024553571428571428