6 0.23214285714285715 0.26004464285714285 0.30580357142857145 0.3482142857142857
6 0.9296875 0.18191964285714285 0.140625 0.3638392857142857
13 0.59375 0.8314732142857143 0.25 0.33705357142857145
12 0.08258928571428571 0.5424107142857143 0.07477678571428571 0.06473214285714286
12 0.07477678571428571 0.6138392857142857 0.09151785714285714 0.07477678571428571
0 0.328125 0.6316964285714286 0.47879464285714285 0.24553571428571427
13 0.6450892857142857 0.6383928571428571 0.14620535714285715 0.25223214285714285
13 0.36495535714285715 0.8191964285714286 0.25 0.19419642857142858
13 0.38392857142857145 0.9229910714285714 0.25223214285714285 0.15401785714285715
13 0.125 0.9196428571428571 0.25 0.16071428571428573
6 0.9319196428571429 0.90625 0.13616071428571427 0.1875