8 0.8058035714285714 0.6116071428571429 0.052455357142857144 0.08147321428571429
8 0.8805803571428571 0.40401785714285715 0.05803571428571429 0.07924107142857142
8 0.4888392857142857 0.13727678571428573 0.05022321428571429 0.07254464285714286
8 0.43080357142857145 0.53125 0.05803571428571429 0.08705357142857142
12 0.025669642857142856 0.8147321428571429 0.03125 0.04575892857142857
12 0.15625 0.8805803571428571 0.024553571428571428 0.03794642857142857
12 0.5993303571428571 0.7779017857142857 0.024553571428571428 0.033482142857142856
12 0.7924107142857143 0.9553571428571429 0.029017857142857144 0.04352678571428571
12 0.6383928571428571 0.3247767857142857 0.029017857142857144 0.04352678571428571
12 0.7120535714285714 0.2533482142857143 0.024553571428571428 0.029017857142857144
12 0.7366071428571429 0.3247767857142857 0.018973214285714284 0.029017857142857144
12 0.8660714285714286 0.35714285714285715 0.021205357142857144 0.024553571428571428
12 0.5770089285714286 0.21316964285714285 0.018973214285714284 0.018973214285714284
12 0.234375 0.18526785714285715 0.021205357142857144 0.024553571428571428
12 0.5 0.9051339285714286 0.024553571428571428 0.029017857142857144
1 0.5055803571428571 0.26339285714285715 0.07254464285714286 0.09151785714285714
1 0.8883928571428571 0.12388392857142858 0.07254464285714286 0.07254464285714286
1 0.6886160714285714 0.34598214285714285 0.06473214285714286 0.09598214285714286
7 0.49888392857142855 0.4955357142857143 0.09151785714285714 0.12053571428571429
1 0.06361607142857142 0.6227678571428571 0.07254464285714286 0.10602678571428571