10 0.29910714285714285 0.18973214285714285 0.35825892857142855 0.3794642857142857
13 0.8727678571428571 0.12946428571428573 0.2544642857142857 0.25892857142857145
6 0.6395089285714286 0.16741071428571427 0.32254464285714285 0.33370535714285715
13 0.9229910714285714 0.2622767857142857 0.15401785714285715 0.23549107142857142
10 0.22098214285714285 0.8113839285714286 0.4419642857142857 0.37723214285714285
13 0.9386160714285714 0.9341517857142857 0.12276785714285714 0.13169642857142858
13 0.9319196428571429 0.8694196428571429 0.13616071428571427 0.23883928571428573
13 0.5491071428571429 0.8337053571428571 0.14174107142857142 0.22544642857142858
13 0.8147321428571429 0.8850446428571429 0.21428571428571427 0.22991071428571427
13 0.5290178571428571 0.9430803571428571 0.10044642857142858 0.11272321428571429
6 0.6540178571428571 0.5948660714285714 0.35044642857142855 0.43080357142857145
13 0.640625 0.8917410714285714 0.21428571428571427 0.21651785714285715
13 0.8984375 0.4720982142857143 0.203125 0.18526785714285715
13 0.8850446428571429 0.6395089285714286 0.22991071428571427 0.24330357142857142