12 0.5982142857142857 0.49776785714285715 0.033482142857142856 0.04352678571428571
12 0.7276785714285714 0.22321428571428573 0.024553571428571428 0.03794642857142857
12 0.9441964285714286 0.29575892857142855 0.024553571428571428 0.029017857142857144
12 0.9832589285714286 0.6439732142857143 0.024553571428571428 0.04352678571428571
12 0.9308035714285714 0.984375 0.029017857142857144 0.03125
12 0.5022321428571429 0.4375 0.029017857142857144 0.03794642857142857
12 0.40625 0.8136160714285714 0.024553571428571428 0.033482142857142856
12 0.14508928571428573 0.796875 0.024553571428571428 0.03794642857142857
12 0.40401785714285715 0.9598214285714286 0.021205357142857144 0.03571428571428571
12 0.6450892857142857 0.32589285714285715 0.018973214285714284 0.033482142857142856
1 0.5613839285714286 0.44642857142857145 0.06696428571428571 0.09151785714285714
1 0.9821428571428571 0.34933035714285715 0.03571428571428571 0.07700892857142858
1 0.8337053571428571 0.09598214285714286 0.07254464285714286 0.08705357142857142
1 0.4341517857142857 0.09821428571428571 0.0625 0.09151785714285714
1 0.4732142857142857 0.40066964285714285 0.06696428571428571 0.09151785714285714
1 0.15178571428571427 0.25111607142857145 0.06696428571428571 0.09151785714285714
1 0.08035714285714286 0.11272321428571429 0.05803571428571429 0.08705357142857142
1 0.05580357142857143 0.234375 0.07254464285714286 0.08147321428571429
1 0.05022321428571429 0.7165178571428571 0.0625 0.09598214285714286
1 0.5747767857142857 0.18415178571428573 0.08147321428571429 0.07700892857142858
1 0.7745535714285714 0.0625 0.06696428571428571 0.07924107142857142
1 0.9441964285714286 0.3950892857142857 0.06696428571428571 0.08147321428571429
1 0.7444196428571429 0.49776785714285715 0.06696428571428571 0.08147321428571429
1 0.7712053571428571 0.31808035714285715 0.06473214285714286 0.08147321428571429
1 0.6964285714285714 0.44308035714285715 0.06696428571428571 0.08147321428571429
1 0.16294642857142858 0.13950892857142858 0.07477678571428571 0.08705357142857142
11 0.7522321428571429 0.9151785714285714 0.05803571428571429 0.08928571428571429
17 0.6004464285714286 0.6919642857142857 0.06696428571428571 0.09375
11 0.375 0.38058035714285715 0.06696428571428571 0.08147321428571429