13 0.21428571428571427 0.060267857142857144 0.28348214285714285 0.12053571428571429
13 0.5479910714285714 0.06808035714285714 0.060267857142857144 0.13616071428571427
12 0.3638392857142857 0.041294642857142856 0.08928571428571429 0.08147321428571429
0 0.19419642857142858 0.17633928571428573 0.38839285714285715 0.32142857142857145
13 0.4497767857142857 0.203125 0.26004464285714285 0.27120535714285715
12 0.9408482142857143 0.2767857142857143 0.09598214285714286 0.08928571428571429
13 0.8783482142857143 0.11607142857142858 0.24330357142857142 0.23214285714285715
13 0.6674107142857143 0.10044642857142858 0.17857142857142858 0.20089285714285715
3 0.7678571428571429 0.22879464285714285 0.37723214285714285 0.22098214285714285
3 0.22321428571428573 0.7756696428571429 0.44642857142857145 0.4486607142857143
0 0.7890625 0.7678571428571429 0.421875 0.4642857142857143