15 0.8504464285714286 0.2544642857142857 0.08147321428571429 0.06696428571428571
15 0.6261160714285714 0.16852678571428573 0.07924107142857142 0.060267857142857144
15 0.7857142857142857 0.046875 0.08147321428571429 0.06696428571428571
15 0.5178571428571429 0.109375 0.09151785714285714 0.07254464285714286
15 0.3247767857142857 0.12276785714285714 0.07924107142857142 0.060267857142857144
15 0.28236607142857145 0.16741071428571427 0.07254464285714286 0.0625
15 0.3325892857142857 0.19866071428571427 0.07254464285714286 0.05803571428571429
15 0.10825892857142858 0.19866071428571427 0.08147321428571429 0.05803571428571429
15 0.05580357142857143 0.22209821428571427 0.08147321428571429 0.0625
15 0.04352678571428571 0.17522321428571427 0.07254464285714286 0.05803571428571429
15 0.15959821428571427 0.0625 0.11272321428571429 0.07700892857142858
15 0.3314732142857143 0.27566964285714285 0.08147321428571429 0.060267857142857144
15 0.15848214285714285 0.45200892857142855 0.11272321428571429 0.07700892857142858
15 0.25892857142857145 0.4732142857142857 0.07700892857142858 0.06473214285714286
15 0.31138392857142855 0.38950892857142855 0.07254464285714286 0.05803571428571429
15 0.6026785714285714 0.3158482142857143 0.11272321428571429 0.07700892857142858
15 0.5535714285714286 0.28683035714285715 0.11272321428571429 0.07700892857142858
15 0.5959821428571429 0.4732142857142857 0.07477678571428571 0.05803571428571429
15 0.7756696428571429 0.4341517857142857 0.08928571428571429 0.0625
15 0.7209821428571429 0.3169642857142857 0.11272321428571429 0.07700892857142858
15 0.7622767857142857 0.16071428571428573 0.11272321428571429 0.07700892857142858
15 0.6160714285714286 0.5870535714285714 0.07700892857142858 0.06696428571428571
15 0.42075892857142855 0.6540178571428571 0.08147321428571429 0.05803571428571429
15 0.4375 0.6037946428571429 0.07254464285714286 0.060267857142857144
15 0.6194196428571429 0.7198660714285714 0.11272321428571429 0.07700892857142858
15 0.6216517857142857 0.765625 0.11272321428571429 0.07700892857142858
15 0.6964285714285714 0.7399553571428571 0.11272321428571429 0.07700892857142858
15 0.6741071428571429 0.6361607142857143 0.09151785714285714 0.06696428571428571
15 0.5100446428571429 0.8850446428571429 0.08370535714285714 0.06473214285714286
15 0.31473214285714285 0.8582589285714286 0.11272321428571429 0.07924107142857142
15 0.28348214285714285 0.9375 0.11272321428571429 0.07700892857142858
15 0.052455357142857144 0.9051339285714286 0.10491071428571429 0.078125
15 0.08147321428571429 0.9676339285714286 0.11272321428571429 0.0625
15 0.546875 0.9620535714285714 0.07700892857142858 0.0625
15 0.6439732142857143 0.9631696428571429 0.09598214285714286 0.05803571428571429
15 0.6305803571428571 0.8962053571428571 0.09598214285714286 0.07700892857142858
8 0.8147321428571429 0.8738839285714286 0.08705357142857142 0.06473214285714286
15 0.17522321428571427 0.953125 0.11272321428571429 0.07700892857142858
15 0.026785714285714284 0.7712053571428571 0.052455357142857144 0.07700892857142858
15 0.25 0.6752232142857143 0.08370535714285714 0.060267857142857144
15 0.2544642857142857 0.6060267857142857 0.09151785714285714 0.06696428571428571
15 0.32700892857142855 0.5569196428571429 0.11272321428571429 0.07700892857142858
15 0.19642857142857142 0.5200892857142857 0.11272321428571429 0.07700892857142858
15 0.060267857142857144 0.6104910714285714 0.11272321428571429 0.07700892857142858
15 0.9162946428571429 0.03794642857142857 0.11383928571428571 0.07589285714285714
15 0.9508928571428571 0.3794642857142857 0.09598214285714286 0.07700892857142858
15 0.7957589285714286 0.7466517857142857 0.11272321428571429 0.07924107142857142
15 0.8660714285714286 0.7455357142857143 0.11272321428571429 0.07700892857142858
15 0.9229910714285714 0.7120535714285714 0.11272321428571429 0.07700892857142858
2 0.8180803571428571 0.5189732142857143 0.09598214285714286 0.06919642857142858
1 0.5345982142857143 0.6752232142857143 0.08370535714285714 0.06696428571428571
1 0.4174107142857143 0.44754464285714285 0.08370535714285714 0.05803571428571429
2 0.10602678571428571 0.42410714285714285 0.07700892857142858 0.05803571428571429