2 0.06138392857142857 0.6830357142857143 0.12276785714285714 0.10044642857142858
2 0.09151785714285714 0.05915178571428571 0.11272321428571429 0.07700892857142858
2 0.10491071428571429 0.35044642857142855 0.11272321428571429 0.07700892857142858
2 0.17633928571428573 0.9308035714285714 0.11272321428571429 0.07700892857142858
2 0.21316964285714285 0.6082589285714286 0.11272321428571429 0.07700892857142858
2 0.21875 0.36049107142857145 0.11272321428571429 0.07700892857142858
2 0.23549107142857142 0.7645089285714286 0.11272321428571429 0.07924107142857142
2 0.23660714285714285 0.09375 0.12053571428571429 0.08705357142857142
2 0.23549107142857142 0.2700892857142857 0.11272321428571429 0.07700892857142858
2 0.2611607142857143 0.5457589285714286 0.11272321428571429 0.07700892857142858
2 0.34375 0.5736607142857143 0.11272321428571429 0.07700892857142858
2 0.3314732142857143 0.7857142857142857 0.11272321428571429 0.07700892857142858
2 0.36941964285714285 0.17745535714285715 0.11272321428571429 0.07700892857142858
2 0.43191964285714285 0.11383928571428571 0.11272321428571429 0.07700892857142858
2 0.43526785714285715 0.45200892857142855 0.11272321428571429 0.07700892857142858
2 0.4497767857142857 0.19754464285714285 0.11272321428571429 0.07700892857142858
2 0.47433035714285715 0.8058035714285714 0.11272321428571429 0.07700892857142858
2 0.49107142857142855 0.9341517857142857 0.11272321428571429 0.07700892857142858
2 0.5256696428571429 0.34375 0.11272321428571429 0.07700892857142858
2 0.59375 0.32924107142857145 0.11272321428571429 0.07700892857142858
2 0.6283482142857143 0.14174107142857142 0.11272321428571429 0.07700892857142858
2 0.6417410714285714 0.7488839285714286 0.11272321428571429 0.07700892857142858
2 0.6506696428571429 0.05133928571428571 0.11272321428571429 0.07700892857142858
2 0.6618303571428571 0.4174107142857143 0.11272321428571429 0.07700892857142858
2 0.7131696428571429 0.7433035714285714 0.12053571428571429 0.08705357142857142
2 0.71875 0.5691964285714286 0.11272321428571429 0.07700892857142858
2 0.7243303571428571 0.49330357142857145 0.11272321428571429 0.07700892857142858
2 0.7388392857142857 0.17633928571428573 0.11272321428571429 0.07700892857142858
2 0.7466517857142857 0.6529017857142857 0.11272321428571429 0.07700892857142858
2 0.7723214285714286 0.37611607142857145 0.11272321428571429 0.07700892857142858
2 0.8236607142857143 0.10491071428571429 0.11272321428571429 0.07700892857142858
2 0.8348214285714286 0.25669642857142855 0.11272321428571429 0.07700892857142858
2 0.8549107142857143 0.16071428571428573 0.11272321428571429 0.07700892857142858
2 0.8470982142857143 0.4966517857142857 0.11272321428571429 0.07700892857142858
2 0.8493303571428571 0.3549107142857143 0.11272321428571429 0.07700892857142858
2 0.8783482142857143 0.7354910714285714 0.11272321428571429 0.07700892857142858
14 0.9174107142857143 0.25 0.08705357142857142 0.06696428571428571
12 0.7845982142857143 0.029017857142857144 0.04575892857142857 0.033482142857142856
12 0.9185267857142857 0.11160714285714286 0.04352678571428571 0.03125