16 0.43526785714285715 0.09598214285714286 0.07254464285714286 0.09151785714285714
16 0.7689732142857143 0.45535714285714285 0.06696428571428571 0.08705357142857142
16 0.8113839285714286 0.5212053571428571 0.06696428571428571 0.08705357142857142
16 0.9051339285714286 0.3404017857142857 0.07254464285714286 0.07924107142857142
16 0.9709821428571429 0.3091517857142857 0.05803571428571429 0.09151785714285714
16 0.6428571428571429 0.5524553571428571 0.0625 0.06919642857142858
16 0.5814732142857143 0.7723214285714286 0.07700892857142858 0.09151785714285714
16 0.6350446428571429 0.9397321428571429 0.07254464285714286 0.10044642857142858
16 0.39174107142857145 0.6819196428571429 0.06473214285714286 0.08370535714285714
16 0.41517857142857145 0.8113839285714286 0.06473214285714286 0.09151785714285714
16 0.036830357142857144 0.6316964285714286 0.07254464285714286 0.10044642857142858
16 0.020089285714285716 0.8136160714285714 0.03794642857142857 0.08928571428571429
16 0.12053571428571429 0.9520089285714286 0.0625 0.07924107142857142
16 0.13058035714285715 0.5122767857142857 0.06919642857142858 0.09375
16 0.3627232142857143 0.4799107142857143 0.06696428571428571 0.09821428571428571
16 0.43638392857142855 0.49888392857142855 0.06696428571428571 0.10379464285714286
11 0.5524553571428571 0.04799107142857143 0.0625 0.09598214285714286
16 0.9408482142857143 0.13950892857142858 0.0625 0.09598214285714286
16 0.32142857142857145 0.046875 0.06473214285714286 0.08147321428571429
16 0.109375 0.328125 0.06696428571428571 0.08147321428571429
16 0.16852678571428573 0.7053571428571429 0.07254464285714286 0.10044642857142858
16 0.30357142857142855 0.12946428571428573 0.06473214285714286 0.08705357142857142
16 0.19754464285714285 0.18638392857142858 0.0625 0.09151785714285714
13 0.21428571428571427 0.9464285714285714 0.07477678571428571 0.09598214285714286
13 0.26674107142857145 0.9564732142857143 0.07254464285714286 0.08705357142857142
13 0.34933035714285715 0.8560267857142857 0.06696428571428571 0.09598214285714286
11 0.09263392857142858 0.7209821428571429 0.07254464285714286 0.09151785714285714
13 0.29910714285714285 0.6383928571428571 0.07254464285714286 0.08370535714285714
13 0.25669642857142855 0.41517857142857145 0.07700892857142858 0.11272321428571429
16 0.3716517857142857 0.14508928571428573 0.06696428571428571 0.10044642857142858
5 0.6238839285714286 0.38950892857142855 0.07254464285714286 0.09598214285714286
13 0.7276785714285714 0.6227678571428571 0.06473214285714286 0.09598214285714286
13 0.7388392857142857 0.7310267857142857 0.06696428571428571 0.08147321428571429
13 0.6595982142857143 0.7254464285714286 0.06696428571428571 0.09151785714285714
13 0.9319196428571429 0.7154017857142857 0.07254464285714286 0.09598214285714286
13 0.8761160714285714 0.9464285714285714 0.0625 0.08147321428571429
13 0.9151785714285714 0.9285714285714286 0.0625 0.09151785714285714
13 0.9229910714285714 0.8348214285714286 0.07254464285714286 0.09151785714285714
13 0.9196428571428571 0.609375 0.06696428571428571 0.09598214285714286
13 0.9709821428571429 0.5334821428571429 0.05803571428571429 0.09598214285714286
13 0.8504464285714286 0.6071428571428571 0.07700892857142858 0.10044642857142858
15 0.8973214285714286 0.43191964285714285 0.06696428571428571 0.08705357142857142
13 0.828125 0.28794642857142855 0.07254464285714286 0.09598214285714286
13 0.90625 0.06473214285714286 0.06696428571428571 0.08370535714285714
13 0.8805803571428571 0.09598214285714286 0.06696428571428571 0.09151785714285714
13 0.8058035714285714 0.06584821428571429 0.06696428571428571 0.08370535714285714
14 0.7555803571428571 0.3627232142857143 0.07254464285714286 0.07700892857142858
12 0.24330357142857142 0.18861607142857142 0.024553571428571428 0.033482142857142856
12 0.2689732142857143 0.1875 0.014508928571428572 0.021205357142857144
12 0.40066964285714285 0.033482142857142856 0.016741071428571428 0.024553571428571428
12 0.25 0.04799107142857143 0.014508928571428572 0.018973214285714284