13 0.9029017857142857 0.13504464285714285 0.19419642857142858 0.26450892857142855
13 0.5368303571428571 0.020089285714285716 0.23883928571428573 0.04017857142857143
13 0.9196428571428571 0.9732142857142857 0.15625 0.052455357142857144
13 0.7522321428571429 0.36160714285714285 0.22879464285714285 0.21205357142857142
13 0.060267857142857144 0.10602678571428571 0.12053571428571429 0.20647321428571427
13 0.5200892857142857 0.9598214285714286 0.21428571428571427 0.07477678571428571
13 0.7511160714285714 0.6852678571428571 0.24330357142857142 0.20200892857142858
13 0.1875 0.03794642857142857 0.22767857142857142 0.07589285714285714
13 0.28348214285714285 0.6495535714285714 0.22879464285714285 0.22879464285714285
13 0.26785714285714285 0.8013392857142857 0.23102678571428573 0.20424107142857142
6 0.49888392857142855 0.49441964285714285 0.35825892857142855 0.4107142857142857
13 0.47544642857142855 0.8102678571428571 0.20424107142857142 0.24330357142857142
13 0.640625 0.7377232142857143 0.20870535714285715 0.1875
13 0.13392857142857142 0.9285714285714286 0.21428571428571427 0.14174107142857142
13 0.9051339285714286 0.5457589285714286 0.17745535714285715 0.20870535714285715
13 0.703125 0.9129464285714286 0.23325892857142858 0.17299107142857142
13 0.2935267857142857 0.20982142857142858 0.24776785714285715 0.22321428571428573
13 0.8895089285714286 0.8571428571428571 0.21651785714285715 0.20424107142857142
13 0.8694196428571429 0.36160714285714285 0.21205357142857142 0.18080357142857142
13 0.6964285714285714 0.109375 0.23102678571428573 0.21875
13 0.24107142857142858 0.4174107142857143 0.21205357142857142 0.21205357142857142
13 0.09598214285714286 0.6785714285714286 0.19196428571428573 0.21205357142857142