13 0.9776785714285714 0.15959821428571427 0.044642857142857144 0.20758928571428573
13 0.9564732142857143 0.9520089285714286 0.08705357142857142 0.09598214285714286
13 0.3325892857142857 0.9854910714285714 0.21875 0.029017857142857144
13 0.5334821428571429 0.8270089285714286 0.26674107142857145 0.24776785714285715
13 0.7477678571428571 0.9732142857142857 0.21651785714285715 0.052455357142857144
12 0.030133928571428572 0.22767857142857142 0.060267857142857144 0.07924107142857142
13 0.9475446428571429 0.38504464285714285 0.10044642857142858 0.23995535714285715
13 0.109375 0.9542410714285714 0.21875 0.08147321428571429
13 0.265625 0.6551339285714286 0.20870535714285715 0.24776785714285715
13 0.8470982142857143 0.03794642857142857 0.22544642857142858 0.07589285714285714
13 0.8716517857142857 0.8448660714285714 0.22544642857142858 0.24553571428571427
13 0.8839285714285714 0.5636160714285714 0.22879464285714285 0.21651785714285715
13 0.23772321428571427 0.15401785714285715 0.23102678571428573 0.23325892857142858
13 0.17522321428571427 0.8325892857142857 0.20647321428571427 0.18973214285714285
13 0.36495535714285715 0.8839285714285714 0.19196428571428573 0.16852678571428573
13 0.13169642857142858 0.375 0.23102678571428573 0.23325892857142858
13 0.44308035714285715 0.21986607142857142 0.21875 0.22544642857142858
13 0.8136160714285714 0.18973214285714285 0.21205357142857142 0.22544642857142858
13 0.6272321428571429 0.2700892857142857 0.19419642857142858 0.21651785714285715
0 0.5 0.5368303571428571 0.42299107142857145 0.4732142857142857