15 0.42857142857142855 0.9118303571428571 0.11272321428571429 0.07700892857142858
15 0.49888392857142855 0.8102678571428571 0.07924107142857142 0.06696428571428571
15 0.2622767857142857 0.8303571428571429 0.07477678571428571 0.05580357142857143
15 0.05580357142857143 0.9654017857142857 0.11049107142857142 0.06919642857142858
15 0.15959821428571427 0.7232142857142857 0.08705357142857142 0.05803571428571429
15 0.19642857142857142 0.6082589285714286 0.06696428571428571 0.05803571428571429
15 0.26004464285714285 0.6272321428571429 0.07254464285714286 0.0625
15 0.3236607142857143 0.6350446428571429 0.07924107142857142 0.05803571428571429
15 0.04799107142857143 0.5412946428571429 0.09598214285714286 0.07700892857142858
15 0.17745535714285715 0.024553571428571428 0.06696428571428571 0.04799107142857143
15 0.23549107142857142 0.04799107142857143 0.06696428571428571 0.05803571428571429
15 0.05357142857142857 0.12946428571428573 0.10714285714285714 0.07589285714285714
15 0.16629464285714285 0.171875 0.09151785714285714 0.05580357142857143
15 0.25 0.24553571428571427 0.08370535714285714 0.0625
15 0.3013392857142857 0.21316964285714285 0.07477678571428571 0.0625
15 0.34151785714285715 0.23325892857142858 0.07700892857142858 0.05803571428571429
15 0.33482142857142855 0.171875 0.06696428571428571 0.052455357142857144
15 0.45424107142857145 0.19196428571428573 0.07477678571428571 0.05803571428571429
15 0.48995535714285715 0.03459821428571429 0.09151785714285714 0.0625
15 0.5691964285714286 0.19642857142857142 0.07924107142857142 0.05803571428571429
15 0.7020089285714286 0.30245535714285715 0.09598214285714286 0.0625
15 0.6752232142857143 0.27455357142857145 0.07700892857142858 0.05580357142857143
15 0.7845982142857143 0.29017857142857145 0.07700892857142858 0.06696428571428571
15 0.8236607142857143 0.24553571428571427 0.08705357142857142 0.07700892857142858
15 0.8705357142857143 0.20535714285714285 0.08705357142857142 0.05803571428571429
15 0.5055803571428571 0.41183035714285715 0.11272321428571429 0.07700892857142858
15 0.45089285714285715 0.4029017857142857 0.08147321428571429 0.0625
15 0.39955357142857145 0.42299107142857145 0.08147321428571429 0.05580357142857143
15 0.5691964285714286 0.6350446428571429 0.08147321428571429 0.05803571428571429
15 0.6529017857142857 0.6941964285714286 0.07700892857142858 0.05580357142857143
15 0.5178571428571429 0.7589285714285714 0.07924107142857142 0.05580357142857143
15 0.7700892857142857 0.90625 0.07700892857142858 0.052455357142857144
15 0.6272321428571429 0.8649553571428571 0.11272321428571429 0.07924107142857142
15 0.7756696428571429 0.8582589285714286 0.08705357142857142 0.05803571428571429
15 0.8392857142857143 0.8314732142857143 0.07254464285714286 0.060267857142857144
15 0.90625 0.6975446428571429 0.08147321428571429 0.05803571428571429
15 0.9553571428571429 0.12611607142857142 0.08928571428571429 0.07924107142857142
15 0.8325892857142857 0.08482142857142858 0.08370535714285714 0.052455357142857144
8 0.29575892857142855 0.6819196428571429 0.06919642857142858 0.05803571428571429
8 0.6428571428571429 0.3404017857142857 0.07924107142857142 0.052455357142857144
8 0.6930803571428571 0.43526785714285715 0.08147321428571429 0.060267857142857144
15 0.3939732142857143 0.203125 0.11272321428571429 0.07700892857142858
15 0.41294642857142855 0.15401785714285715 0.08705357142857142 0.060267857142857144
2 0.21316964285714285 0.8705357142857143 0.09598214285714286 0.05803571428571429
1 0.9073660714285714 0.5111607142857143 0.09151785714285714 0.05803571428571429
1 0.6350446428571429 0.7544642857142857 0.07700892857142858 0.05803571428571429
1 0.71875 0.9709821428571429 0.10044642857142858 0.05803571428571429
14 0.5602678571428571 0.5279017857142857 0.07700892857142858 0.0625