18 0.6651785714285714 0.3783482142857143 0.09598214285714286 0.08705357142857142
12 0.7700892857142857 0.6830357142857143 0.03794642857142857 0.029017857142857144
12 0.7310267857142857 0.7008928571428571 0.03794642857142857 0.021205357142857144
12 0.5535714285714286 0.5424107142857143 0.029017857142857144 0.016741071428571428
12 0.3325892857142857 0.6774553571428571 0.033482142857142856 0.026785714285714284
12 0.3002232142857143 0.6607142857142857 0.026785714285714284 0.021205357142857144
12 0.13950892857142858 0.28236607142857145 0.04352678571428571 0.029017857142857144
12 0.7176339285714286 0.24107142857142858 0.029017857142857144 0.024553571428571428
12 0.7332589285714286 0.45424107142857145 0.018973214285714284 0.016741071428571428
12 0.7321428571428571 0.9665178571428571 0.029017857142857144 0.024553571428571428
12 0.9508928571428571 0.7834821428571429 0.024553571428571428 0.021205357142857144
12 0.9564732142857143 0.42410714285714285 0.026785714285714284 0.024553571428571428
12 0.28013392857142855 0.17075892857142858 0.026785714285714284 0.018973214285714284
12 0.21651785714285715 0.05580357142857143 0.04352678571428571 0.024553571428571428
16 0.5412946428571429 0.34263392857142855 0.07700892857142858 0.07254464285714286
1 0.3482142857142857 0.056919642857142856 0.09375 0.06919642857142858
1 0.5915178571428571 0.28794642857142855 0.07477678571428571 0.07254464285714286
1 0.6417410714285714 0.23214285714285715 0.08705357142857142 0.060267857142857144
1 0.6183035714285714 0.7299107142857143 0.09598214285714286 0.07700892857142858
1 0.9542410714285714 0.9174107142857143 0.08705357142857142 0.06473214285714286