16 0.3794642857142857 0.875 0.09151785714285714 0.06696428571428571
16 0.6049107142857143 0.8348214285714286 0.10602678571428571 0.07700892857142858
16 0.8571428571428571 0.6060267857142857 0.09598214285714286 0.06696428571428571
16 0.46986607142857145 0.31808035714285715 0.09598214285714286 0.08147321428571429
16 0.2845982142857143 0.8191964285714286 0.08928571428571429 0.060267857142857144
13 0.609375 0.6004464285714286 0.07254464285714286 0.060267857142857144
14 0.8013392857142857 0.7287946428571429 0.06696428571428571 0.060267857142857144
13 0.9330357142857143 0.5256696428571429 0.07700892857142858 0.05803571428571429
11 0.8214285714285714 0.3125 0.09151785714285714 0.0625
11 0.6863839285714286 0.07589285714285714 0.07700892857142858 0.07700892857142858
15 0.37276785714285715 0.7243303571428571 0.08147321428571429 0.0625
13 0.8928571428571429 0.025669642857142856 0.08928571428571429 0.05022321428571429
13 0.9575892857142857 0.15513392857142858 0.08147321428571429 0.06696428571428571
13 0.9676339285714286 0.22433035714285715 0.06473214285714286 0.07254464285714286
13 0.8727678571428571 0.22321428571428573 0.09151785714285714 0.06696428571428571
13 0.8147321428571429 0.15625 0.09151785714285714 0.06919642857142858
13 0.6194196428571429 0.029017857142857144 0.08928571428571429 0.05803571428571429
13 0.5524553571428571 0.10044642857142858 0.08928571428571429 0.07700892857142858
13 0.5178571428571429 0.04017857142857143 0.08705357142857142 0.0625
13 0.6205357142857143 0.14732142857142858 0.09375 0.07254464285714286
13 0.5870535714285714 0.21540178571428573 0.09598214285714286 0.06696428571428571
13 0.5491071428571429 0.2779017857142857 0.09151785714285714 0.0625
13 0.7712053571428571 0.2544642857142857 0.09151785714285714 0.06696428571428571
5 0.7276785714285714 0.32254464285714285 0.08705357142857142 0.06696428571428571
13 0.9017857142857143 0.3325892857142857 0.08705357142857142 0.0625
7 0.9241071428571429 0.3950892857142857 0.11049107142857142 0.08705357142857142
15 0.8325892857142857 0.4017857142857143 0.07254464285714286 0.052455357142857144
13 0.6205357142857143 0.3549107142857143 0.08147321428571429 0.06473214285714286
13 0.6975446428571429 0.3939732142857143 0.09151785714285714 0.05803571428571429
13 0.7745535714285714 0.3950892857142857 0.08370535714285714 0.060267857142857144
13 0.7779017857142857 0.4810267857142857 0.08705357142857142 0.0625
13 0.8783482142857143 0.47098214285714285 0.08705357142857142 0.0625
13 0.6618303571428571 0.5223214285714286 0.08147321428571429 0.05580357142857143
13 0.734375 0.5602678571428571 0.10044642857142858 0.06473214285714286
8 0.6930803571428571 0.6227678571428571 0.07254464285714286 0.05803571428571429
13 0.5145089285714286 0.4642857142857143 0.08705357142857142 0.07254464285714286
13 0.8303571428571429 0.6696428571428571 0.09598214285714286 0.06473214285714286
13 0.9464285714285714 0.5870535714285714 0.08928571428571429 0.05803571428571429
13 0.8404017857142857 0.8493303571428571 0.08147321428571429 0.05580357142857143
13 0.7790178571428571 0.7946428571428571 0.08705357142857142 0.08147321428571429
13 0.7042410714285714 0.8247767857142857 0.09151785714285714 0.06919642857142858
13 0.7165178571428571 0.8995535714285714 0.08928571428571429 0.07700892857142858
13 0.8058035714285714 0.90625 0.08705357142857142 0.06696428571428571
13 0.8783482142857143 0.9720982142857143 0.10044642857142858 0.05580357142857143
13 0.6707589285714286 0.9698660714285714 0.09598214285714286 0.060267857142857144
15 0.5904017857142857 0.703125 0.07700892857142858 0.05803571428571429
13 0.6205357142857143 0.7689732142857143 0.07700892857142858 0.0625
13 0.53125 0.7667410714285714 0.08705357142857142 0.06696428571428571
13 0.46316964285714285 0.8136160714285714 0.08705357142857142 0.07254464285714286
13 0.5245535714285714 0.5892857142857143 0.08147321428571429 0.07254464285714286
13 0.5267857142857143 0.5357142857142857 0.07700892857142858 0.0625
13 0.5301339285714286 0.3783482142857143 0.07254464285714286 0.05803571428571429
13 0.4263392857142857 0.46986607142857145 0.08147321428571429 0.0625
13 0.4185267857142857 0.5479910714285714 0.09151785714285714 0.0625
13 0.44642857142857145 0.6607142857142857 0.09598214285714286 0.06696428571428571
13 0.38504464285714285 0.6104910714285714 0.07700892857142858 0.06696428571428571
13 0.33482142857142855 0.5167410714285714 0.08705357142857142 0.060267857142857144
13 0.25 0.45982142857142855 0.08147321428571429 0.06696428571428571
13 0.3013392857142857 0.6049107142857143 0.08147321428571429 0.07254464285714286
13 0.23549107142857142 0.5591517857142857 0.09151785714285714 0.06696428571428571
13 0.16071428571428573 0.6138392857142857 0.09598214285714286 0.07254464285714286
13 0.15513392857142858 0.5290178571428571 0.08928571428571429 0.07254464285714286
13 0.23660714285714285 0.6517857142857143 0.09598214285714286 0.07700892857142858
13 0.296875 0.6975446428571429 0.09598214285714286 0.07254464285714286
13 0.16294642857142858 0.7321428571428571 0.08928571428571429 0.07254464285714286
11 0.15959821428571427 0.8069196428571429 0.07700892857142858 0.07254464285714286
15 0.19196428571428573 0.8705357142857143 0.07700892857142858 0.06919642857142858
13 0.4654017857142857 0.9196428571428571 0.10379464285714286 0.07700892857142858
13 0.3404017857142857 0.9698660714285714 0.09375 0.060267857142857144
13 0.29017857142857145 0.9185267857142857 0.09151785714285714 0.06696428571428571
13 0.20535714285714285 0.9520089285714286 0.09151785714285714 0.060267857142857144
13 0.37723214285714285 0.8058035714285714 0.09598214285714286 0.06473214285714286
13 0.4174107142857143 0.7522321428571429 0.07700892857142858 0.06473214285714286
13 0.04017857142857143 0.8225446428571429 0.07924107142857142 0.07254464285714286
13 0.05915178571428571 0.8683035714285714 0.08705357142857142 0.060267857142857144
16 0.15736607142857142 0.3482142857142857 0.09375 0.07700892857142858
13 0.31361607142857145 0.28013392857142855 0.09151785714285714 0.06696428571428571
13 0.23883928571428573 0.31808035714285715 0.07700892857142858 0.0625
13 0.24776785714285715 0.19196428571428573 0.09598214285714286 0.07254464285714286
13 0.24776785714285715 0.10379464285714286 0.09821428571428571 0.07254464285714286
8 0.4029017857142857 0.27901785714285715 0.07254464285714286 0.052455357142857144
8 0.3861607142857143 0.33705357142857145 0.06473214285714286 0.05580357142857143
13 0.16071428571428573 0.12053571428571429 0.08370535714285714 0.0625
13 0.3627232142857143 0.10044642857142858 0.09598214285714286 0.07254464285714286
13 0.4263392857142857 0.16071428571428573 0.09151785714285714 0.0625
13 0.4654017857142857 0.09040178571428571 0.08705357142857142 0.0625
13 0.7522321428571429 0.027901785714285716 0.08705357142857142 0.05580357142857143
13 0.10491071428571429 0.23883928571428573 0.09598214285714286 0.07477678571428571
13 0.07254464285714286 0.06473214285714286 0.08147321428571429 0.06919642857142858
13 0.24776785714285715 0.7555803571428571 0.08705357142857142 0.06473214285714286
13 0.65625 0.6997767857142857 0.08705357142857142 0.07254464285714286
13 0.3314732142857143 0.40513392857142855 0.08370535714285714 0.0625
13 0.9352678571428571 0.6986607142857143 0.11272321428571429 0.07924107142857142
13 0.9564732142857143 0.7756696428571429 0.08705357142857142 0.07924107142857142