18 0.8604910714285714 0.23883928571428573 0.07700892857142858 0.09598214285714286
7 0.46986607142857145 0.29799107142857145 0.07700892857142858 0.11272321428571429
11 0.5982142857142857 0.9308035714285714 0.060267857142857144 0.09375
14 0.44419642857142855 0.8504464285714286 0.06696428571428571 0.09151785714285714
8 0.2779017857142857 0.125 0.0625 0.09375
13 0.11272321428571429 0.23772321428571427 0.07700892857142858 0.11272321428571429
11 0.34933035714285715 0.7354910714285714 0.07924107142857142 0.08928571428571429
13 0.22879464285714285 0.7991071428571429 0.07477678571428571 0.10044642857142858
13 0.7377232142857143 0.3716517857142857 0.06696428571428571 0.09598214285714286
13 0.5982142857142857 0.27566964285714285 0.07700892857142858 0.11272321428571429
11 0.6540178571428571 0.8716517857142857 0.08147321428571429 0.09151785714285714
11 0.5357142857142857 0.6283482142857143 0.07700892857142858 0.11272321428571429
13 0.7354910714285714 0.8314732142857143 0.07924107142857142 0.10044642857142858
13 0.27566964285714285 0.4174107142857143 0.07700892857142858 0.11272321428571429
13 0.31138392857142855 0.49330357142857145 0.07254464285714286 0.09598214285714286
12 0.4263392857142857 0.17633928571428573 0.029017857142857144 0.04575892857142857
12 0.8604910714285714 0.13058035714285715 0.03571428571428571 0.052455357142857144
14 0.8738839285714286 0.8705357142857143 0.08147321428571429 0.09151785714285714