17 0.7008928571428571 0.19754464285714285 0.08705357142857142 0.11495535714285714
7 0.5636160714285714 0.31808035714285715 0.08147321428571429 0.10602678571428571
7 0.390625 0.06473214285714286 0.09151785714285714 0.12946428571428573
7 0.20982142857142858 0.921875 0.09598214285714286 0.12276785714285714
7 0.34263392857142855 0.90625 0.09151785714285714 0.12946428571428573
13 0.5792410714285714 0.16629464285714285 0.07700892857142858 0.10602678571428571
7 0.4408482142857143 0.47098214285714285 0.07700892857142858 0.11272321428571429
13 0.12946428571428573 0.13392857142857142 0.08705357142857142 0.11495535714285714
15 0.9620535714285714 0.10044642857142858 0.07477678571428571 0.10044642857142858
11 0.6886160714285714 0.7901785714285714 0.09151785714285714 0.11272321428571429
12 0.38058035714285715 0.828125 0.03794642857142857 0.052455357142857144