15 0.32924107142857145 0.2924107142857143 0.11272321428571429 0.07700892857142858
15 0.31808035714285715 0.21540178571428573 0.11272321428571429 0.07700892857142858
15 0.27120535714285715 0.029017857142857144 0.08705357142857142 0.05803571428571429
15 0.041294642857142856 0.10602678571428571 0.07254464285714286 0.060267857142857144
15 0.44642857142857145 0.15625 0.08370535714285714 0.06696428571428571
15 0.5613839285714286 0.08035714285714286 0.08705357142857142 0.05803571428571429
15 0.8113839285714286 0.3325892857142857 0.07700892857142858 0.05580357142857143
15 0.8504464285714286 0.26674107142857145 0.08705357142857142 0.06696428571428571
15 0.7935267857142857 0.3872767857142857 0.07700892857142858 0.05803571428571429
15 0.71875 0.35825892857142855 0.08147321428571429 0.0625
15 0.5881696428571429 0.28683035714285715 0.06919642857142858 0.05803571428571429
15 0.6417410714285714 0.09375 0.11272321428571429 0.07700892857142858
15 0.484375 0.33035714285714285 0.07254464285714286 0.05803571428571429
15 0.4185267857142857 0.23883928571428573 0.11272321428571429 0.07700892857142858
15 0.38392857142857145 0.40736607142857145 0.11272321428571429 0.07700892857142858
15 0.6049107142857143 0.43973214285714285 0.08147321428571429 0.0625
15 0.24107142857142858 0.46763392857142855 0.11272321428571429 0.07700892857142858
15 0.16964285714285715 0.4252232142857143 0.08147321428571429 0.052455357142857144
15 0.15848214285714285 0.22433035714285715 0.11272321428571429 0.07700892857142858
15 0.2622767857142857 0.43080357142857145 0.11272321428571429 0.07700892857142858
15 0.37723214285714285 0.46763392857142855 0.11272321428571429 0.07700892857142858
15 0.36495535714285715 0.5825892857142857 0.07700892857142858 0.0625
15 0.27901785714285715 0.5 0.11272321428571429 0.07700892857142858
15 0.29799107142857145 0.5725446428571429 0.11272321428571429 0.07700892857142858
15 0.84375 0.8091517857142857 0.11272321428571429 0.07700892857142858
15 0.8214285714285714 0.75 0.11272321428571429 0.07924107142857142
15 0.7689732142857143 0.7098214285714286 0.07700892857142858 0.05803571428571429
15 0.8962053571428571 0.6897321428571429 0.08147321428571429 0.06473214285714286
15 0.8638392857142857 0.6060267857142857 0.08147321428571429 0.06473214285714286
15 0.8125 0.6149553571428571 0.11272321428571429 0.07700892857142858
15 0.7310267857142857 0.6037946428571429 0.07700892857142858 0.060267857142857144
15 0.8258928571428571 0.6607142857142857 0.07254464285714286 0.052455357142857144
15 0.9006696428571429 0.47544642857142855 0.11272321428571429 0.07700892857142858
15 0.7790178571428571 0.5189732142857143 0.08370535714285714 0.05580357142857143
15 0.7020089285714286 0.7008928571428571 0.08147321428571429 0.0625
15 0.5814732142857143 0.8381696428571429 0.11272321428571429 0.07700892857142858
15 0.7600446428571429 0.9118303571428571 0.08147321428571429 0.0625
15 0.8247767857142857 0.9006696428571429 0.11272321428571429 0.07700892857142858
15 0.9207589285714286 0.9665178571428571 0.11272321428571429 0.06696428571428571
15 0.44754464285714285 0.7511160714285714 0.08370535714285714 0.052455357142857144
15 0.21875 0.6841517857142857 0.08928571428571429 0.05803571428571429
15 0.17857142857142858 0.6037946428571429 0.08147321428571429 0.060267857142857144
15 0.39285714285714285 0.828125 0.07700892857142858 0.05803571428571429
15 0.3470982142857143 0.9107142857142857 0.08705357142857142 0.060267857142857144
15 0.36830357142857145 0.96875 0.08147321428571429 0.05022321428571429
15 0.29464285714285715 0.9631696428571429 0.11160714285714286 0.07366071428571429
15 0.22879464285714285 0.9441964285714286 0.07254464285714286 0.05803571428571429
15 0.21763392857142858 0.8794642857142857 0.06696428571428571 0.052455357142857144
15 0.056919642857142856 0.8493303571428571 0.11272321428571429 0.07924107142857142
15 0.6540178571428571 0.9654017857142857 0.11272321428571429 0.06919642857142858
15 0.8348214285714286 0.05580357142857143 0.11272321428571429 0.07700892857142858
1 0.2845982142857143 0.7209821428571429 0.08370535714285714 0.07700892857142858
1 0.5412946428571429 0.23995535714285715 0.09598214285714286 0.0625
2 0.35044642857142855 0.140625 0.08147321428571429 0.07924107142857142