0 0.17410714285714285 0.4252232142857143 0.3482142857142857 0.32700892857142855
13 0.3950892857142857 0.3872767857142857 0.09375 0.22544642857142858
13 0.7689732142857143 0.078125 0.2935267857142857 0.15625
13 0.8895089285714286 0.5424107142857143 0.22098214285714285 0.09375
13 0.9051339285714286 0.390625 0.18973214285714285 0.24776785714285715
13 0.453125 0.23549107142857142 0.20870535714285715 0.23102678571428573
0 0.6919642857142857 0.3236607142857143 0.39955357142857145 0.4252232142857143
13 0.6529017857142857 0.5435267857142857 0.23772321428571427 0.09151785714285714
13 0.9118303571428571 0.17410714285714285 0.17522321428571427 0.23325892857142858
13 0.5200892857142857 0.07366071428571429 0.25669642857142855 0.14620535714285715
10 0.12723214285714285 0.7120535714285714 0.2544642857142857 0.24553571428571427
0 0.5892857142857143 0.7879464285714286 0.4810267857142857 0.39955357142857145