17 0.12723214285714285 0.42075892857142855 0.07700892857142858 0.11495535714285714
17 0.5658482142857143 0.8761160714285714 0.08705357142857142 0.12723214285714285
17 0.7912946428571429 0.14508928571428573 0.08705357142857142 0.125
7 0.46986607142857145 0.7042410714285714 0.09598214285714286 0.13169642857142858
15 0.29129464285714285 0.35714285714285715 0.07924107142857142 0.09821428571428571
7 0.07477678571428571 0.8861607142857143 0.08147321428571429 0.11495535714285714
7 0.8080357142857143 0.7834821428571429 0.09151785714285714 0.12276785714285714
13 0.6439732142857143 0.25 0.07924107142857142 0.10379464285714286
13 0.5870535714285714 0.12388392857142858 0.07700892857142858 0.10602678571428571
7 0.7979910714285714 0.8928571428571429 0.08705357142857142 0.11049107142857142
13 0.9553571428571429 0.20647321428571427 0.08147321428571429 0.11830357142857142
7 0.7075892857142857 0.4486607142857143 0.08928571428571429 0.11495535714285714
7 0.48995535714285715 0.10825892857142858 0.08705357142857142 0.12053571428571429
17 0.5658482142857143 0.7544642857142857 0.08928571428571429 0.11495535714285714