13 0.017857142857142856 0.7176339285714286 0.03571428571428571 0.26004464285714285
13 0.9698660714285714 0.04352678571428571 0.060267857142857144 0.08705357142857142
13 0.9520089285714286 0.16294642857142858 0.09598214285714286 0.21651785714285715
13 0.9185267857142857 0.36830357142857145 0.16294642857142858 0.2689732142857143
6 0.49776785714285715 0.44308035714285715 0.4564732142857143 0.44754464285714285
13 0.041294642857142856 0.3404017857142857 0.08147321428571429 0.23102678571428573
13 0.05022321428571429 0.9441964285714286 0.10044642857142858 0.11049107142857142
13 0.7555803571428571 0.6495535714285714 0.22321428571428573 0.21428571428571427
13 0.8236607142857143 0.19977678571428573 0.24330357142857142 0.22321428571428573
13 0.6417410714285714 0.08147321428571429 0.20647321428571427 0.16294642857142858
13 0.08035714285714286 0.044642857142857144 0.16071428571428573 0.08928571428571429
13 0.32700892857142855 0.6930803571428571 0.20424107142857142 0.19754464285714285
13 0.11049107142857142 0.17075892857142858 0.22098214285714285 0.21205357142857142
13 0.8448660714285714 0.8649553571428571 0.25 0.22544642857142858
13 0.5524553571428571 0.7399553571428571 0.20647321428571427 0.19754464285714285
13 0.7779017857142857 0.41629464285714285 0.17299107142857142 0.20424107142857142
13 0.15959821428571427 0.8571428571428571 0.20870535714285715 0.22098214285714285
13 0.41629464285714285 0.8805803571428571 0.24776785714285715 0.21205357142857142