17 0.10379464285714286 0.32700892857142855 0.12053571428571429 0.07924107142857142
17 0.049107142857142856 0.5714285714285714 0.09821428571428571 0.09151785714285714
17 0.6149553571428571 0.578125 0.12723214285714285 0.07924107142857142
17 0.7645089285714286 0.6060267857142857 0.11272321428571429 0.07700892857142858
17 0.9609375 0.8828125 0.078125 0.08705357142857142
17 0.6763392857142857 0.9587053571428571 0.11272321428571429 0.08147321428571429
7 0.8839285714285714 0.7511160714285714 0.11272321428571429 0.07700892857142858
7 0.7209821428571429 0.7466517857142857 0.11049107142857142 0.08928571428571429
7 0.84375 0.6819196428571429 0.11272321428571429 0.07924107142857142
13 0.8571428571428571 0.5401785714285714 0.11272321428571429 0.07700892857142858
7 0.7209821428571429 0.5223214285714286 0.11049107142857142 0.08928571428571429
7 0.9408482142857143 0.43080357142857145 0.11830357142857142 0.08705357142857142
13 0.8694196428571429 0.3705357142857143 0.10044642857142858 0.07700892857142858
13 0.6294642857142857 0.6529017857142857 0.11272321428571429 0.07700892857142858
7 0.53125 0.7321428571428571 0.11495535714285714 0.08147321428571429
7 0.46763392857142855 0.8147321428571429 0.11495535714285714 0.08705357142857142
7 0.8459821428571429 0.16071428571428573 0.125 0.08705357142857142
13 0.8549107142857143 0.07924107142857142 0.09598214285714286 0.07477678571428571
7 0.7142857142857143 0.29464285714285715 0.11495535714285714 0.09151785714285714
7 0.2935267857142857 0.5613839285714286 0.11272321428571429 0.07700892857142858
7 0.33035714285714285 0.484375 0.11272321428571429 0.07700892857142858
11 0.056919642857142856 0.7678571428571429 0.11272321428571429 0.10044642857142858
7 0.24330357142857142 0.09151785714285714 0.11049107142857142 0.09821428571428571
7 0.5870535714285714 0.14174107142857142 0.11049107142857142 0.08705357142857142
7 0.12165178571428571 0.20982142857142858 0.11495535714285714 0.09151785714285714
7 0.30357142857142855 0.9654017857142857 0.11272321428571429 0.06919642857142858
13 0.15178571428571427 0.9430803571428571 0.09598214285714286 0.07254464285714286
13 0.24441964285714285 0.9084821428571429 0.10825892857142858 0.07254464285714286
7 0.2935267857142857 0.8459821428571429 0.11495535714285714 0.08705357142857142
17 0.4720982142857143 0.5714285714285714 0.10044642857142858 0.07254464285714286
13 0.3872767857142857 0.609375 0.10044642857142858 0.06696428571428571
13 0.4497767857142857 0.4720982142857143 0.11272321428571429 0.07700892857142858
13 0.18415178571428573 0.6238839285714286 0.10602678571428571 0.08705357142857142
13 0.13839285714285715 0.5323660714285714 0.10602678571428571 0.07477678571428571
13 0.04017857142857143 0.6674107142857143 0.07924107142857142 0.08147321428571429
13 0.11272321428571429 0.4017857142857143 0.11272321428571429 0.07700892857142858
13 0.3236607142857143 0.16852678571428573 0.10044642857142858 0.07700892857142858
13 0.44754464285714285 0.04017857142857143 0.09598214285714286 0.07700892857142858
15 0.39955357142857145 0.34486607142857145 0.11272321428571429 0.07700892857142858
7 0.4564732142857143 0.3939732142857143 0.11272321428571429 0.07700892857142858
7 0.5491071428571429 0.3169642857142857 0.12053571428571429 0.08705357142857142
13 0.5848214285714286 0.42745535714285715 0.11272321428571429 0.07700892857142858
13 0.7946428571428571 0.24441964285714285 0.11272321428571429 0.07700892857142858
13 0.6696428571428571 0.13058035714285715 0.09821428571428571 0.08705357142857142
7 0.5613839285714286 0.049107142857142856 0.10044642857142858 0.08705357142857142
7 0.3013392857142857 0.27566964285714285 0.11272321428571429 0.08928571428571429
13 0.19977678571428573 0.25558035714285715 0.11272321428571429 0.07700892857142858
13 0.3861607142857143 0.10491071428571429 0.11272321428571429 0.07700892857142858
13 0.6595982142857143 0.026785714285714284 0.11495535714285714 0.052455357142857144