13 0.9620535714285714 0.6294642857142857 0.07589285714285714 0.26785714285714285
13 0.11495535714285714 0.8236607142857143 0.20424107142857142 0.31473214285714285
13 0.0625 0.6573660714285714 0.125 0.23325892857142858
12 0.47544642857142855 0.8962053571428571 0.08147321428571429 0.07477678571428571
13 0.21205357142857142 0.9631696428571429 0.19642857142857142 0.07366071428571429
13 0.05580357142857143 0.9319196428571429 0.11049107142857142 0.13169642857142858
13 0.5535714285714286 0.06808035714285714 0.22321428571428573 0.13616071428571427
3 0.5111607142857143 0.5089285714285714 0.4185267857142857 0.4375
13 0.12388392857142858 0.07589285714285714 0.22098214285714285 0.15178571428571427
13 0.3549107142857143 0.7834821428571429 0.22544642857142858 0.20200892857142858
13 0.6339285714285714 0.8270089285714286 0.23325892857142858 0.22544642857142858
13 0.8270089285714286 0.5223214285714286 0.21428571428571427 0.22544642857142858
13 0.8716517857142857 0.8247767857142857 0.23102678571428573 0.22321428571428573
13 0.21651785714285715 0.6127232142857143 0.19419642857142858 0.19419642857142858
13 0.7667410714285714 0.18080357142857142 0.22098214285714285 0.21205357142857142
13 0.10825892857142858 0.4185267857142857 0.21651785714285715 0.24330357142857142