18 0.3939732142857143 0.22209821428571427 0.07700892857142858 0.11272321428571429
18 0.21316964285714285 0.7689732142857143 0.05803571428571429 0.09598214285714286
8 0.44419642857142855 0.0625 0.07700892857142858 0.11272321428571429
19 0.07254464285714286 0.5290178571428571 0.14397321428571427 0.17522321428571427
13 0.4642857142857143 0.6618303571428571 0.08370535714285714 0.10602678571428571
13 0.26339285714285715 0.7008928571428571 0.06696428571428571 0.08705357142857142
17 0.16629464285714285 0.6004464285714286 0.07700892857142858 0.09598214285714286
13 0.4642857142857143 0.43191964285714285 0.06696428571428571 0.09598214285714286
13 0.34263392857142855 0.43973214285714285 0.07700892857142858 0.09598214285714286
13 0.29129464285714285 0.5089285714285714 0.08705357142857142 0.10044642857142858
13 0.5290178571428571 0.37611607142857145 0.07924107142857142 0.10044642857142858
13 0.5725446428571429 0.2689732142857143 0.06696428571428571 0.09375
13 0.6383928571428571 0.35379464285714285 0.08147321428571429 0.09598214285714286
13 0.6651785714285714 0.5145089285714286 0.08147321428571429 0.10044642857142858
13 0.7075892857142857 0.39620535714285715 0.06696428571428571 0.09151785714285714
13 0.8895089285714286 0.33816964285714285 0.08705357142857142 0.12053571428571429
13 0.8091517857142857 0.29464285714285715 0.07254464285714286 0.09598214285714286
13 0.7589285714285714 0.16071428571428573 0.08147321428571429 0.10044642857142858
13 0.8504464285714286 0.7321428571428571 0.07924107142857142 0.10044642857142858
13 0.9129464285714286 0.6707589285714286 0.07254464285714286 0.10602678571428571
13 0.44754464285714285 0.9497767857142857 0.08147321428571429 0.09598214285714286
13 0.5033482142857143 0.890625 0.07254464285714286 0.09151785714285714
13 0.40401785714285715 0.7845982142857143 0.07254464285714286 0.08147321428571429
17 0.06361607142857142 0.14508928571428573 0.08705357142857142 0.10825892857142858