11 0.18861607142857142 0.4497767857142857 0.07924107142857142 0.11272321428571429
11 0.26674107142857145 0.7622767857142857 0.07924107142857142 0.11272321428571429
14 0.6428571428571429 0.5334821428571429 0.07254464285714286 0.07477678571428571
14 0.6294642857142857 0.7042410714285714 0.060267857142857144 0.09151785714285714
11 0.37388392857142855 0.6227678571428571 0.07924107142857142 0.11272321428571429
11 0.45424107142857145 0.8325892857142857 0.07924107142857142 0.11272321428571429
13 0.7243303571428571 0.5959821428571429 0.07924107142857142 0.11272321428571429
11 0.5301339285714286 0.5424107142857143 0.07924107142857142 0.11272321428571429
13 0.27566964285714285 0.8861607142857143 0.07700892857142858 0.11272321428571429
13 0.5814732142857143 0.8973214285714286 0.07700892857142858 0.11272321428571429
13 0.7466517857142857 0.15290178571428573 0.07924107142857142 0.11272321428571429
13 0.8314732142857143 0.4799107142857143 0.07924107142857142 0.11272321428571429
13 0.8995535714285714 0.44642857142857145 0.07924107142857142 0.11272321428571429
13 0.5345982142857143 0.4497767857142857 0.07924107142857142 0.11272321428571429
13 0.515625 0.2700892857142857 0.07924107142857142 0.11272321428571429
11 0.6138392857142857 0.10491071428571429 0.07924107142857142 0.11272321428571429
11 0.44754464285714285 0.10602678571428571 0.07924107142857142 0.11272321428571429
13 0.6495535714285714 0.78125 0.08147321428571429 0.11049107142857142
13 0.10714285714285714 0.8102678571428571 0.06696428571428571 0.08928571428571429
13 0.056919642857142856 0.6529017857142857 0.07477678571428571 0.10044642857142858
13 0.03236607142857143 0.38950892857142855 0.0625 0.11272321428571429
15 0.19977678571428573 0.38392857142857145 0.07924107142857142 0.11272321428571429
13 0.31808035714285715 0.18415178571428573 0.07924107142857142 0.11272321428571429
13 0.9575892857142857 0.09598214285714286 0.07924107142857142 0.11272321428571429
13 0.5982142857142857 0.40401785714285715 0.07924107142857142 0.11272321428571429
11 0.4810267857142857 0.71875 0.07924107142857142 0.11272321428571429
13 0.5212053571428571 0.7834821428571429 0.07924107142857142 0.11272321428571429
15 0.7745535714285714 0.9174107142857143 0.07924107142857142 0.11272321428571429
13 0.8381696428571429 0.17857142857142858 0.07924107142857142 0.11272321428571429
11 0.5870535714285714 0.49107142857142855 0.07924107142857142 0.11272321428571429
11 0.45200892857142855 0.24665178571428573 0.07924107142857142 0.11272321428571429
11 0.26450892857142855 0.23325892857142858 0.07924107142857142 0.11272321428571429
13 0.08370535714285714 0.10602678571428571 0.07924107142857142 0.11272321428571429
12 0.6875 0.03125 0.033482142857142856 0.04575892857142857
11 0.23660714285714285 0.08816964285714286 0.09151785714285714 0.07700892857142858
18 0.9575892857142857 0.3627232142857143 0.08370535714285714 0.12053571428571429