13 0.7332589285714286 0.24776785714285715 0.07700892857142858 0.11272321428571429
5 0.8727678571428571 0.21428571428571427 0.06919642857142858 0.08705357142857142
13 0.9408482142857143 0.31808035714285715 0.07700892857142858 0.11272321428571429
13 0.8962053571428571 0.4810267857142857 0.06919642857142858 0.09151785714285714
13 0.9520089285714286 0.20200892857142858 0.07700892857142858 0.11272321428571429
13 0.8783482142857143 0.37276785714285715 0.07700892857142858 0.11272321428571429
13 0.7979910714285714 0.4375 0.07700892857142858 0.11272321428571429
13 0.5558035714285714 0.5223214285714286 0.07254464285714286 0.10044642857142858
13 0.6886160714285714 0.5424107142857143 0.0625 0.08370535714285714
11 0.6997767857142857 0.19084821428571427 0.07477678571428571 0.11049107142857142
11 0.5680803571428571 0.3627232142857143 0.06696428571428571 0.10602678571428571
13 0.9308035714285714 0.10491071428571429 0.07700892857142858 0.11272321428571429
13 0.7935267857142857 0.3158482142857143 0.06919642857142858 0.09821428571428571
13 0.7120535714285714 0.44642857142857145 0.07700892857142858 0.11272321428571429
13 0.6372767857142857 0.41964285714285715 0.06919642857142858 0.09821428571428571
13 0.6863839285714286 0.3560267857142857 0.07700892857142858 0.11272321428571429
13 0.6305803571428571 0.5111607142857143 0.07700892857142858 0.11272321428571429
13 0.7522321428571429 0.5033482142857143 0.07700892857142858 0.10379464285714286
11 0.04241071428571429 0.11272321428571429 0.07254464285714286 0.10044642857142858
13 0.46205357142857145 0.12611607142857142 0.07477678571428571 0.08705357142857142
13 0.421875 0.7075892857142857 0.07254464285714286 0.09151785714285714
11 0.07700892857142858 0.40848214285714285 0.07924107142857142 0.07700892857142858
11 0.25 0.9419642857142857 0.05803571428571429 0.09821428571428571
15 0.9051339285714286 0.6997767857142857 0.0625 0.07477678571428571