15 0.6272321428571429 0.5044642857142857 0.052455357142857144 0.06696428571428571
15 0.8370535714285714 0.8705357142857143 0.0625 0.0625
17 0.12388392857142858 0.07142857142857142 0.06919642857142858 0.11049107142857142
17 0.09375 0.16741071428571427 0.06696428571428571 0.09151785714285714
17 0.19084821428571427 0.25223214285714285 0.06919642857142858 0.10602678571428571
17 0.13169642857142858 0.30691964285714285 0.06473214285714286 0.08928571428571429
17 0.19866071428571427 0.38392857142857145 0.07254464285714286 0.09598214285714286
17 0.2767857142857143 0.41294642857142855 0.07254464285714286 0.08147321428571429
17 0.26004464285714285 0.5368303571428571 0.07254464285714286 0.10379464285714286
17 0.33705357142857145 0.45535714285714285 0.07700892857142858 0.08705357142857142
17 0.40513392857142855 0.28683035714285715 0.07700892857142858 0.10379464285714286
17 0.41294642857142855 0.42745535714285715 0.07477678571428571 0.08370535714285714
17 0.49441964285714285 0.3783482142857143 0.07700892857142858 0.09821428571428571
17 0.5011160714285714 0.48995535714285715 0.07254464285714286 0.09151785714285714
17 0.45982142857142855 0.5535714285714286 0.08705357142857142 0.08705357142857142
17 0.42075892857142855 0.6283482142857143 0.06696428571428571 0.08705357142857142
17 0.3325892857142857 0.6272321428571429 0.0625 0.09151785714285714
17 0.38950892857142855 0.7466517857142857 0.07700892857142858 0.07700892857142858
17 0.48995535714285715 0.8058035714285714 0.06696428571428571 0.09151785714285714
17 0.6082589285714286 0.7790178571428571 0.06473214285714286 0.09151785714285714
17 0.6071428571428571 0.6852678571428571 0.06696428571428571 0.09151785714285714
17 0.5491071428571429 0.640625 0.06696428571428571 0.09151785714285714
17 0.6707589285714286 0.6428571428571429 0.06696428571428571 0.09151785714285714
17 0.7064732142857143 0.5669642857142857 0.07700892857142858 0.09598214285714286
17 0.6149553571428571 0.35267857142857145 0.06696428571428571 0.08705357142857142
17 0.7767857142857143 0.32924107142857145 0.07700892857142858 0.08928571428571429
17 0.7254464285714286 0.25111607142857145 0.06473214285714286 0.09151785714285714
17 0.8292410714285714 0.47879464285714285 0.07924107142857142 0.10602678571428571
17 0.8191964285714286 0.6138392857142857 0.07254464285714286 0.09598214285714286
17 0.8839285714285714 0.7834821428571429 0.07924107142857142 0.09375
17 0.7801339285714286 0.8861607142857143 0.0625 0.09821428571428571
17 0.8303571428571429 0.9475446428571429 0.08035714285714286 0.10491071428571429
17 0.15736607142857142 0.9475446428571429 0.09821428571428571 0.09598214285714286
17 0.030133928571428572 0.9162946428571429 0.060267857142857144 0.09151785714285714
17 0.03459821428571429 0.6071428571428571 0.06696428571428571 0.08705357142857142
17 0.06473214285714286 0.5011160714285714 0.07700892857142858 0.10379464285714286
17 0.16741071428571427 0.6629464285714286 0.06919642857142858 0.09375
17 0.2700892857142857 0.7020089285714286 0.09375 0.10602678571428571
17 0.390625 0.8794642857142857 0.06696428571428571 0.09375
17 0.29464285714285715 0.24330357142857142 0.06696428571428571 0.08705357142857142
17 0.34598214285714285 0.19866071428571427 0.07700892857142858 0.07700892857142858
17 0.22544642857142858 0.08482142857142858 0.07700892857142858 0.09598214285714286
17 0.19642857142857142 0.16183035714285715 0.0625 0.07700892857142858
17 0.2924107142857143 0.04241071428571429 0.07700892857142858 0.08370535714285714
17 0.48214285714285715 0.24888392857142858 0.08705357142857142 0.09821428571428571
17 0.546875 0.07477678571428571 0.07700892857142858 0.09151785714285714
17 0.46651785714285715 0.06919642857142858 0.07254464285714286 0.09151785714285714
17 0.7600446428571429 0.09263392857142858 0.07700892857142858 0.08705357142857142
17 0.6216517857142857 0.11383928571428571 0.08147321428571429 0.10602678571428571
17 0.8537946428571429 0.2767857142857143 0.07924107142857142 0.10825892857142858
17 0.9408482142857143 0.23772321428571427 0.08705357142857142 0.09821428571428571
17 0.9084821428571429 0.5044642857142857 0.0625 0.08147321428571429
17 0.9386160714285714 0.5848214285714286 0.08370535714285714 0.09375
17 0.9486607142857143 0.3560267857142857 0.0625 0.07254464285714286
17 0.5625 0.19308035714285715 0.05022321428571429 0.07477678571428571
17 0.029017857142857144 0.23102678571428573 0.05803571428571429 0.09375
17 0.05803571428571429 0.7589285714285714 0.07477678571428571 0.10602678571428571
14 0.10602678571428571 0.6930803571428571 0.05803571428571429 0.08370535714285714
14 0.42299107142857145 0.8035714285714286 0.04799107142857143 0.07254464285714286
14 0.3247767857142857 0.3627232142857143 0.0625 0.06919642857142858
15 0.3125 0.12053571428571429 0.060267857142857144 0.07477678571428571
15 0.3549107142857143 0.056919642857142856 0.0625 0.07700892857142858
17 0.9754464285714286 0.8761160714285714 0.04799107142857143 0.10044642857142858
17 0.96875 0.9397321428571429 0.0625 0.08705357142857142
14 0.9542410714285714 0.7455357142857143 0.07477678571428571 0.07700892857142858
15 0.18191964285714285 0.7779017857142857 0.07477678571428571 0.09821428571428571
12 0.8950892857142857 0.6908482142857143 0.033482142857142856 0.04352678571428571