0 0.23102678571428573 0.421875 0.3560267857142857 0.45424107142857145
13 0.4497767857142857 0.4810267857142857 0.08147321428571429 0.1875
13 0.6741071428571429 0.32142857142857145 0.23772321428571427 0.2544642857142857
6 0.84375 0.20870535714285715 0.3125 0.36049107142857145
13 0.8761160714285714 0.47879464285714285 0.24776785714285715 0.26450892857142855
13 0.5122767857142857 0.31361607142857145 0.20647321428571427 0.29129464285714285
13 0.6294642857142857 0.5245535714285714 0.2544642857142857 0.22879464285714285
13 0.6696428571428571 0.07589285714285714 0.26674107142857145 0.15178571428571427
13 0.22991071428571427 0.8683035714285714 0.29464285714285715 0.26339285714285715
13 0.31138392857142855 0.7633928571428571 0.19419642857142858 0.22879464285714285
9 0.7053571428571429 0.8247767857142857 0.5892857142857143 0.35044642857142855