1 0.20647321428571427 0.28348214285714285 0.07700892857142858 0.11272321428571429
17 0.5212053571428571 0.6674107142857143 0.07700892857142858 0.11272321428571429
17 0.27455357142857145 0.45424107142857145 0.07700892857142858 0.11272321428571429
17 0.11049107142857142 0.3560267857142857 0.07700892857142858 0.11272321428571429
17 0.11495535714285714 0.10825892857142858 0.07700892857142858 0.11272321428571429
17 0.5982142857142857 0.2779017857142857 0.07700892857142858 0.11272321428571429
17 0.6529017857142857 0.09151785714285714 0.07700892857142858 0.11272321428571429
17 0.9073660714285714 0.7209821428571429 0.07700892857142858 0.11272321428571429
1 0.5200892857142857 0.2924107142857143 0.07700892857142858 0.11272321428571429
1 0.6707589285714286 0.6685267857142857 0.06919642857142858 0.09598214285714286
1 0.5881696428571429 0.43526785714285715 0.07700892857142858 0.11272321428571429
1 0.5055803571428571 0.7555803571428571 0.07700892857142858 0.11272321428571429
1 0.53125 0.9252232142857143 0.07700892857142858 0.11272321428571429
1 0.7912946428571429 0.34598214285714285 0.07700892857142858 0.11272321428571429
1 0.7645089285714286 0.18973214285714285 0.07254464285714286 0.09598214285714286
1 0.6082589285714286 0.04352678571428571 0.07700892857142858 0.08705357142857142
1 0.05580357142857143 0.08928571428571429 0.06473214285714286 0.09598214285714286
1 0.08370535714285714 0.43861607142857145 0.07700892857142858 0.11272321428571429
17 0.5725446428571429 0.7667410714285714 0.07700892857142858 0.11272321428571429
5 0.4810267857142857 0.11272321428571429 0.07700892857142858 0.11272321428571429
8 0.20647321428571427 0.5055803571428571 0.06696428571428571 0.09151785714285714
13 0.6941964285714286 0.8270089285714286 0.07700892857142858 0.11272321428571429
13 0.07254464285714286 0.19308035714285715 0.07700892857142858 0.11272321428571429
1 0.6383928571428571 0.7332589285714286 0.07700892857142858 0.11272321428571429
1 0.8995535714285714 0.2689732142857143 0.07700892857142858 0.11272321428571429
1 0.9542410714285714 0.22098214285714285 0.07700892857142858 0.11272321428571429
1 0.9598214285714286 0.15736607142857142 0.07924107142857142 0.11272321428571429
5 0.19308035714285715 0.07366071428571429 0.07700892857142858 0.11272321428571429
5 0.5066964285714286 0.41517857142857145 0.07700892857142858 0.11272321428571429
13 0.9073660714285714 0.3560267857142857 0.07700892857142858 0.11272321428571429
13 0.3638392857142857 0.5591517857142857 0.07700892857142858 0.11272321428571429
13 0.16629464285714285 0.18973214285714285 0.07700892857142858 0.11272321428571429
13 0.28125 0.07142857142857142 0.07700892857142858 0.11272321428571429
13 0.43080357142857145 0.30691964285714285 0.07700892857142858 0.11272321428571429
13 0.42745535714285715 0.8158482142857143 0.07700892857142858 0.11272321428571429
5 0.18303571428571427 0.6841517857142857 0.07700892857142858 0.11272321428571429
1 0.5479910714285714 0.5513392857142857 0.07700892857142858 0.11272321428571429
15 0.4408482142857143 0.049107142857142856 0.07700892857142858 0.09598214285714286
15 0.7477678571428571 0.052455357142857144 0.07589285714285714 0.10491071428571429
15 0.8861607142857143 0.44642857142857145 0.07700892857142858 0.11272321428571429
15 0.2689732142857143 0.3091517857142857 0.07700892857142858 0.11272321428571429
15 0.23325892857142858 0.375 0.07700892857142858 0.11272321428571429
15 0.029017857142857144 0.7332589285714286 0.05803571428571429 0.11272321428571429
13 0.10825892857142858 0.049107142857142856 0.07700892857142858 0.09598214285714286