17 0.8493303571428571 0.4799107142857143 0.125 0.09151785714285714
18 0.34263392857142855 0.8013392857142857 0.12276785714285714 0.09151785714285714
18 0.5033482142857143 0.18303571428571427 0.12946428571428573 0.09151785714285714
5 0.703125 0.09709821428571429 0.12053571428571429 0.08147321428571429
5 0.7723214285714286 0.9029017857142857 0.13504464285714285 0.09151785714285714
5 0.13839285714285715 0.37611607142857145 0.11272321428571429 0.07700892857142858
5 0.40401785714285715 0.7388392857142857 0.11272321428571429 0.07700892857142858
5 0.6506696428571429 0.36941964285714285 0.12946428571428573 0.09598214285714286
14 0.03125 0.7779017857142857 0.0625 0.05803571428571429
14 0.8604910714285714 0.9363839285714286 0.07700892857142858 0.05022321428571429
14 0.7544642857142857 0.8069196428571429 0.07254464285714286 0.04799107142857143
14 0.8258928571428571 0.3627232142857143 0.08147321428571429 0.05803571428571429
14 0.9274553571428571 0.12611607142857142 0.07700892857142858 0.05580357142857143
12 0.7689732142857143 0.08370535714285714 0.05803571428571429 0.03794642857142857
12 0.7522321428571429 0.016741071428571428 0.041294642857142856 0.029017857142857144
14 0.42299107142857145 0.42410714285714285 0.07477678571428571 0.06696428571428571
8 0.4029017857142857 0.5100446428571429 0.06696428571428571 0.04799107142857143
14 0.3950892857142857 0.4720982142857143 0.08928571428571429 0.06473214285714286
11 0.5770089285714286 0.7120535714285714 0.11049107142857142 0.10044642857142858
11 0.28348214285714285 0.12053571428571429 0.11830357142857142 0.08705357142857142
5 0.15066964285714285 0.18415178571428573 0.09375 0.0625
11 0.7410714285714286 0.3872767857142857 0.10379464285714286 0.09598214285714286
11 0.4375 0.21316964285714285 0.09598214285714286 0.07700892857142858
17 0.4877232142857143 0.265625 0.10602678571428571 0.06696428571428571