16 0.6908482142857143 0.6417410714285714 0.0625 0.09598214285714286
16 0.8850446428571429 0.8091517857142857 0.07924107142857142 0.09821428571428571
16 0.78125 0.7511160714285714 0.07477678571428571 0.08370535714285714
16 0.7723214285714286 0.5245535714285714 0.07924107142857142 0.11272321428571429
11 0.875 0.07366071428571429 0.06696428571428571 0.12276785714285714
2 0.5714285714285714 0.9419642857142857 0.06473214285714286 0.11495535714285714
16 0.24776785714285715 0.6919642857142857 0.06919642857142858 0.10044642857142858
16 0.3091517857142857 0.6785714285714286 0.05803571428571429 0.10379464285714286
16 0.09151785714285714 0.8627232142857143 0.07477678571428571 0.08705357142857142
16 0.05022321428571429 0.7991071428571429 0.07254464285714286 0.09375
16 0.11607142857142858 0.9397321428571429 0.07700892857142858 0.09375
16 0.29910714285714285 0.5267857142857143 0.07254464285714286 0.10044642857142858
16 0.21540178571428573 0.5122767857142857 0.07254464285714286 0.07477678571428571
16 0.22321428571428573 0.43080357142857145 0.06696428571428571 0.08928571428571429
16 0.23325892857142858 0.34263392857142855 0.06473214285714286 0.08928571428571429
16 0.09375 0.3549107142857143 0.06919642857142858 0.09151785714285714
16 0.09933035714285714 0.22321428571428573 0.07477678571428571 0.09821428571428571
16 0.16741071428571427 0.32589285714285715 0.06696428571428571 0.08928571428571429
16 0.021205357142857144 0.2578125 0.04241071428571429 0.10491071428571429
16 0.5345982142857143 0.08928571428571429 0.06473214285714286 0.09151785714285714
16 0.3560267857142857 0.07366071428571429 0.07477678571428571 0.10044642857142858
16 0.7232142857142857 0.15066964285714285 0.06919642857142858 0.09598214285714286
16 0.6707589285714286 0.25223214285714285 0.08147321428571429 0.10825892857142858
16 0.7790178571428571 0.3002232142857143 0.06473214285714286 0.08147321428571429
16 0.5926339285714286 0.2935267857142857 0.07477678571428571 0.09151785714285714
16 0.5993303571428571 0.40736607142857145 0.06473214285714286 0.08928571428571429
16 0.46316964285714285 0.5424107142857143 0.08147321428571429 0.09151785714285714
16 0.4654017857142857 0.6283482142857143 0.07254464285714286 0.08370535714285714
16 0.6573660714285714 0.4877232142857143 0.07477678571428571 0.09598214285714286
16 0.8537946428571429 0.2767857142857143 0.07700892857142858 0.10379464285714286
16 0.6841517857142857 0.8839285714285714 0.060267857142857144 0.09375
16 0.43080357142857145 0.31473214285714285 0.07924107142857142 0.11272321428571429
13 0.16852678571428573 0.140625 0.07254464285714286 0.09151785714285714
13 0.3638392857142857 0.25 0.06919642857142858 0.09598214285714286
13 0.05133928571428571 0.4263392857142857 0.06696428571428571 0.09151785714285714
13 0.14285714285714285 0.4263392857142857 0.07477678571428571 0.09151785714285714
13 0.49330357142857145 0.39732142857142855 0.06919642857142858 0.09151785714285714
11 0.7064732142857143 0.5223214285714286 0.05803571428571429 0.10379464285714286
13 0.34375 0.40513392857142855 0.07700892857142858 0.09821428571428571
13 0.28348214285714285 0.9051339285714286 0.07254464285714286 0.08370535714285714
5 0.23214285714285715 0.7823660714285714 0.06473214285714286 0.08147321428571429
16 0.5122767857142857 0.1875 0.06919642857142858 0.09821428571428571
13 0.6729910714285714 0.7946428571428571 0.0625 0.08370535714285714
13 0.8582589285714286 0.5691964285714286 0.06919642857142858 0.10044642857142858
13 0.6116071428571429 0.7466517857142857 0.06696428571428571 0.09598214285714286
13 0.8102678571428571 0.6763392857142857 0.0625 0.09151785714285714
13 0.7667410714285714 0.9375 0.07254464285714286 0.09151785714285714
13 0.7511160714285714 0.8526785714285714 0.07924107142857142 0.11272321428571429
13 0.8158482142857143 0.8147321428571429 0.07924107142857142 0.11272321428571429
13 0.7857142857142857 0.3950892857142857 0.06919642857142858 0.08928571428571429
13 0.6830357142857143 0.40848214285714285 0.06919642857142858 0.08147321428571429
19 0.9441964285714286 0.171875 0.08928571428571429 0.12723214285714285
12 0.71875 0.44419642857142855 0.029017857142857144 0.033482142857142856
12 0.49888392857142855 0.078125 0.014508928571428572 0.024553571428571428
12 0.43191964285714285 0.16964285714285715 0.018973214285714284 0.026785714285714284
12 0.4419642857142857 0.4966517857142857 0.014508928571428572 0.024553571428571428