13 0.3560267857142857 0.9397321428571429 0.25 0.12053571428571429
13 0.11495535714285714 0.025669642857142856 0.22991071428571427 0.05133928571428571
13 0.23214285714285715 0.40625 0.2857142857142857 0.30580357142857145
13 0.9207589285714286 0.44642857142857145 0.15848214285714285 0.27455357142857145
13 0.5446428571428571 0.8482142857142857 0.30580357142857145 0.2857142857142857
13 0.7611607142857143 0.5814732142857143 0.2622767857142857 0.33705357142857145
6 0.4966517857142857 0.4966517857142857 0.36495535714285715 0.3794642857142857
13 0.36607142857142855 0.049107142857142856 0.24330357142857142 0.09821428571428571
13 0.12388392857142858 0.9274553571428571 0.23549107142857142 0.14397321428571427
13 0.4654017857142857 0.20200892857142858 0.28125 0.25223214285714285
13 0.3482142857142857 0.7366071428571429 0.23549107142857142 0.22321428571428573
13 0.16629464285714285 0.18303571428571427 0.26450892857142855 0.25223214285714285
13 0.8381696428571429 0.8716517857142857 0.2689732142857143 0.25223214285714285