14 0.7779017857142857 0.5881696428571429 0.052455357142857144 0.09598214285714286
14 0.7589285714285714 0.1875 0.04352678571428571 0.09151785714285714
5 0.9341517857142857 0.7723214285714286 0.06473214285714286 0.08705357142857142
5 0.35044642857142855 0.28013392857142855 0.07254464285714286 0.09598214285714286
13 0.4799107142857143 0.44754464285714285 0.07700892857142858 0.09598214285714286
1 0.26785714285714285 0.6595982142857143 0.07700892857142858 0.09375
5 0.8214285714285714 0.9073660714285714 0.06696428571428571 0.08705357142857142
8 0.15178571428571427 0.23102678571428573 0.05803571428571429 0.07254464285714286
1 0.5613839285714286 0.03794642857142857 0.06919642857142858 0.07589285714285714
12 0.36941964285714285 0.17745535714285715 0.024553571428571428 0.03125
12 0.203125 0.026785714285714284 0.018973214285714284 0.029017857142857144
12 0.22433035714285715 0.017857142857142856 0.016741071428571428 0.024553571428571428
12 0.2611607142857143 0.35714285714285715 0.018973214285714284 0.024553571428571428
12 0.234375 0.6060267857142857 0.021205357142857144 0.029017857142857144
12 0.23660714285714285 0.7522321428571429 0.024553571428571428 0.03794642857142857
12 0.3638392857142857 0.6908482142857143 0.014508928571428572 0.024553571428571428
12 0.390625 0.6774553571428571 0.018973214285714284 0.026785714285714284
12 0.5412946428571429 0.6205357142857143 0.018973214285714284 0.026785714285714284
12 0.6127232142857143 0.9319196428571429 0.016741071428571428 0.024553571428571428
12 0.7823660714285714 0.9464285714285714 0.021205357142857144 0.024553571428571428
12 0.6819196428571429 0.9475446428571429 0.018973214285714284 0.026785714285714284
12 0.8794642857142857 0.9285714285714286 0.018973214285714284 0.021205357142857144
12 0.9810267857142857 0.49776785714285715 0.014508928571428572 0.018973214285714284
12 0.734375 0.4252232142857143 0.014508928571428572 0.024553571428571428
18 0.6852678571428571 0.20200892857142858 0.0625 0.10602678571428571
12 0.7444196428571429 0.12723214285714285 0.016741071428571428 0.026785714285714284
12 0.765625 0.08482142857142858 0.018973214285714284 0.024553571428571428
12 0.8794642857142857 0.20200892857142858 0.021205357142857144 0.029017857142857144
12 0.8381696428571429 0.05133928571428571 0.018973214285714284 0.024553571428571428
12 0.8604910714285714 0.015625 0.014508928571428572 0.021205357142857144
12 0.5435267857142857 0.5066964285714286 0.021205357142857144 0.029017857142857144
1 0.6294642857142857 0.6495535714285714 0.05803571428571429 0.08147321428571429
1 0.6729910714285714 0.5245535714285714 0.06696428571428571 0.08705357142857142
1 0.29575892857142855 0.7366071428571429 0.0625 0.07700892857142858
1 0.5870535714285714 0.8705357142857143 0.07924107142857142 0.08705357142857142
12 0.48214285714285715 0.9542410714285714 0.014508928571428572 0.024553571428571428
12 0.22433035714285715 0.9040178571428571 0.014508928571428572 0.024553571428571428