10 0.21986607142857142 0.18415178571428573 0.37723214285714285 0.36830357142857145
3 0.6674107142857143 0.17745535714285715 0.5178571428571429 0.3549107142857143
10 0.15401785714285715 0.6495535714285714 0.3080357142857143 0.5435267857142857
13 0.49776785714285715 0.39620535714285715 0.17745535714285715 0.05803571428571429
13 0.5178571428571429 0.7209821428571429 0.21875 0.22098214285714285
13 0.8850446428571429 0.5133928571428571 0.22991071428571427 0.24107142857142858
13 0.9676339285714286 0.8225446428571429 0.06473214285714286 0.27455357142857145
13 0.90625 0.9352678571428571 0.1875 0.12946428571428573
12 0.5424107142857143 0.47767857142857145 0.10379464285714286 0.09598214285714286
13 0.6930803571428571 0.9676339285714286 0.27120535714285715 0.06473214285714286
13 0.9386160714285714 0.46316964285714285 0.12276785714285714 0.18973214285714285
6 0.765625 0.8270089285714286 0.3627232142857143 0.34598214285714285