13 0.9698660714285714 0.4174107142857143 0.05580357142857143 0.22321428571428573
13 0.9319196428571429 0.7243303571428571 0.13169642857142858 0.24330357142857142
13 0.07700892857142858 0.9620535714285714 0.15401785714285715 0.07589285714285714
13 0.9665178571428571 0.11383928571428571 0.0625 0.22767857142857142
13 0.5680803571428571 0.9854910714285714 0.21428571428571427 0.029017857142857144
13 0.03794642857142857 0.8415178571428571 0.07589285714285714 0.19196428571428573
13 0.05580357142857143 0.19419642857142858 0.11049107142857142 0.23995535714285715
13 0.8582589285714286 0.026785714285714284 0.25669642857142855 0.052455357142857144
13 0.3482142857142857 0.9832589285714286 0.18080357142857142 0.033482142857142856
13 0.32142857142857145 0.8415178571428571 0.22098214285714285 0.21875
13 0.3236607142857143 0.34598214285714285 0.2689732142857143 0.27901785714285715
12 0.19754464285714285 0.5669642857142857 0.08928571428571429 0.07700892857142858
12 0.18526785714285715 0.265625 0.06919642857142858 0.07477678571428571
12 0.18526785714285715 0.953125 0.0625 0.06696428571428571
13 0.6328125 0.05357142857142857 0.234375 0.10714285714285714
13 0.22098214285714285 0.109375 0.23549107142857142 0.21205357142857142
6 0.49776785714285715 0.5290178571428571 0.27901785714285715 0.26004464285714285
13 0.6941964285714286 0.6607142857142857 0.25 0.24330357142857142
13 0.5323660714285714 0.21540178571428573 0.22098214285714285 0.20870535714285715
13 0.46651785714285715 0.8705357142857143 0.23325892857142858 0.23325892857142858
13 0.9151785714285714 0.9352678571428571 0.16964285714285715 0.125
13 0.10491071428571429 0.6774553571428571 0.20870535714285715 0.22544642857142858
13 0.8493303571428571 0.3247767857142857 0.23995535714285715 0.23325892857142858