12 0.5959821428571429 0.3549107142857143 0.10602678571428571 0.10825892857142858
13 0.03794642857142857 0.0859375 0.07589285714285714 0.171875
13 0.036830357142857144 0.29799107142857145 0.07366071428571429 0.296875
13 0.5524553571428571 0.17075892857142858 0.19196428571428573 0.23995535714285715
10 0.39620535714285715 0.10044642857142858 0.28794642857142855 0.20089285714285715
13 0.39174107142857145 0.46316964285714285 0.20200892857142858 0.05022321428571429
0 0.8995535714285714 0.2924107142857143 0.20089285714285715 0.38839285714285715
13 0.041294642857142856 0.8939732142857143 0.08147321428571429 0.21205357142857142
13 0.6004464285714286 0.8392857142857143 0.09598214285714286 0.26004464285714285
13 0.4185267857142857 0.9754464285714286 0.2544642857142857 0.04799107142857143
13 0.12834821428571427 0.5591517857142857 0.25669642857142855 0.14174107142857142
13 0.6194196428571429 0.6227678571428571 0.060267857142857144 0.25
0 0.3705357142857143 0.7142857142857143 0.46651785714285715 0.45200892857142855
13 0.11160714285714286 0.796875 0.22321428571428573 0.27120535714285715
13 0.32700892857142855 0.9709821428571429 0.23995535714285715 0.05803571428571429
13 0.04017857142857143 0.5825892857142857 0.07924107142857142 0.18973214285714285
12 0.8872767857142857 0.9341517857142857 0.09375 0.10044642857142858
3 0.7689732142857143 0.8448660714285714 0.23995535714285715 0.31026785714285715
13 0.7924107142857143 0.6082589285714286 0.25223214285714285 0.23995535714285715