3 0.3125 0.19977678571428573 0.5145089285714286 0.39955357142857145
13 0.05803571428571429 0.31026785714285715 0.11495535714285714 0.17745535714285715
13 0.06808035714285714 0.11383928571428571 0.13616071428571427 0.22767857142857142
13 0.5457589285714286 0.22767857142857142 0.04799107142857143 0.21875
13 0.7700892857142857 0.26339285714285715 0.23325892857142858 0.27120535714285715
12 0.6529017857142857 0.2924107142857143 0.07477678571428571 0.06696428571428571
12 0.8973214285714286 0.3794642857142857 0.14174107142857142 0.03794642857142857
13 0.6607142857142857 0.07477678571428571 0.18303571428571427 0.14955357142857142
13 0.9196428571428571 0.23214285714285715 0.16071428571428573 0.22879464285714285
9 0.37611607142857145 0.6383928571428571 0.3872767857142857 0.47879464285714285
3 0.7845982142857143 0.640625 0.43080357142857145 0.48325892857142855