15 0.12053571428571429 0.08928571428571429 0.05803571428571429 0.07700892857142858
15 0.18638392857142858 0.10267857142857142 0.07924107142857142 0.11272321428571429
15 0.14732142857142858 0.22098214285714285 0.060267857142857144 0.08928571428571429
15 0.12611607142857142 0.3002232142857143 0.07924107142857142 0.11272321428571429
15 0.07366071428571429 0.30691964285714285 0.07924107142857142 0.11272321428571429
15 0.03459821428571429 0.3872767857142857 0.06919642857142858 0.11272321428571429
15 0.23772321428571427 0.07924107142857142 0.07924107142857142 0.11272321428571429
15 0.3314732142857143 0.11607142857142858 0.060267857142857144 0.08370535714285714
15 0.296875 0.0625 0.07924107142857142 0.11272321428571429
15 0.33705357142857145 0.03794642857142857 0.07589285714285714 0.07589285714285714
8 0.6863839285714286 0.6305803571428571 0.04352678571428571 0.08370535714285714
1 0.6607142857142857 0.8214285714285714 0.07924107142857142 0.11272321428571429
1 0.5658482142857143 0.6897321428571429 0.07924107142857142 0.11272321428571429
1 0.47433035714285715 0.7589285714285714 0.07924107142857142 0.11272321428571429
1 0.3939732142857143 0.4408482142857143 0.07924107142857142 0.11272321428571429
15 0.5680803571428571 0.19642857142857142 0.07924107142857142 0.11272321428571429
15 0.5256696428571429 0.22991071428571427 0.07924107142857142 0.11272321428571429
15 0.6194196428571429 0.11272321428571429 0.07924107142857142 0.11272321428571429
15 0.6662946428571429 0.08258928571428571 0.07924107142857142 0.11272321428571429
15 0.7544642857142857 0.07142857142857142 0.07924107142857142 0.11272321428571429
15 0.7767857142857143 0.12834821428571427 0.07924107142857142 0.11272321428571429
15 0.7544642857142857 0.20535714285714285 0.05580357142857143 0.08147321428571429
15 0.7946428571428571 0.05357142857142857 0.08035714285714286 0.10714285714285714
15 0.6495535714285714 0.40401785714285715 0.05803571428571429 0.07700892857142858
15 0.6149553571428571 0.4720982142857143 0.07924107142857142 0.11272321428571429
15 0.5591517857142857 0.3627232142857143 0.06473214285714286 0.08370535714285714
15 0.5055803571428571 0.3794642857142857 0.060267857142857144 0.08705357142857142
15 0.33370535714285715 0.3872767857142857 0.060267857142857144 0.08147321428571429
15 0.46875 0.4408482142857143 0.07924107142857142 0.11272321428571429
15 0.22991071428571427 0.5100446428571429 0.05580357142857143 0.07924107142857142
15 0.15513392857142858 0.5412946428571429 0.060267857142857144 0.07477678571428571
15 0.14508928571428573 0.8325892857142857 0.060267857142857144 0.07477678571428571
15 0.05022321428571429 0.8392857142857143 0.06696428571428571 0.08928571428571429
15 0.24888392857142858 0.7589285714285714 0.06696428571428571 0.08370535714285714
15 0.33370535714285715 0.5334821428571429 0.07924107142857142 0.11272321428571429
15 0.2689732142857143 0.53125 0.07924107142857142 0.11272321428571429
15 0.5368303571428571 0.6272321428571429 0.07924107142857142 0.11272321428571429
15 0.41517857142857145 0.7845982142857143 0.05580357142857143 0.07924107142857142
15 0.46651785714285715 0.8694196428571429 0.06919642857142858 0.09151785714285714
15 0.24330357142857142 0.859375 0.07254464285714286 0.10044642857142858
15 0.5189732142857143 0.9497767857142857 0.05803571428571429 0.06919642857142858
15 0.5993303571428571 0.9129464285714286 0.06473214285714286 0.09375
15 0.7779017857142857 0.7366071428571429 0.06473214285714286 0.08370535714285714
15 0.9587053571428571 0.7879464285714286 0.06473214285714286 0.08370535714285714
15 0.9587053571428571 0.953125 0.07924107142857142 0.09375
15 0.9308035714285714 0.43973214285714285 0.060267857142857144 0.08705357142857142
15 0.8705357142857143 0.4408482142857143 0.06473214285714286 0.08370535714285714
8 0.7533482142857143 0.5066964285714286 0.06473214285714286 0.08370535714285714
15 0.35379464285714285 0.6082589285714286 0.07924107142857142 0.11272321428571429
15 0.14285714285714285 0.7633928571428571 0.07924107142857142 0.08147321428571429
1 0.05357142857142857 0.24888392857142858 0.07254464285714286 0.09375
1 0.7377232142857143 0.6104910714285714 0.08147321428571429 0.07700892857142858
14 0.29799107142857145 0.7834821428571429 0.05022321428571429 0.07477678571428571
2 0.5948660714285714 0.14620535714285715 0.08705357142857142 0.08705357142857142