14 0.6707589285714286 0.5691964285714286 0.05803571428571429 0.05803571428571429
13 0.6495535714285714 0.359375 0.10044642857142858 0.07477678571428571
7 0.7533482142857143 0.5636160714285714 0.11830357142857142 0.10044642857142858
11 0.17299107142857142 0.24441964285714285 0.11495535714285714 0.11495535714285714
7 0.8002232142857143 0.37388392857142855 0.11272321428571429 0.07700892857142858
13 0.9040178571428571 0.6149553571428571 0.10602678571428571 0.07700892857142858
13 0.11383928571428571 0.7020089285714286 0.11272321428571429 0.07924107142857142
17 0.71875 0.7020089285714286 0.11495535714285714 0.09375
17 0.35379464285714285 0.640625 0.12053571428571429 0.07254464285714286
17 0.8314732142857143 0.15401785714285715 0.09598214285714286 0.09151785714285714
17 0.47879464285714285 0.9196428571428571 0.12053571428571429 0.08370535714285714
16 0.6272321428571429 0.20647321428571427 0.11495535714285714 0.09375
7 0.23214285714285715 0.8180803571428571 0.125 0.08928571428571429