10 0.09709821428571429 0.32254464285714285 0.19419642857142858 0.15401785714285715
9 0.7935267857142857 0.17410714285714285 0.41294642857142855 0.3482142857142857
9 0.27455357142857145 0.8314732142857143 0.28794642857142855 0.33705357142857145
13 0.5133928571428571 0.5 0.18973214285714285 0.20200892857142858
6 0.6763392857142857 0.6584821428571429 0.33705357142857145 0.3560267857142857
13 0.921875 0.9542410714285714 0.15625 0.09151785714285714
13 0.484375 0.8995535714285714 0.13392857142857142 0.20089285714285715
13 0.6071428571428571 0.42745535714285715 0.19977678571428573 0.05803571428571429
13 0.8794642857142857 0.5100446428571429 0.23995535714285715 0.22098214285714285
13 0.9765625 0.7042410714285714 0.046875 0.19866071428571427
13 0.8080357142857143 0.8694196428571429 0.21875 0.20424107142857142