1 0.09709821428571429 0.625 0.09375 0.06696428571428571
1 0.33035714285714285 0.5837053571428571 0.08147321428571429 0.07700892857142858
1 0.33370535714285715 0.7254464285714286 0.08370535714285714 0.0625
1 0.5870535714285714 0.7868303571428571 0.09375 0.06919642857142858
1 0.5178571428571429 0.8191964285714286 0.11495535714285714 0.0625
1 0.71875 0.9587053571428571 0.09151785714285714 0.0625
1 0.27120535714285715 0.8772321428571429 0.09598214285714286 0.06696428571428571
1 0.6428571428571429 0.23214285714285715 0.08705357142857142 0.0625
1 0.9162946428571429 0.10379464285714286 0.09375 0.07254464285714286
1 0.8236607142857143 0.6852678571428571 0.09375 0.07477678571428571
1 0.43080357142857145 0.5345982142857143 0.08147321428571429 0.07254464285714286
1 0.3002232142857143 0.22321428571428573 0.09151785714285714 0.06696428571428571
15 0.7667410714285714 0.4029017857142857 0.11272321428571429 0.07700892857142858
17 0.3125 0.6607142857142857 0.08928571428571429 0.0625
17 0.4955357142857143 0.6127232142857143 0.07700892857142858 0.0625
17 0.5814732142857143 0.8660714285714286 0.08147321428571429 0.06696428571428571
17 0.7522321428571429 0.7845982142857143 0.07924107142857142 0.0625
1 0.31138392857142855 0.3325892857142857 0.08370535714285714 0.06696428571428571
1 0.6495535714285714 0.046875 0.07924107142857142 0.06919642857142858
15 0.8180803571428571 0.8738839285714286 0.07924107142857142 0.05803571428571429
15 0.6573660714285714 0.49776785714285715 0.09598214285714286 0.07254464285714286
15 0.5747767857142857 0.5870535714285714 0.08705357142857142 0.06696428571428571
15 0.6674107142857143 0.8292410714285714 0.11272321428571429 0.07700892857142858
14 0.6729910714285714 0.8861607142857143 0.08705357142857142 0.06696428571428571
15 0.7243303571428571 0.8995535714285714 0.07254464285714286 0.06473214285714286
5 0.37723214285714285 0.8348214285714286 0.08370535714285714 0.06696428571428571
8 0.8493303571428571 0.33816964285714285 0.08705357142857142 0.05580357142857143
13 0.8247767857142857 0.10825892857142858 0.08147321428571429 0.0625
1 0.859375 0.4107142857142857 0.08147321428571429 0.05803571428571429
11 0.14620535714285715 0.3080357142857143 0.08147321428571429 0.05803571428571429
13 0.08370535714285714 0.13950892857142858 0.08370535714285714 0.06473214285714286
13 0.17745535714285715 0.6495535714285714 0.10602678571428571 0.07924107142857142
13 0.14397321428571427 0.5591517857142857 0.09598214285714286 0.06696428571428571
13 0.2611607142857143 0.7600446428571429 0.09151785714285714 0.06696428571428571
13 0.20647321428571427 0.8102678571428571 0.08147321428571429 0.0625
11 0.37276785714285715 0.7667410714285714 0.09598214285714286 0.0625
13 0.5658482142857143 0.96875 0.08928571428571429 0.060267857142857144
13 0.9375 0.9229910714285714 0.09151785714285714 0.06696428571428571
13 0.9441964285714286 0.8370535714285714 0.09821428571428571 0.07477678571428571
13 0.8727678571428571 0.7511160714285714 0.09151785714285714 0.06919642857142858
13 0.90625 0.6819196428571429 0.08147321428571429 0.06473214285714286
13 0.96875 0.6506696428571429 0.0625 0.07477678571428571
13 0.9609375 0.546875 0.078125 0.06696428571428571
13 0.9475446428571429 0.4732142857142857 0.08705357142857142 0.06919642857142858
13 0.8549107142857143 0.48325892857142855 0.08705357142857142 0.06696428571428571
13 0.8950892857142857 0.2779017857142857 0.09821428571428571 0.07254464285714286
13 0.7790178571428571 0.18080357142857142 0.10044642857142858 0.07254464285714286
13 0.7243303571428571 0.12276785714285714 0.09375 0.06696428571428571
13 0.7823660714285714 0.04799107142857143 0.08370535714285714 0.06919642857142858
13 0.8627232142857143 0.027901785714285716 0.08928571428571429 0.05580357142857143
13 0.6004464285714286 0.16629464285714285 0.09375 0.07254464285714286
13 0.39285714285714285 0.22209821428571427 0.09151785714285714 0.06696428571428571
13 0.21763392857142858 0.08482142857142858 0.09151785714285714 0.07254464285714286
13 0.2845982142857143 0.39955357142857145 0.08705357142857142 0.06696428571428571
13 0.27120535714285715 0.4720982142857143 0.08147321428571429 0.0625
13 0.35379464285714285 0.48995535714285715 0.08705357142857142 0.07254464285714286
13 0.20424107142857142 0.35825892857142855 0.09375 0.06696428571428571
13 0.03794642857142857 0.45089285714285715 0.07589285714285714 0.06696428571428571
13 0.3794642857142857 0.37723214285714285 0.07700892857142858 0.06473214285714286
13 0.8002232142857143 0.28348214285714285 0.08928571428571429 0.0625