17 0.10379464285714286 0.17299107142857142 0.07924107142857142 0.09821428571428571
17 0.2767857142857143 0.13169642857142858 0.08928571428571429 0.11830357142857142
17 0.6272321428571429 0.14174107142857142 0.08705357142857142 0.10602678571428571
17 0.5122767857142857 0.4966517857142857 0.08147321428571429 0.10379464285714286
17 0.43638392857142855 0.49441964285714285 0.08705357142857142 0.11049107142857142
17 0.4486607142857143 0.38839285714285715 0.07924107142857142 0.10379464285714286
17 0.33035714285714285 0.6886160714285714 0.08147321428571429 0.10602678571428571
17 0.359375 0.6261160714285714 0.08147321428571429 0.09598214285714286
17 0.5424107142857143 0.6785714285714286 0.08370535714285714 0.11049107142857142
17 0.5613839285714286 0.8325892857142857 0.07924107142857142 0.10825892857142858
17 0.7020089285714286 0.6261160714285714 0.08147321428571429 0.10602678571428571
17 0.9029017857142857 0.15066964285714285 0.08370535714285714 0.09375
17 0.7600446428571429 0.11383928571428571 0.07477678571428571 0.09821428571428571
17 0.7912946428571429 0.046875 0.06919642857142858 0.08928571428571429
17 0.6852678571428571 0.04017857142857143 0.06919642857142858 0.07924107142857142
17 0.9263392857142857 0.5401785714285714 0.07924107142857142 0.11272321428571429
17 0.84375 0.5892857142857143 0.08705357142857142 0.11830357142857142
15 0.39955357142857145 0.7801339285714286 0.06696428571428571 0.09151785714285714
15 0.46651785714285715 0.7645089285714286 0.06696428571428571 0.09151785714285714
15 0.4888392857142857 0.8917410714285714 0.06919642857142858 0.08928571428571429
15 0.25558035714285715 0.6763392857142857 0.07700892857142858 0.10602678571428571
15 0.171875 0.6986607142857143 0.08705357142857142 0.09375
15 0.22544642857142858 0.7645089285714286 0.07700892857142858 0.09598214285714286
18 0.27455357142857145 0.8917410714285714 0.11272321428571429 0.10044642857142858
15 0.45982142857142855 0.22321428571428573 0.06919642857142858 0.08147321428571429
5 0.6941964285714286 0.3950892857142857 0.08370535714285714 0.10602678571428571
5 0.12388392857142858 0.2779017857142857 0.09151785714285714 0.10044642857142858
17 0.7098214285714286 0.26674107142857145 0.07700892857142858 0.11272321428571429
17 0.4799107142857143 0.2935267857142857 0.09151785714285714 0.09821428571428571
17 0.5301339285714286 0.31808035714285715 0.07924107142857142 0.10825892857142858
17 0.7845982142857143 0.26450892857142855 0.07924107142857142 0.11272321428571429
11 0.8761160714285714 0.7745535714285714 0.07477678571428571 0.12276785714285714
15 0.8113839285714286 0.9375 0.06919642857142858 0.10044642857142858
17 0.08816964285714286 0.5055803571428571 0.08705357142857142 0.11049107142857142
17 0.6127232142857143 0.04017857142857143 0.06919642857142858 0.07924107142857142
17 0.9676339285714286 0.19866071428571427 0.06473214285714286 0.09821428571428571
17 0.8660714285714286 0.9051339285714286 0.08928571428571429 0.13727678571428573
13 0.5915178571428571 0.4107142857142857 0.07254464285714286 0.09598214285714286
13 0.5524553571428571 0.08035714285714286 0.07477678571428571 0.10044642857142858
15 0.11607142857142858 0.08705357142857142 0.06919642857142858 0.08147321428571429
14 0.17522321428571427 0.4095982142857143 0.05022321428571429 0.07254464285714286
14 0.29017857142857145 0.41517857142857145 0.06919642857142858 0.052455357142857144
14 0.9185267857142857 0.9598214285714286 0.05580357142857143 0.06696428571428571
17 0.5334821428571429 0.7700892857142857 0.07924107142857142 0.10602678571428571
17 0.4419642857142857 0.6305803571428571 0.08705357142857142 0.11272321428571429
13 0.6551339285714286 0.5524553571428571 0.07924107142857142 0.10602678571428571
17 0.7310267857142857 0.5167410714285714 0.09375 0.11272321428571429
14 0.8861607142857143 0.38058035714285715 0.04575892857142857 0.08928571428571429
5 0.22209821428571427 0.24665178571428573 0.07254464285714286 0.09598214285714286
5 0.3236607142857143 0.21205357142857142 0.06919642857142858 0.08928571428571429
18 0.8080357142857143 0.71875 0.09598214285714286 0.11830357142857142
11 0.8169642857142857 0.37276785714285715 0.08705357142857142 0.11049107142857142