18 0.8727678571428571 0.6216517857142857 0.11272321428571429 0.07700892857142858
17 0.29017857142857145 0.7779017857142857 0.11272321428571429 0.07700892857142858
17 0.06473214285714286 0.8080357142857143 0.11272321428571429 0.07700892857142858
17 0.13616071428571427 0.7243303571428571 0.11272321428571429 0.07924107142857142
17 0.6026785714285714 0.8638392857142857 0.11272321428571429 0.07700892857142858
17 0.7064732142857143 0.8225446428571429 0.11272321428571429 0.07700892857142858
17 0.9352678571428571 0.7120535714285714 0.11272321428571429 0.07700892857142858
17 0.8582589285714286 0.421875 0.11272321428571429 0.07700892857142858
17 0.5959821428571429 0.09486607142857142 0.11272321428571429 0.07700892857142858
17 0.06808035714285714 0.027901785714285716 0.11272321428571429 0.05580357142857143
11 0.21540178571428573 0.8962053571428571 0.11272321428571429 0.07700892857142858
11 0.47433035714285715 0.2622767857142857 0.11272321428571429 0.07700892857142858
5 0.9118303571428571 0.8504464285714286 0.11272321428571429 0.07924107142857142
5 0.90625 0.9520089285714286 0.11272321428571429 0.07924107142857142
5 0.5513392857142857 0.19308035714285715 0.11272321428571429 0.07700892857142858
14 0.05915178571428571 0.6886160714285714 0.11272321428571429 0.07924107142857142
14 0.12611607142857142 0.9743303571428571 0.11272321428571429 0.05022321428571429
13 0.5569196428571429 0.7779017857142857 0.11272321428571429 0.07700892857142858
11 0.16294642857142858 0.44308035714285715 0.08928571428571429 0.07700892857142858
17 0.11607142857142858 0.12611607142857142 0.11272321428571429 0.07700892857142858
13 0.9441964285714286 0.3939732142857143 0.11049107142857142 0.07700892857142858
13 0.9185267857142857 0.5345982142857143 0.11272321428571429 0.07700892857142858
15 0.48325892857142855 0.5368303571428571 0.11272321428571429 0.07700892857142858
5 0.84375 0.03236607142857143 0.11272321428571429 0.0625
15 0.11049107142857142 0.9095982142857143 0.11272321428571429 0.07700892857142858
15 0.060267857142857144 0.8738839285714286 0.11272321428571429 0.07700892857142858
13 0.7924107142857143 0.7555803571428571 0.11272321428571429 0.07924107142857142
13 0.6227678571428571 0.6930803571428571 0.11272321428571429 0.07700892857142858
13 0.45982142857142855 0.7165178571428571 0.11272321428571429 0.07700892857142858
13 0.5535714285714286 0.9520089285714286 0.11272321428571429 0.07700892857142858
13 0.34933035714285715 0.6941964285714286 0.10044642857142858 0.07700892857142858
13 0.7154017857142857 0.2622767857142857 0.11272321428571429 0.07700892857142858
13 0.484375 0.12611607142857142 0.11272321428571429 0.07700892857142858
13 0.8381696428571429 0.20200892857142858 0.11272321428571429 0.07700892857142858