1 0.7131696428571429 0.36830357142857145 0.10379464285714286 0.06473214285714286
1 0.7287946428571429 0.296875 0.08928571428571429 0.07254464285714286
1 0.5881696428571429 0.6316964285714286 0.09151785714285714 0.0625
1 0.4877232142857143 0.6886160714285714 0.07700892857142858 0.07924107142857142
14 0.32142857142857145 0.5725446428571429 0.08370535714285714 0.06473214285714286
1 0.09486607142857142 0.7232142857142857 0.11049107142857142 0.06473214285714286
12 0.8504464285714286 0.8002232142857143 0.04799107142857143 0.03571428571428571
12 0.36607142857142855 0.8861607142857143 0.033482142857142856 0.024553571428571428
12 0.8727678571428571 0.16183035714285715 0.03794642857142857 0.026785714285714284
1 0.8950892857142857 0.36049107142857145 0.09821428571428571 0.07477678571428571
7 0.7511160714285714 0.5870535714285714 0.125 0.10044642857142858