13 0.19642857142857142 0.07366071428571429 0.11272321428571429 0.07700892857142858
13 0.3125 0.0625 0.11272321428571429 0.07700892857142858
13 0.3158482142857143 0.13169642857142858 0.11272321428571429 0.07700892857142858
13 0.20424107142857142 0.14508928571428573 0.11272321428571429 0.07700892857142858
13 0.15848214285714285 0.20758928571428573 0.11272321428571429 0.07700892857142858
13 0.060267857142857144 0.19754464285714285 0.11272321428571429 0.07700892857142858
13 0.049107142857142856 0.265625 0.09598214285714286 0.07700892857142858
13 0.07924107142857142 0.36049107142857145 0.11272321428571429 0.07700892857142858
13 0.08258928571428571 0.40736607142857145 0.11272321428571429 0.07700892857142858
13 0.10267857142857142 0.4799107142857143 0.11272321428571429 0.07700892857142858
13 0.29017857142857145 0.4877232142857143 0.11272321428571429 0.07700892857142858
13 0.31808035714285715 0.5625 0.11272321428571429 0.07700892857142858
13 0.36049107142857145 0.5111607142857143 0.11272321428571429 0.07700892857142858
13 0.06473214285714286 0.5770089285714286 0.11272321428571429 0.07700892857142858
13 0.09709821428571429 0.890625 0.11272321428571429 0.07924107142857142
13 0.5747767857142857 0.28683035714285715 0.11272321428571429 0.07700892857142858
13 0.6852678571428571 0.37611607142857145 0.11272321428571429 0.07700892857142858
13 0.7589285714285714 0.43861607142857145 0.11272321428571429 0.07700892857142858
13 0.6930803571428571 0.49441964285714285 0.11272321428571429 0.07700892857142858
13 0.6685267857142857 0.5591517857142857 0.11272321428571429 0.07700892857142858
13 0.7377232142857143 0.6082589285714286 0.11272321428571429 0.07700892857142858
13 0.8002232142857143 0.6506696428571429 0.11272321428571429 0.07700892857142858
13 0.8415178571428571 0.7254464285714286 0.11272321428571429 0.07924107142857142
13 0.7979910714285714 0.7700892857142857 0.11272321428571429 0.07924107142857142
13 0.6082589285714286 0.8080357142857143 0.11272321428571429 0.07924107142857142
13 0.49441964285714285 0.8169642857142857 0.11272321428571429 0.07700892857142858
13 0.13058035714285715 0.8325892857142857 0.11272321428571429 0.07924107142857142
13 0.12165178571428571 0.7600446428571429 0.11272321428571429 0.07700892857142858
13 0.17633928571428573 0.7299107142857143 0.11272321428571429 0.07700892857142858
13 0.31473214285714285 0.6372767857142857 0.11272321428571429 0.07700892857142858
13 0.4029017857142857 0.6674107142857143 0.11272321428571429 0.07700892857142858
13 0.3404017857142857 0.7433035714285714 0.11272321428571429 0.07700892857142858
13 0.4341517857142857 0.5625 0.11272321428571429 0.07700892857142858
13 0.4185267857142857 0.4341517857142857 0.11272321428571429 0.07700892857142858
13 0.5915178571428571 0.46205357142857145 0.11272321428571429 0.07700892857142858
13 0.6439732142857143 0.4330357142857143 0.11272321428571429 0.07700892857142858
13 0.8627232142857143 0.25111607142857145 0.11272321428571429 0.07700892857142858
13 0.9185267857142857 0.6830357142857143 0.11272321428571429 0.07924107142857142
11 0.8381696428571429 0.8995535714285714 0.11272321428571429 0.07700892857142858
13 0.42299107142857145 0.09821428571428571 0.11272321428571429 0.07700892857142858
13 0.8470982142857143 0.12053571428571429 0.11272321428571429 0.07700892857142858
13 0.8035714285714286 0.21428571428571427 0.11272321428571429 0.07700892857142858
13 0.6685267857142857 0.10825892857142858 0.11272321428571429 0.07700892857142858
13 0.6964285714285714 0.2935267857142857 0.11272321428571429 0.07700892857142858
13 0.6138392857142857 0.34933035714285715 0.11272321428571429 0.07700892857142858
13 0.9185267857142857 0.13950892857142858 0.11272321428571429 0.07700892857142858
13 0.6026785714285714 0.6138392857142857 0.11272321428571429 0.07700892857142858
13 0.6584821428571429 0.6506696428571429 0.11272321428571429 0.07700892857142858
13 0.40066964285714285 0.6205357142857143 0.11272321428571429 0.07700892857142858
13 0.05022321428571429 0.7154017857142857 0.10044642857142858 0.07924107142857142
13 0.5200892857142857 0.5011160714285714 0.11272321428571429 0.07700892857142858
13 0.4095982142857143 0.8504464285714286 0.11272321428571429 0.07700892857142858
13 0.2935267857142857 0.7745535714285714 0.11272321428571429 0.07700892857142858
13 0.3158482142857143 0.8917410714285714 0.11272321428571429 0.07700892857142858
13 0.43973214285714285 0.921875 0.11272321428571429 0.07700892857142858
13 0.24107142857142858 0.9408482142857143 0.11272321428571429 0.07700892857142858
13 0.7611607142857143 0.8794642857142857 0.11272321428571429 0.07924107142857142
13 0.6395089285714286 0.7555803571428571 0.11272321428571429 0.07700892857142858
13 0.6060267857142857 0.71875 0.11272321428571429 0.07700892857142858
13 0.9464285714285714 0.5770089285714286 0.10714285714285714 0.078125
13 0.953125 0.5167410714285714 0.09375 0.07700892857142858
13 0.8973214285714286 0.43080357142857145 0.11272321428571429 0.07700892857142858
13 0.8939732142857143 0.5212053571428571 0.11272321428571429 0.07700892857142858
13 0.875 0.6004464285714286 0.11272321428571429 0.07700892857142858
13 0.32700892857142855 0.4252232142857143 0.11272321428571429 0.07700892857142858
13 0.052455357142857144 0.9430803571428571 0.10491071428571429 0.078125
13 0.046875 0.6395089285714286 0.09375 0.07700892857142858
13 0.04017857142857143 0.859375 0.07924107142857142 0.07700892857142858
13 0.5111607142857143 0.9654017857142857 0.11272321428571429 0.06696428571428571
13 0.6372767857142857 0.9520089285714286 0.11272321428571429 0.07924107142857142
13 0.6930803571428571 0.9676339285714286 0.11272321428571429 0.06473214285714286
13 0.9073660714285714 0.9229910714285714 0.09375 0.07254464285714286
13 0.9408482142857143 0.8850446428571429 0.11272321428571429 0.07700892857142858
13 0.9587053571428571 0.8404017857142857 0.08147321428571429 0.07700892857142858
13 0.9508928571428571 0.8069196428571429 0.09598214285714286 0.07700892857142858
13 0.6875 0.8537946428571429 0.11272321428571429 0.07924107142857142
13 0.38950892857142855 0.7399553571428571 0.11272321428571429 0.07700892857142858
13 0.23549107142857142 0.6316964285714286 0.11272321428571429 0.07700892857142858
13 0.15066964285714285 0.6316964285714286 0.11272321428571429 0.07700892857142858
13 0.22209821428571427 0.33370535714285715 0.11272321428571429 0.07700892857142858
13 0.14508928571428573 0.31808035714285715 0.11272321428571429 0.07700892857142858
13 0.19308035714285715 0.5055803571428571 0.11272321428571429 0.07700892857142858
13 0.4341517857142857 0.04352678571428571 0.11272321428571429 0.07700892857142858
13 0.49441964285714285 0.09709821428571429 0.11272321428571429 0.07700892857142858
13 0.5736607142857143 0.0625 0.11272321428571429 0.07700892857142858
13 0.6875 0.04352678571428571 0.11272321428571429 0.07700892857142858
13 0.9341517857142857 0.0625 0.11272321428571429 0.07700892857142858
13 0.8236607142857143 0.029017857142857144 0.11272321428571429 0.05803571428571429
13 0.9542410714285714 0.20535714285714285 0.09151785714285714 0.07924107142857142
13 0.9564732142857143 0.29129464285714285 0.08705357142857142 0.07700892857142858
13 0.47433035714285715 0.21428571428571427 0.11272321428571429 0.07700892857142858
13 0.5814732142857143 0.8917410714285714 0.11272321428571429 0.07700892857142858
11 0.7901785714285714 0.9252232142857143 0.11272321428571429 0.07700892857142858
13 0.6082589285714286 0.15290178571428573 0.11272321428571429 0.07700892857142858
11 0.18415178571428573 0.4564732142857143 0.11272321428571429 0.07700892857142858
13 0.10602678571428571 0.5301339285714286 0.11272321428571429 0.07700892857142858
13 0.3091517857142857 0.9620535714285714 0.11383928571428571 0.07589285714285714
13 0.9620535714285714 0.3638392857142857 0.07589285714285714 0.07589285714285714
13 0.9587053571428571 0.44419642857142855 0.08147321428571429 0.07700892857142858
13 0.9386160714285714 0.9743303571428571 0.11272321428571429 0.05022321428571429
13 0.5814732142857143 0.029017857142857144 0.11272321428571429 0.05803571428571429
13 0.5703125 0.9776785714285714 0.11383928571428571 0.044642857142857144
13 0.11049107142857142 0.9732142857142857 0.11272321428571429 0.052455357142857144
13 0.11049107142857142 0.03236607142857143 0.11272321428571429 0.0625
13 0.033482142857142856 0.05580357142857143 0.06696428571428571 0.07700892857142858
13 0.04017857142857143 0.13950892857142858 0.07924107142857142 0.07700892857142858
13 0.036830357142857144 0.4720982142857143 0.07366071428571429 0.078125
13 0.5033482142857143 0.3482142857142857 0.11272321428571429 0.07700892857142858
11 0.75 0.16071428571428573 0.11272321428571429 0.07700892857142858
13 0.8549107142857143 0.34933035714285715 0.11272321428571429 0.07700892857142858
13 0.35267857142857145 0.9408482142857143 0.11272321428571429 0.07924107142857142
13 0.9095982142857143 0.7533482142857143 0.11272321428571429 0.07700892857142858
13 0.31026785714285715 0.31919642857142855 0.11272321428571429 0.07700892857142858
13 0.8091517857142857 0.2924107142857143 0.11272321428571429 0.07700892857142858
13 0.8214285714285714 0.4799107142857143 0.11272321428571429 0.07700892857142858
11 0.7388392857142857 0.11049107142857142 0.11272321428571429 0.07700892857142858