13 0.39620535714285715 0.2924107142857143 0.0625 0.17522321428571427
13 0.36049107142857145 0.10267857142857142 0.13504464285714285 0.20424107142857142
13 0.27901785714285715 0.34486607142857145 0.23549107142857142 0.06919642857142858
3 0.07700892857142858 0.1875 0.15401785714285715 0.375
13 0.23102678571428573 0.22544642857142858 0.23772321428571427 0.23102678571428573
13 0.20200892857142858 0.06473214285714286 0.25 0.12946428571428573
13 0.09709821428571429 0.32924107142857145 0.19419642857142858 0.10044642857142858
13 0.6506696428571429 0.05357142857142857 0.28348214285714285 0.10714285714285714
13 0.47098214285714285 0.30245535714285715 0.08705357142857142 0.15401785714285715
13 0.5167410714285714 0.056919642857142856 0.17745535714285715 0.11272321428571429
13 0.9274553571428571 0.17857142857142858 0.14397321428571427 0.21875
3 0.7008928571428571 0.20089285714285715 0.53125 0.35825892857142855
13 0.8828125 0.04799107142857143 0.234375 0.09598214285714286
13 0.041294642857142856 0.48214285714285715 0.08147321428571429 0.20424107142857142
13 0.12165178571428571 0.9185267857142857 0.24330357142857142 0.16294642857142858
6 0.171875 0.7276785714285714 0.34375 0.37276785714285715
0 0.6707589285714286 0.6919642857142857 0.47879464285714285 0.4330357142857143
10 0.7801339285714286 0.9252232142857143 0.43973214285714285 0.14955357142857142