3 0.26450892857142855 0.11830357142857142 0.5290178571428571 0.23549107142857142
3 0.26004464285714285 0.29129464285714285 0.5189732142857143 0.2544642857142857
13 0.9151785714285714 0.34375 0.16964285714285715 0.14732142857142858
12 0.6674107142857143 0.09486607142857142 0.05580357142857143 0.07924107142857142
13 0.9553571428571429 0.31026785714285715 0.08928571428571429 0.21651785714285715
3 0.7712053571428571 0.29464285714285715 0.26450892857142855 0.24776785714285715
13 0.022321428571428572 0.9274553571428571 0.044642857142857144 0.140625
13 0.11830357142857142 0.8761160714285714 0.23549107142857142 0.24776785714285715
13 0.12611607142857142 0.48325892857142855 0.24776785714285715 0.12946428571428573
13 0.5680803571428571 0.6517857142857143 0.14174107142857142 0.2544642857142857
13 0.22544642857142858 0.6294642857142857 0.22321428571428573 0.24330357142857142
3 0.4107142857142857 0.7979910714285714 0.4564732142857143 0.40401785714285715
13 0.38950892857142855 0.5022321428571429 0.24553571428571427 0.16852678571428573
3 0.8939732142857143 0.7633928571428571 0.21205357142857142 0.4732142857142857