13 0.9564732142857143 0.6026785714285714 0.08147321428571429 0.26674107142857145
3 0.5011160714285714 0.49441964285714285 0.4642857142857143 0.46651785714285715
13 0.33705357142857145 0.7589285714285714 0.24330357142857142 0.22879464285714285
13 0.32700892857142855 0.9497767857142857 0.22544642857142858 0.09598214285714286
13 0.9285714285714286 0.21763392857142858 0.13727678571428573 0.22098214285714285
13 0.8325892857142857 0.41629464285714285 0.22879464285714285 0.19977678571428573
13 0.8582589285714286 0.7053571428571429 0.25669642857142855 0.22544642857142858
13 0.7220982142857143 0.17745535714285715 0.27120535714285715 0.25223214285714285
13 0.11830357142857142 0.3236607142857143 0.23102678571428573 0.22321428571428573
13 0.15290178571428573 0.8761160714285714 0.22321428571428573 0.22098214285714285
13 0.7075892857142857 0.9196428571428571 0.23325892857142858 0.16071428571428573