14 0.43973214285714285 0.3627232142857143 0.07700892857142858 0.06696428571428571
14 0.21428571428571427 0.7868303571428571 0.0625 0.07477678571428571
14 0.1875 0.8381696428571429 0.07700892857142858 0.052455357142857144
14 0.26450892857142855 0.8950892857142857 0.10044642857142858 0.04352678571428571
14 0.16517857142857142 0.6841517857142857 0.08705357142857142 0.05803571428571429
14 0.109375 0.7276785714285714 0.11049107142857142 0.052455357142857144
5 0.8772321428571429 0.20424107142857142 0.11272321428571429 0.07700892857142858
5 0.8805803571428571 0.36941964285714285 0.11272321428571429 0.07700892857142858
5 0.34598214285714285 0.20870535714285715 0.11272321428571429 0.07700892857142858
5 0.44308035714285715 0.22321428571428573 0.11272321428571429 0.07700892857142858
5 0.5055803571428571 0.08705357142857142 0.11272321428571429 0.07700892857142858
5 0.5089285714285714 0.16183035714285715 0.11272321428571429 0.07700892857142858
5 0.8660714285714286 0.6026785714285714 0.11272321428571429 0.07700892857142858
5 0.6283482142857143 0.7332589285714286 0.11272321428571429 0.07700892857142858
5 0.6272321428571429 0.8069196428571429 0.11272321428571429 0.07700892857142858
5 0.9441964285714286 0.7511160714285714 0.10044642857142858 0.07254464285714286
5 0.390625 0.7924107142857143 0.09598214285714286 0.07254464285714286
5 0.39955357142857145 0.8716517857142857 0.09151785714285714 0.06919642857142858
5 0.09375 0.9363839285714286 0.11049107142857142 0.07924107142857142
5 0.22767857142857142 0.6305803571428571 0.11272321428571429 0.07700892857142858
11 0.24776785714285715 0.7299107142857143 0.11272321428571429 0.07924107142857142
13 0.3549107142857143 0.6127232142857143 0.11272321428571429 0.07700892857142858
11 0.7377232142857143 0.5792410714285714 0.11272321428571429 0.07700892857142858
5 0.7276785714285714 0.5033482142857143 0.11272321428571429 0.07700892857142858
5 0.6540178571428571 0.14397321428571427 0.11272321428571429 0.07700892857142858
1 0.21986607142857142 0.43080357142857145 0.07700892857142858 0.05803571428571429
5 0.20982142857142858 0.35044642857142855 0.10044642857142858 0.07700892857142858
5 0.23214285714285715 0.3125 0.11495535714285714 0.06473214285714286
11 0.4408482142857143 0.5133928571428571 0.09375 0.06696428571428571
5 0.48325892857142855 0.31473214285714285 0.08705357142857142 0.07700892857142858
5 0.35825892857142855 0.7087053571428571 0.10044642857142858 0.07254464285714286