10 0.34933035714285715 0.29017857142857145 0.35825892857142855 0.3002232142857143
0 0.6729910714285714 0.2533482142857143 0.28794642857142855 0.37276785714285715
13 0.8571428571428571 0.38169642857142855 0.23772321428571427 0.11495535714285714
0 0.7020089285714286 0.09933035714285714 0.34598214285714285 0.19866071428571427
13 0.9542410714285714 0.13839285714285715 0.09151785714285714 0.2622767857142857
13 0.8783482142857143 0.06919642857142858 0.24330357142857142 0.13839285714285715
13 0.8660714285714286 0.22767857142857142 0.24330357142857142 0.25223214285714285
0 0.32700892857142855 0.7276785714285714 0.40401785714285715 0.5446428571428571
6 0.7645089285714286 0.7890625 0.47098214285714285 0.421875
13 0.5602678571428571 0.6852678571428571 0.0625 0.26450892857142855
13 0.6941964285714286 0.5301339285714286 0.27901785714285715 0.18080357142857142
13 0.9196428571428571 0.9252232142857143 0.16071428571428573 0.14955357142857142