1 0.25111607142857145 0.6595982142857143 0.09821428571428571 0.06473214285714286
1 0.32142857142857145 0.5870535714285714 0.09375 0.07700892857142858
1 0.6138392857142857 0.15178571428571427 0.09598214285714286 0.06696428571428571
1 0.9040178571428571 0.24776785714285715 0.09598214285714286 0.07254464285714286
1 0.5904017857142857 0.8348214285714286 0.08705357142857142 0.0625
17 0.7276785714285714 0.36049107142857145 0.11272321428571429 0.07700892857142858
17 0.875 0.12165178571428571 0.09821428571428571 0.06473214285714286
1 0.8683035714285714 0.3091517857142857 0.08705357142857142 0.07254464285714286
1 0.8660714285714286 0.4107142857142857 0.08705357142857142 0.07254464285714286
12 0.7879464285714286 0.6752232142857143 0.04352678571428571 0.033482142857142856
12 0.7220982142857143 0.21428571428571427 0.03794642857142857 0.029017857142857144
12 0.7857142857142857 0.049107142857142856 0.04352678571428571 0.024553571428571428
12 0.47767857142857145 0.44308035714285715 0.033482142857142856 0.03125
12 0.08705357142857142 0.3325892857142857 0.04799107142857143 0.03125
12 0.06696428571428571 0.26674107142857145 0.03571428571428571 0.026785714285714284
12 0.03125 0.19084821428571427 0.029017857142857144 0.029017857142857144
12 0.10714285714285714 0.8303571428571429 0.04799107142857143 0.03125
12 0.2935267857142857 0.8314732142857143 0.03794642857142857 0.03571428571428571
12 0.7209821428571429 0.8392857142857143 0.033482142857142856 0.03125
12 0.7912946428571429 0.7912946428571429 0.03794642857142857 0.026785714285714284
12 0.8247767857142857 0.8214285714285714 0.029017857142857144 0.033482142857142856
12 0.9375 0.9899553571428571 0.033482142857142856 0.018973214285714284
12 0.8515625 0.9921875 0.04241071428571429 0.015625
1 0.11160714285714286 0.23995535714285715 0.08147321428571429 0.06696428571428571
18 0.44754464285714285 0.5636160714285714 0.08147321428571429 0.09375