17 0.35714285714285715 0.6741071428571429 0.10044642857142858 0.07700892857142858
13 0.5647321428571429 0.3638392857142857 0.10379464285714286 0.07700892857142858
13 0.5770089285714286 0.7823660714285714 0.09598214285714286 0.07254464285714286
18 0.6986607142857143 0.04799107142857143 0.08705357142857142 0.08370535714285714
18 0.8136160714285714 0.39620535714285715 0.07924107142857142 0.060267857142857144
18 0.15066964285714285 0.5223214285714286 0.08147321428571429 0.09598214285714286
18 0.10379464285714286 0.3950892857142857 0.08705357142857142 0.08705357142857142
18 0.578125 0.6919642857142857 0.10602678571428571 0.08147321428571429
18 0.8537946428571429 0.022321428571428572 0.07924107142857142 0.04352678571428571
18 0.7366071428571429 0.23995535714285715 0.06696428571428571 0.06696428571428571
14 0.39955357142857145 0.46316964285714285 0.05803571428571429 0.07477678571428571
14 0.39732142857142855 0.5714285714285714 0.04352678571428571 0.05022321428571429
14 0.46875 0.38839285714285715 0.06473214285714286 0.041294642857142856
14 0.7064732142857143 0.3404017857142857 0.08370535714285714 0.04352678571428571
14 0.7600446428571429 0.31026785714285715 0.04352678571428571 0.052455357142857144
14 0.6439732142857143 0.36941964285714285 0.0625 0.052455357142857144
14 0.6462053571428571 0.42410714285714285 0.09821428571428571 0.052455357142857144
14 0.21651785714285715 0.5848214285714286 0.04575892857142857 0.04352678571428571
14 0.171875 0.6350446428571429 0.060267857142857144 0.03794642857142857
14 0.7555803571428571 0.15736607142857142 0.0625 0.052455357142857144
14 0.39285714285714285 0.9107142857142857 0.0625 0.060267857142857144
14 0.875 0.5758928571428571 0.04352678571428571 0.05803571428571429
14 0.9229910714285714 0.6127232142857143 0.06696428571428571 0.04575892857142857
14 0.7555803571428571 0.5915178571428571 0.07700892857142858 0.07700892857142858
14 0.109375 0.9330357142857143 0.0625 0.06696428571428571
12 0.5591517857142857 0.8314732142857143 0.029017857142857144 0.021205357142857144
12 0.4810267857142857 0.13839285714285715 0.033482142857142856 0.024553571428571428
12 0.48325892857142855 0.08705357142857142 0.03794642857142857 0.024553571428571428
12 0.32589285714285715 0.12946428571428573 0.03571428571428571 0.029017857142857144
17 0.15736607142857142 0.7901785714285714 0.09151785714285714 0.06473214285714286