13 0.421875 0.7924107142857143 0.18973214285714285 0.17299107142857142
13 0.020089285714285716 0.41629464285714285 0.04017857142857143 0.21205357142857142
13 0.027901785714285716 0.7834821428571429 0.05580357142857143 0.19419642857142858
13 0.27901785714285715 0.09263392857142858 0.2544642857142857 0.18526785714285715
13 0.9698660714285714 0.7645089285714286 0.060267857142857144 0.21205357142857142
13 0.056919642857142856 0.7120535714285714 0.10825892857142858 0.22098214285714285
13 0.9051339285714286 0.5926339285714286 0.18973214285714285 0.26450892857142855
13 0.43861607142857145 0.12723214285714285 0.23995535714285715 0.20647321428571427
13 0.22321428571428573 0.8761160714285714 0.23549107142857142 0.22544642857142858
13 0.09598214285714286 0.9285714285714286 0.1875 0.14174107142857142
13 0.3482142857142857 0.6529017857142857 0.22544642857142858 0.19977678571428573
13 0.46316964285714285 0.8995535714285714 0.20758928571428573 0.20089285714285715
13 0.060267857142857144 0.5200892857142857 0.11495535714285714 0.18080357142857142
13 0.328125 0.9419642857142857 0.19419642857142858 0.11495535714285714
6 0.6127232142857143 0.5 0.49330357142857145 0.4955357142857143
10 0.9207589285714286 0.23549107142857142 0.15848214285714285 0.38950892857142855
13 0.21540178571428573 0.14174107142857142 0.22544642857142858 0.17745535714285715
13 0.13950892857142858 0.37388392857142855 0.22879464285714285 0.21428571428571427
13 0.8136160714285714 0.7600446428571429 0.20647321428571427 0.19754464285714285