13 0.7131696428571429 0.7198660714285714 0.11272321428571429 0.07700892857142858
13 0.5993303571428571 0.6004464285714286 0.08928571428571429 0.07254464285714286
11 0.5267857142857143 0.39732142857142855 0.09598214285714286 0.07254464285714286
13 0.09040178571428571 0.296875 0.11272321428571429 0.07700892857142858
13 0.42410714285714285 0.7544642857142857 0.09151785714285714 0.0625
7 0.7645089285714286 0.30691964285714285 0.11272321428571429 0.07700892857142858
17 0.9263392857142857 0.06584821428571429 0.10602678571428571 0.07700892857142858
13 0.5636160714285714 0.1875 0.08705357142857142 0.06696428571428571
13 0.9575892857142857 0.8292410714285714 0.08370535714285714 0.06696428571428571
11 0.07254464285714286 0.6763392857142857 0.07477678571428571 0.06473214285714286
11 0.6272321428571429 0.7321428571428571 0.08705357142857142 0.07700892857142858
13 0.9497767857142857 0.6841517857142857 0.10044642857142858 0.07924107142857142
13 0.29910714285714285 0.19977678571428573 0.08928571428571429 0.0625
1 0.30357142857142855 0.7555803571428571 0.10379464285714286 0.06696428571428571
11 0.32924107142857145 0.2544642857142857 0.10825892857142858 0.05803571428571429
14 0.13504464285714285 0.5111607142857143 0.06696428571428571 0.05580357142857143
1 0.8839285714285714 0.8091517857142857 0.08147321428571429 0.08705357142857142
11 0.8850446428571429 0.2779017857142857 0.08928571428571429 0.07254464285714286
7 0.4877232142857143 0.171875 0.08705357142857142 0.08705357142857142
17 0.45424107142857145 0.5558035714285714 0.08147321428571429 0.06696428571428571
7 0.8727678571428571 0.4564732142857143 0.09598214285714286 0.08370535714285714