17 0.234375 0.890625 0.0625 0.08928571428571429
17 0.22433035714285715 0.7042410714285714 0.07700892857142858 0.09598214285714286
17 0.16629464285714285 0.6506696428571429 0.06919642857142858 0.07700892857142858
17 0.22098214285714285 0.42745535714285715 0.0625 0.08928571428571429
17 0.19419642857142858 0.5658482142857143 0.0625 0.09598214285714286
17 0.2689732142857143 0.5424107142857143 0.06473214285714286 0.09151785714285714
17 0.29464285714285715 0.45089285714285715 0.0625 0.09151785714285714
17 0.10602678571428571 0.5368303571428571 0.06696428571428571 0.08928571428571429
17 0.12611607142857142 0.44642857142857145 0.07254464285714286 0.08928571428571429
17 0.12276785714285714 0.328125 0.06696428571428571 0.08147321428571429
17 0.19084821428571427 0.3125 0.0625 0.09375
17 0.10491071428571429 0.23102678571428573 0.06919642857142858 0.09598214285714286
17 0.18526785714285715 0.15848214285714285 0.06919642857142858 0.08705357142857142
17 0.33035714285714285 0.35825892857142855 0.07254464285714286 0.09151785714285714
17 0.48549107142857145 0.34375 0.060267857142857144 0.08147321428571429
17 0.27901785714285715 0.7689732142857143 0.0625 0.08705357142857142
17 0.29464285714285715 0.8571428571428571 0.0625 0.08705357142857142
17 0.36160714285714285 0.8816964285714286 0.0625 0.08705357142857142
17 0.578125 0.6540178571428571 0.05803571428571429 0.09151785714285714
17 0.5345982142857143 0.7276785714285714 0.06919642857142858 0.08928571428571429
17 0.640625 0.6294642857142857 0.0625 0.08147321428571429
17 0.6785714285714286 0.5022321428571429 0.05803571428571429 0.08705357142857142
17 0.6116071428571429 0.22767857142857142 0.06696428571428571 0.09375
17 0.6294642857142857 0.10267857142857142 0.06919642857142858 0.09151785714285714
17 0.6808035714285714 0.21316964285714285 0.06696428571428571 0.08147321428571429
17 0.7198660714285714 0.140625 0.0625 0.08147321428571429
17 0.7287946428571429 0.05580357142857143 0.06919642857142858 0.08370535714285714
17 0.7689732142857143 0.6462053571428571 0.0625 0.07924107142857142
17 0.8002232142857143 0.7299107142857143 0.06696428571428571 0.08705357142857142
17 0.8716517857142857 0.6852678571428571 0.06696428571428571 0.08705357142857142
17 0.5926339285714286 0.9263392857142857 0.06696428571428571 0.08147321428571429
17 0.6841517857142857 0.8337053571428571 0.06696428571428571 0.08928571428571429
17 0.9375 0.5837053571428571 0.06696428571428571 0.07924107142857142
13 0.46205357142857145 0.6428571428571429 0.07254464285714286 0.09598214285714286
11 0.27120535714285715 0.19977678571428573 0.06473214285714286 0.09598214285714286
17 0.6194196428571429 0.7689732142857143 0.06696428571428571 0.08147321428571429
17 0.7120535714285714 0.9620535714285714 0.0625 0.07589285714285714
17 0.8258928571428571 0.8348214285714286 0.07254464285714286 0.08370535714285714
17 0.8292410714285714 0.609375 0.0625 0.08705357142857142
17 0.6149553571428571 0.42299107142857145 0.06696428571428571 0.09598214285714286
17 0.7633928571428571 0.23549107142857142 0.06696428571428571 0.07924107142857142
17 0.8002232142857143 0.026785714285714284 0.06696428571428571 0.052455357142857144
17 0.4732142857142857 0.09151785714285714 0.0625 0.10044642857142858
12 0.43191964285714285 0.05133928571428571 0.018973214285714284 0.026785714285714284
17 0.3560267857142857 0.4799107142857143 0.060267857142857144 0.07700892857142858
17 0.39955357142857145 0.41964285714285715 0.07254464285714286 0.08705357142857142
17 0.6060267857142857 0.5267857142857143 0.0625 0.08928571428571429
17 0.03794642857142857 0.8013392857142857 0.0625 0.08147321428571429
17 0.03794642857142857 0.9051339285714286 0.06473214285714286 0.08147321428571429
11 0.33705357142857145 0.578125 0.07254464285714286 0.06919642857142858
17 0.024553571428571428 0.29799107142857145 0.04799107142857143 0.07254464285714286
17 0.027901785714285716 0.3861607142857143 0.05580357142857143 0.08370535714285714
17 0.017857142857142856 0.109375 0.03571428571428571 0.08370535714285714
12 0.08482142857142858 0.3716517857142857 0.014508928571428572 0.018973214285714284
17 0.171875 0.8158482142857143 0.0625 0.08147321428571429
17 0.3560267857142857 0.7544642857142857 0.06919642857142858 0.07924107142857142
17 0.4029017857142857 0.10825892857142858 0.06696428571428571 0.08147321428571429