7 0.8448660714285714 0.8950892857142857 0.08705357142857142 0.13504464285714285
7 0.53125 0.20089285714285715 0.09151785714285714 0.12276785714285714
15 0.6752232142857143 0.5122767857142857 0.07254464285714286 0.10044642857142858
15 0.40513392857142855 0.6841517857142857 0.07700892857142858 0.10044642857142858
17 0.31361607142857145 0.31138392857142855 0.08928571428571429 0.12723214285714285
17 0.25669642857142855 0.5535714285714286 0.08705357142857142 0.11272321428571429
17 0.04352678571428571 0.7455357142857143 0.08705357142857142 0.09598214285714286
17 0.03236607142857143 0.16964285714285715 0.06473214285714286 0.10379464285714286
17 0.203125 0.13950892857142858 0.07700892857142858 0.11272321428571429
17 0.48549107142857145 0.3404017857142857 0.08928571428571429 0.11495535714285714
12 0.9352678571428571 0.5680803571428571 0.026785714285714284 0.033482142857142856
18 0.3549107142857143 0.7433035714285714 0.09151785714285714 0.09598214285714286
12 0.049107142857142856 0.49888392857142855 0.033482142857142856 0.033482142857142856
17 0.08370535714285714 0.40401785714285715 0.08147321428571429 0.10825892857142858