12 0.38950892857142855 0.734375 0.06696428571428571 0.06473214285714286
13 0.41294642857142855 0.029017857142857144 0.17745535714285715 0.05803571428571429
13 0.06138392857142857 0.6238839285714286 0.11830357142857142 0.19419642857142858
0 0.5178571428571429 0.5133928571428571 0.45424107142857145 0.42745535714285715
13 0.38950892857142855 0.8604910714285714 0.32254464285714285 0.23995535714285715
13 0.22879464285714285 0.6104910714285714 0.19977678571428573 0.22321428571428573
13 0.8973214285714286 0.27901785714285715 0.20424107142857142 0.23549107142857142
13 0.08370535714285714 0.17522321428571427 0.16741071428571427 0.21651785714285715
13 0.6685267857142857 0.8504464285714286 0.21428571428571427 0.22098214285714285
13 0.18191964285714285 0.37611607142857145 0.23102678571428573 0.22321428571428573
13 0.4185267857142857 0.23214285714285715 0.23549107142857142 0.20424107142857142