2 0.08482142857142858 0.6975446428571429 0.11272321428571429 0.07924107142857142
2 0.09598214285714286 0.49107142857142855 0.125 0.08928571428571429
2 0.13392857142857142 0.38504464285714285 0.11272321428571429 0.07700892857142858
2 0.06584821428571429 0.8136160714285714 0.12053571428571429 0.09598214285714286
2 0.19084821428571427 0.7154017857142857 0.11272321428571429 0.07924107142857142
2 0.21205357142857142 0.5011160714285714 0.12053571428571429 0.08705357142857142
2 0.21651785714285715 0.7767857142857143 0.11272321428571429 0.07924107142857142
2 0.23102678571428573 0.9654017857142857 0.11272321428571429 0.06919642857142858
2 0.2700892857142857 0.2779017857142857 0.125 0.08928571428571429
2 0.3091517857142857 0.5870535714285714 0.11272321428571429 0.07700892857142858
2 0.3002232142857143 0.6986607142857143 0.11272321428571429 0.07700892857142858
2 0.32589285714285715 0.8504464285714286 0.11272321428571429 0.07924107142857142
2 0.3125 0.19084821428571427 0.11272321428571429 0.07700892857142858
2 0.33816964285714285 0.515625 0.11272321428571429 0.07700892857142858
2 0.34598214285714285 0.10044642857142858 0.11272321428571429 0.07700892857142858
2 0.3783482142857143 0.7879464285714286 0.14397321428571427 0.11049107142857142
2 0.40848214285714285 0.39174107142857145 0.11272321428571429 0.07700892857142858
2 0.44642857142857145 0.5993303571428571 0.11272321428571429 0.07700892857142858
2 0.46763392857142855 0.18638392857142858 0.13950892857142858 0.09598214285714286
2 0.5022321428571429 0.5502232142857143 0.08928571428571429 0.07254464285714286
2 0.5167410714285714 0.328125 0.11272321428571429 0.07700892857142858
2 0.5334821428571429 0.11941964285714286 0.11272321428571429 0.07700892857142858
2 0.5401785714285714 0.7377232142857143 0.11272321428571429 0.07700892857142858
2 0.5904017857142857 0.40736607142857145 0.11272321428571429 0.07700892857142858
2 0.6026785714285714 0.9341517857142857 0.11272321428571429 0.07924107142857142
2 0.6372767857142857 0.5758928571428571 0.12053571428571429 0.08705357142857142
2 0.6897321428571429 0.9207589285714286 0.11272321428571429 0.07700892857142858
2 0.7243303571428571 0.36941964285714285 0.11272321428571429 0.07700892857142858
2 0.7790178571428571 0.5256696428571429 0.11272321428571429 0.07700892857142858
2 0.7868303571428571 0.16071428571428573 0.11272321428571429 0.07700892857142858
2 0.8314732142857143 0.5625 0.11272321428571429 0.07700892857142858
2 0.8470982142857143 0.35044642857142855 0.11272321428571429 0.07700892857142858
2 0.8839285714285714 0.09709821428571429 0.11272321428571429 0.07700892857142858
2 0.8582589285714286 0.4252232142857143 0.11272321428571429 0.07700892857142858
2 0.8895089285714286 0.6462053571428571 0.11272321428571429 0.07700892857142858
2 0.90625 0.9095982142857143 0.12276785714285714 0.08705357142857142
2 0.42075892857142855 0.22209821428571427 0.12723214285714285 0.09151785714285714
2 0.4966517857142857 0.5178571428571429 0.09151785714285714 0.07254464285714286
12 0.3236607142857143 0.2857142857142857 0.04352678571428571 0.029017857142857144
12 0.07700892857142858 0.11160714285714286 0.029017857142857144 0.024553571428571428
18 0.12611607142857142 0.8761160714285714 0.11049107142857142 0.07477678571428571
12 0.16071428571428573 0.9375 0.04799107142857143 0.03125
12 0.5401785714285714 0.7879464285714286 0.04352678571428571 0.029017857142857144
11 0.30691964285714285 0.7991071428571429 0.08705357142857142 0.06696428571428571
2 0.6037946428571429 0.5301339285714286 0.11495535714285714 0.07700892857142858