11 0.7957589285714286 0.484375 0.12053571428571429 0.07254464285714286
15 0.6997767857142857 0.9095982142857143 0.10044642857142858 0.07254464285714286
2 0.7700892857142857 0.8883928571428571 0.08705357142857142 0.07700892857142858
15 0.9252232142857143 0.8392857142857143 0.09151785714285714 0.0625
15 0.5200892857142857 0.6741071428571429 0.09598214285714286 0.0625
11 0.9073660714285714 0.5100446428571429 0.09151785714285714 0.07700892857142858
15 0.31026785714285715 0.6651785714285714 0.07700892857142858 0.05803571428571429
13 0.07700892857142858 0.9185267857142857 0.08147321428571429 0.07254464285714286
15 0.578125 0.90625 0.09151785714285714 0.0625
15 0.8102678571428571 0.8381696428571429 0.09598214285714286 0.08147321428571429
15 0.4810267857142857 0.4252232142857143 0.10602678571428571 0.07477678571428571
15 0.5658482142857143 0.20200892857142858 0.11272321428571429 0.08147321428571429
11 0.17633928571428573 0.11160714285714286 0.11272321428571429 0.07254464285714286
11 0.06138392857142857 0.5055803571428571 0.09151785714285714 0.060267857142857144
11 0.7779017857142857 0.6529017857142857 0.12053571428571429 0.07477678571428571