7 0.8805803571428571 0.7767857142857143 0.125 0.09375
17 0.6506696428571429 0.35379464285714285 0.125 0.09598214285714286
17 0.42857142857142855 0.11607142857142858 0.11495535714285714 0.08928571428571429
17 0.3002232142857143 0.07477678571428571 0.125 0.09598214285714286
17 0.9587053571428571 0.29910714285714285 0.08147321428571429 0.09375
17 0.546875 0.9720982142857143 0.11495535714285714 0.05580357142857143
17 0.8426339285714286 0.921875 0.11049107142857142 0.08370535714285714
12 0.8627232142857143 0.26339285714285715 0.052455357142857144 0.03794642857142857
12 0.7455357142857143 0.6395089285714286 0.03794642857142857 0.029017857142857144
12 0.4877232142857143 0.7745535714285714 0.029017857142857144 0.024553571428571428
13 0.8370535714285714 0.6696428571428571 0.11049107142857142 0.08370535714285714
13 0.3482142857142857 0.6841517857142857 0.11049107142857142 0.08705357142857142
13 0.4095982142857143 0.75 0.10602678571428571 0.08147321428571429
13 0.14397321428571427 0.5658482142857143 0.11495535714285714 0.07924107142857142
13 0.05133928571428571 0.49441964285714285 0.10267857142857142 0.08705357142857142
13 0.056919642857142856 0.2700892857142857 0.11272321428571429 0.08705357142857142
13 0.9151785714285714 0.35379464285714285 0.10825892857142858 0.07700892857142858