18 0.7198660714285714 0.5345982142857143 0.07700892857142858 0.11272321428571429
5 0.31919642857142855 0.42075892857142855 0.06919642857142858 0.08705357142857142
5 0.6573660714285714 0.8180803571428571 0.0625 0.08370535714285714
5 0.8404017857142857 0.9408482142857143 0.06696428571428571 0.10379464285714286
5 0.35379464285714285 0.078125 0.07254464285714286 0.09375
5 0.28236607142857145 0.07700892857142858 0.06696428571428571 0.09598214285714286
18 0.18303571428571427 0.49776785714285715 0.08705357142857142 0.08147321428571429
5 0.3091517857142857 0.9151785714285714 0.06696428571428571 0.09151785714285714
5 0.09709821428571429 0.5100446428571429 0.07254464285714286 0.09598214285714286
5 0.5424107142857143 0.7600446428571429 0.0625 0.08705357142857142
5 0.4810267857142857 0.7723214285714286 0.06696428571428571 0.08705357142857142
13 0.7008928571428571 0.32924107142857145 0.05803571428571429 0.07700892857142858
5 0.11049107142857142 0.26339285714285715 0.0625 0.08147321428571429
5 0.6930803571428571 0.10491071428571429 0.06696428571428571 0.08705357142857142
8 0.5580357142857143 0.28348214285714285 0.052455357142857144 0.06696428571428571
5 0.7444196428571429 0.05133928571428571 0.0625 0.08705357142857142
5 0.29575892857142855 0.7466517857142857 0.0625 0.08370535714285714
5 0.5848214285714286 0.8270089285714286 0.06696428571428571 0.08928571428571429
5 0.7477678571428571 0.8604910714285714 0.06696428571428571 0.09375
13 0.9698660714285714 0.8080357142857143 0.060267857142857144 0.08147321428571429
12 0.9464285714285714 0.8582589285714286 0.018973214285714284 0.029017857142857144
12 0.8950892857142857 0.7901785714285714 0.018973214285714284 0.029017857142857144
12 0.5993303571428571 0.7678571428571429 0.018973214285714284 0.03125
12 0.5736607142857143 0.49776785714285715 0.018973214285714284 0.024553571428571428
12 0.7120535714285714 0.2611607142857143 0.018973214285714284 0.029017857142857144
12 0.5066964285714286 0.3080357142857143 0.014508928571428572 0.024553571428571428
12 0.4955357142857143 0.23660714285714285 0.018973214285714284 0.029017857142857144
12 0.421875 0.29910714285714285 0.018973214285714284 0.033482142857142856
12 0.37388392857142855 0.49107142857142855 0.018973214285714284 0.026785714285714284
12 0.35379464285714285 0.46205357142857145 0.024553571428571428 0.041294642857142856
12 0.3236607142857143 0.6819196428571429 0.024553571428571428 0.03125
12 0.008928571428571428 0.19754464285714285 0.016741071428571428 0.021205357142857144
12 0.11941964285714286 0.7689732142857143 0.018973214285714284 0.029017857142857144
12 0.17745535714285715 0.7466517857142857 0.014508928571428572 0.024553571428571428
1 0.09375 0.9107142857142857 0.06696428571428571 0.07700892857142858
1 0.6863839285714286 0.890625 0.05580357142857143 0.07924107142857142
1 0.890625 0.578125 0.060267857142857144 0.08928571428571429
1 0.7053571428571429 0.43526785714285715 0.05803571428571429 0.08928571428571429
1 0.47433035714285715 0.18191964285714285 0.05803571428571429 0.09375