18 0.48995535714285715 0.8069196428571429 0.11272321428571429 0.07700892857142858
18 0.34375 0.47544642857142855 0.09375 0.10044642857142858
18 0.6149553571428571 0.6060267857142857 0.07254464285714286 0.10602678571428571
14 0.5066964285714286 0.5758928571428571 0.11272321428571429 0.07700892857142858
14 0.25111607142857145 0.6183035714285714 0.08370535714285714 0.07700892857142858
14 0.32589285714285715 0.7321428571428571 0.08147321428571429 0.07700892857142858
11 0.9185267857142857 0.7087053571428571 0.11272321428571429 0.07700892857142858
2 0.19196428571428573 0.05803571428571429 0.12053571428571429 0.07700892857142858
11 0.05022321428571429 0.08928571428571429 0.10044642857142858 0.07700892857142858
11 0.4720982142857143 0.10825892857142858 0.11272321428571429 0.07700892857142858
2 0.04799107142857143 0.7064732142857143 0.09598214285714286 0.07924107142857142
11 0.06808035714285714 0.45424107142857145 0.11272321428571429 0.07700892857142858
11 0.06808035714285714 0.2935267857142857 0.11272321428571429 0.07700892857142858
8 0.23549107142857142 0.3404017857142857 0.08147321428571429 0.0625
8 0.22433035714285715 0.14508928571428573 0.08928571428571429 0.06696428571428571
17 0.6707589285714286 0.7243303571428571 0.11272321428571429 0.07700892857142858
17 0.7667410714285714 0.6573660714285714 0.11272321428571429 0.07700892857142858
17 0.47767857142857145 0.9497767857142857 0.11272321428571429 0.07700892857142858
17 0.38950892857142855 0.9263392857142857 0.11272321428571429 0.07700892857142858
17 0.2845982142857143 0.9676339285714286 0.11272321428571429 0.06473214285714286
17 0.8069196428571429 0.10491071428571429 0.11272321428571429 0.07700892857142858
14 0.6595982142857143 0.14508928571428573 0.08147321428571429 0.07700892857142858
13 0.15401785714285715 0.45200892857142855 0.11272321428571429 0.07700892857142858
13 0.17299107142857142 0.4029017857142857 0.11272321428571429 0.07700892857142858
13 0.08816964285714286 0.19866071428571427 0.11272321428571429 0.07700892857142858
13 0.40625 0.056919642857142856 0.11272321428571429 0.07700892857142858
13 0.4252232142857143 0.024553571428571428 0.11272321428571429 0.04799107142857143
13 0.5401785714285714 0.22991071428571427 0.11272321428571429 0.07700892857142858
13 0.5881696428571429 0.109375 0.11272321428571429 0.07700892857142858
13 0.7332589285714286 0.05133928571428571 0.10825892857142858 0.07477678571428571
13 0.7154017857142857 0.34933035714285715 0.11272321428571429 0.07700892857142858
13 0.7299107142857143 0.296875 0.11272321428571429 0.07700892857142858
13 0.71875 0.26004464285714285 0.11272321428571429 0.07700892857142858
13 0.7924107142857143 0.2533482142857143 0.11272321428571429 0.07700892857142858
13 0.7689732142857143 0.18080357142857142 0.11272321428571429 0.07700892857142858
13 0.9319196428571429 0.11495535714285714 0.10379464285714286 0.06696428571428571
13 0.7064732142857143 0.43638392857142855 0.11272321428571429 0.07700892857142858
13 0.8002232142857143 0.4330357142857143 0.11272321428571429 0.07700892857142858
13 0.90625 0.359375 0.11272321428571429 0.07700892857142858
13 0.4497767857142857 0.390625 0.11272321428571429 0.07700892857142858
13 0.36607142857142855 0.3939732142857143 0.11272321428571429 0.07700892857142858
13 0.2924107142857143 0.36941964285714285 0.11272321428571429 0.07700892857142858
13 0.36941964285714285 0.30580357142857145 0.11272321428571429 0.07700892857142858
11 0.28683035714285715 0.42075892857142855 0.11272321428571429 0.07700892857142858
13 0.4408482142857143 0.2611607142857143 0.11272321428571429 0.07700892857142858
13 0.4375 0.22544642857142858 0.11272321428571429 0.07700892857142858
13 0.3627232142857143 0.25558035714285715 0.11272321428571429 0.07700892857142858
13 0.06473214285714286 0.38169642857142855 0.11272321428571429 0.07700892857142858
13 0.21316964285714285 0.5424107142857143 0.11272321428571429 0.07700892857142858
13 0.2622767857142857 0.47544642857142855 0.11272321428571429 0.07700892857142858
11 0.29799107142857145 0.6629464285714286 0.11272321428571429 0.07700892857142858
13 0.3013392857142857 0.8024553571428571 0.11272321428571429 0.07700892857142858
13 0.2779017857142857 0.9017857142857143 0.11272321428571429 0.07700892857142858
13 0.3939732142857143 0.7388392857142857 0.11272321428571429 0.07700892857142858
13 0.39174107142857145 0.6595982142857143 0.11272321428571429 0.07700892857142858
13 0.49441964285714285 0.7198660714285714 0.11272321428571429 0.07700892857142858
13 0.5602678571428571 0.7611607142857143 0.11272321428571429 0.07700892857142858
13 0.5747767857142857 0.6819196428571429 0.11272321428571429 0.07700892857142858
17 0.6216517857142857 0.9665178571428571 0.11272321428571429 0.06696428571428571
13 0.8035714285714286 0.8024553571428571 0.11272321428571429 0.07924107142857142
13 0.7020089285714286 0.8180803571428571 0.11272321428571429 0.07700892857142858
13 0.6473214285714286 0.8247767857142857 0.11272321428571429 0.07700892857142858
13 0.8013392857142857 0.9319196428571429 0.11272321428571429 0.07700892857142858
13 0.9084821428571429 0.5424107142857143 0.11272321428571429 0.07700892857142858
13 0.8493303571428571 0.7087053571428571 0.11272321428571429 0.07700892857142858
13 0.7901785714285714 0.7712053571428571 0.11272321428571429 0.07924107142857142
1 0.7098214285714286 0.9274553571428571 0.11272321428571429 0.07700892857142858
1 0.8660714285714286 0.6283482142857143 0.11272321428571429 0.07700892857142858
13 0.07924107142857142 0.6082589285714286 0.11272321428571429 0.07700892857142858
13 0.10602678571428571 0.6618303571428571 0.11272321428571429 0.07924107142857142
13 0.044642857142857144 0.90625 0.08928571428571429 0.07700892857142858
14 0.6529017857142857 0.46875 0.08705357142857142 0.0625
14 0.6819196428571429 0.5290178571428571 0.08370535714285714 0.04799107142857143
14 0.8035714285714286 0.5189732142857143 0.08928571428571429 0.06696428571428571