13 0.3939732142857143 0.35379464285714285 0.11272321428571429 0.07700892857142858
13 0.35379464285714285 0.27566964285714285 0.11272321428571429 0.07700892857142858
13 0.5055803571428571 0.9375 0.11272321428571429 0.07700892857142858
13 0.8381696428571429 0.7399553571428571 0.11272321428571429 0.07700892857142858
13 0.32142857142857145 0.47879464285714285 0.11272321428571429 0.07700892857142858
11 0.40848214285714285 0.7354910714285714 0.08928571428571429 0.08705357142857142
13 0.4174107142857143 0.921875 0.11272321428571429 0.07700892857142858
13 0.29799107142857145 0.9229910714285714 0.11272321428571429 0.07700892857142858
13 0.3404017857142857 0.8582589285714286 0.11272321428571429 0.07700892857142858
13 0.6216517857142857 0.7868303571428571 0.11272321428571429 0.07700892857142858
13 0.7901785714285714 0.8504464285714286 0.11272321428571429 0.07924107142857142
13 0.7131696428571429 0.6294642857142857 0.11272321428571429 0.07700892857142858
13 0.5904017857142857 0.29575892857142855 0.11272321428571429 0.07700892857142858
13 0.6741071428571429 0.41629464285714285 0.11272321428571429 0.07700892857142858
13 0.5915178571428571 0.13169642857142858 0.11272321428571429 0.07700892857142858
13 0.44642857142857145 0.25892857142857145 0.11272321428571429 0.07700892857142858
13 0.9174107142857143 0.13950892857142858 0.11272321428571429 0.07700892857142858
13 0.8415178571428571 0.09933035714285714 0.11272321428571429 0.07700892857142858
13 0.22991071428571427 0.5669642857142857 0.11272321428571429 0.07700892857142858
13 0.14397321428571427 0.6350446428571429 0.11272321428571429 0.07700892857142858
13 0.14397321428571427 0.5301339285714286 0.11272321428571429 0.07700892857142858
13 0.12723214285714285 0.28683035714285715 0.11272321428571429 0.07700892857142858
18 0.5178571428571429 0.4955357142857143 0.10602678571428571 0.07477678571428571
11 0.16071428571428573 0.8839285714285714 0.09598214285714286 0.08147321428571429