0 0.15959821428571427 0.22433035714285715 0.31919642857142855 0.4486607142857143
13 0.46875 0.3627232142857143 0.23549107142857142 0.17299107142857142
13 0.35714285714285715 0.39955357142857145 0.07477678571428571 0.10044642857142858
13 0.9419642857142857 0.08147321428571429 0.11495535714285714 0.16294642857142858
13 0.6127232142857143 0.375 0.26004464285714285 0.14955357142857142
0 0.625 0.11049107142857142 0.46205357142857145 0.22098214285714285
12 0.6997767857142857 0.34263392857142855 0.05803571428571429 0.0625
13 0.4497767857142857 0.21875 0.23102678571428573 0.21651785714285715
13 0.7901785714285714 0.26674107142857145 0.22879464285714285 0.24330357142857142
10 0.06473214285714286 0.7622767857142857 0.12946428571428573 0.42299107142857145
9 0.5736607142857143 0.8314732142857143 0.5066964285714286 0.33705357142857145