0 0.265625 0.19977678571428573 0.5212053571428571 0.39955357142857145
10 0.8560267857142857 0.24441964285714285 0.28794642857142855 0.31026785714285715
6 0.38169642857142855 0.734375 0.38169642857142855 0.3627232142857143
13 0.6205357142857143 0.5279017857142857 0.13950892857142858 0.25669642857142855
13 0.24665178571428573 0.5133928571428571 0.2622767857142857 0.22879464285714285
13 0.08258928571428571 0.5658482142857143 0.16517857142857142 0.2611607142857143
13 0.018973214285714284 0.8794642857142857 0.03794642857142857 0.23995535714285715
13 0.5792410714285714 0.9587053571428571 0.22098214285714285 0.08147321428571429
13 0.8482142857142857 0.5290178571428571 0.26450892857142855 0.26004464285714285
13 0.8627232142857143 0.453125 0.27455357142857145 0.10825892857142858
13 0.9196428571428571 0.484375 0.16071428571428573 0.17075892857142858
13 0.9397321428571429 0.7042410714285714 0.12053571428571429 0.26450892857142855
13 0.7991071428571429 0.9185267857142857 0.21875 0.16294642857142858
13 0.8761160714285714 0.4330357142857143 0.24330357142857142 0.06696428571428571