7 0.2533482142857143 0.9040178571428571 0.125 0.09151785714285714
11 0.17410714285714285 0.5569196428571429 0.10044642857142858 0.08147321428571429
11 0.07924107142857142 0.4732142857142857 0.10044642857142858 0.08147321428571429
11 0.8995535714285714 0.5301339285714286 0.10602678571428571 0.09151785714285714
7 0.9029017857142857 0.8738839285714286 0.12276785714285714 0.09821428571428571
13 0.7154017857142857 0.8270089285714286 0.10044642857142858 0.06919642857142858
8 0.5033482142857143 0.37611607142857145 0.08147321428571429 0.05803571428571429
13 0.3872767857142857 0.10825892857142858 0.10044642857142858 0.06696428571428571
13 0.6104910714285714 0.08705357142857142 0.09375 0.06696428571428571
11 0.13169642857142858 0.37388392857142855 0.125 0.07700892857142858
11 0.25 0.7444196428571429 0.09151785714285714 0.08705357142857142
13 0.19084821428571427 0.6607142857142857 0.11272321428571429 0.07924107142857142
11 0.17410714285714285 0.9587053571428571 0.10044642857142858 0.08147321428571429
7 0.36049107142857145 0.6785714285714286 0.13950892857142858 0.10044642857142858
11 0.19196428571428573 0.140625 0.09598214285714286 0.08147321428571429
11 0.26674107142857145 0.28683035714285715 0.09151785714285714 0.07700892857142858
11 0.8415178571428571 0.28794642857142855 0.10602678571428571 0.08147321428571429
13 0.6986607142857143 0.5524553571428571 0.09598214285714286 0.06919642857142858
13 0.10714285714285714 0.8113839285714286 0.10602678571428571 0.07254464285714286
8 0.041294642857142856 0.31138392857142855 0.08147321428571429 0.0625
1 0.22098214285714285 0.8258928571428571 0.10602678571428571 0.08370535714285714
1 0.765625 0.6026785714285714 0.11049107142857142 0.07254464285714286
1 0.13504464285714285 0.27901785714285715 0.11495535714285714 0.07254464285714286