7 0.6149553571428571 0.5323660714285714 0.13504464285714285 0.09598214285714286
7 0.8716517857142857 0.35044642857142855 0.12053571428571429 0.09151785714285714
7 0.37388392857142855 0.5758928571428571 0.12053571428571429 0.09821428571428571
7 0.5245535714285714 0.7198660714285714 0.11272321428571429 0.08928571428571429
11 0.5837053571428571 0.8191964285714286 0.09151785714285714 0.08147321428571429
11 0.25892857142857145 0.5223214285714286 0.08370535714285714 0.08147321428571429
8 0.15959821428571427 0.6238839285714286 0.09151785714285714 0.0625
8 0.28794642857142855 0.3325892857142857 0.09151785714285714 0.06696428571428571
13 0.33482142857142855 0.25111607142857145 0.10044642857142858 0.08147321428571429
13 0.7209821428571429 0.5837053571428571 0.08928571428571429 0.06696428571428571
8 0.9040178571428571 0.13169642857142858 0.08705357142857142 0.06696428571428571
13 0.8616071428571429 0.265625 0.10602678571428571 0.07924107142857142
13 0.4720982142857143 0.8392857142857143 0.09151785714285714 0.07254464285714286
11 0.2935267857142857 0.9252232142857143 0.08147321428571429 0.08147321428571429
11 0.09933035714285714 0.5647321428571429 0.09598214285714286 0.07924107142857142
11 0.17410714285714285 0.36607142857142855 0.13504464285714285 0.07924107142857142
13 0.5200892857142857 0.4720982142857143 0.10602678571428571 0.07700892857142858
7 0.5212053571428571 0.11830357142857142 0.12053571428571429 0.08928571428571429
11 0.06138392857142857 0.7332589285714286 0.12053571428571429 0.06473214285714286
7 0.7388392857142857 0.4810267857142857 0.12053571428571429 0.09151785714285714