9 0.39285714285714285 0.2689732142857143 0.43973214285714285 0.10044642857142858
13 0.6964285714285714 0.10044642857142858 0.15625 0.19196428571428573
13 0.6941964285714286 0.029017857142857144 0.15401785714285715 0.05803571428571429
6 0.8247767857142857 0.25111607142857145 0.35044642857142855 0.13727678571428573
13 0.90625 0.06808035714285714 0.1875 0.13616071428571427
13 0.11830357142857142 0.96875 0.23549107142857142 0.0625
13 0.20089285714285715 0.41517857142857145 0.20870535714285715 0.18973214285714285
6 0.17857142857142858 0.8035714285714286 0.3125 0.32700892857142855
13 0.06361607142857142 0.5200892857142857 0.12723214285714285 0.21875
13 0.3716517857142857 0.5446428571428571 0.26004464285714285 0.25669642857142855
13 0.5446428571428571 0.5982142857142857 0.14620535714285715 0.23995535714285715
13 0.5256696428571429 0.40848214285714285 0.18526785714285715 0.17745535714285715
3 0.8091517857142857 0.5580357142857143 0.38169642857142855 0.40401785714285715