15 0.30691964285714285 0.46205357142857145 0.11272321428571429 0.07700892857142858
15 0.41517857142857145 0.4252232142857143 0.11272321428571429 0.07700892857142858
15 0.6651785714285714 0.36830357142857145 0.07700892857142858 0.05803571428571429
15 0.6729910714285714 0.25 0.07700892857142858 0.0625
15 0.7511160714285714 0.23102678571428573 0.07700892857142858 0.05803571428571429
15 0.65625 0.17745535714285715 0.08705357142857142 0.07254464285714286
15 0.8616071428571429 0.11049107142857142 0.06919642857142858 0.060267857142857144
15 0.7566964285714286 0.07142857142857142 0.08705357142857142 0.06696428571428571
15 0.8917410714285714 0.20424107142857142 0.11272321428571429 0.07700892857142858
15 0.9185267857142857 0.30580357142857145 0.08147321428571429 0.052455357142857144
15 0.6830357142857143 0.6506696428571429 0.07700892857142858 0.0625
8 0.8649553571428571 0.7366071428571429 0.08147321428571429 0.06696428571428571
11 0.8783482142857143 0.6495535714285714 0.09151785714285714 0.05803571428571429
8 0.9308035714285714 0.9575892857142857 0.07700892857142858 0.060267857142857144
8 0.5100446428571429 0.19084821428571427 0.06473214285714286 0.06473214285714286
15 0.6037946428571429 0.4185267857142857 0.07700892857142858 0.05803571428571429
15 0.5189732142857143 0.8091517857142857 0.08147321428571429 0.0625
11 0.5569196428571429 0.7566964285714286 0.06696428571428571 0.0625
15 0.5011160714285714 0.7366071428571429 0.08147321428571429 0.0625
15 0.84375 0.8325892857142857 0.11272321428571429 0.07700892857142858
15 0.9252232142857143 0.8270089285714286 0.11272321428571429 0.07700892857142858
15 0.9575892857142857 0.8537946428571429 0.08147321428571429 0.07700892857142858
15 0.8783482142857143 0.8816964285714286 0.11272321428571429 0.07700892857142858
15 0.796875 0.7533482142857143 0.08928571428571429 0.06473214285714286
15 0.5290178571428571 0.6049107142857143 0.09151785714285714 0.0625
15 0.38839285714285715 0.8024553571428571 0.08147321428571429 0.060267857142857144
15 0.41517857142857145 0.8816964285714286 0.08147321428571429 0.05803571428571429
15 0.3247767857142857 0.8292410714285714 0.07700892857142858 0.06696428571428571
15 0.21875 0.8258928571428571 0.08705357142857142 0.0625
15 0.40401785714285715 0.056919642857142856 0.08370535714285714 0.05580357142857143
15 0.17410714285714285 0.5011160714285714 0.10044642857142858 0.06696428571428571
15 0.6439732142857143 0.9698660714285714 0.09151785714285714 0.05803571428571429
15 0.3314732142857143 0.27566964285714285 0.11272321428571429 0.07700892857142858
15 0.43526785714285715 0.19308035714285715 0.08928571428571429 0.0625
14 0.15513392857142858 0.328125 0.08928571428571429 0.0625
1 0.8839285714285714 0.4419642857142857 0.10044642857142858 0.06473214285714286
2 0.46316964285714285 0.140625 0.08705357142857142 0.052455357142857144
15 0.6462053571428571 0.07924107142857142 0.08705357142857142 0.05803571428571429
15 0.5424107142857143 0.14397321428571427 0.08147321428571429 0.06473214285714286
15 0.7008928571428571 0.03571428571428571 0.09375 0.07142857142857142