5 0.30245535714285715 0.5725446428571429 0.07477678571428571 0.09598214285714286
5 0.49888392857142855 0.35267857142857145 0.06696428571428571 0.09151785714285714
1 0.0625 0.32924107142857145 0.06919642857142858 0.09821428571428571
5 0.17633928571428573 0.2689732142857143 0.07700892857142858 0.11272321428571429
1 0.25 0.515625 0.07700892857142858 0.09598214285714286
1 0.4497767857142857 0.8024553571428571 0.07700892857142858 0.09598214285714286
1 0.15736607142857142 0.7823660714285714 0.06919642857142858 0.09598214285714286
5 0.8113839285714286 0.7098214285714286 0.07700892857142858 0.11272321428571429
5 0.8214285714285714 0.7823660714285714 0.07254464285714286 0.09151785714285714
5 0.84375 0.6305803571428571 0.07700892857142858 0.11272321428571429
1 0.7600446428571429 0.6852678571428571 0.07254464285714286 0.09151785714285714
1 0.6417410714285714 0.8091517857142857 0.07700892857142858 0.11272321428571429
1 0.6149553571428571 0.6986607142857143 0.07700892857142858 0.11272321428571429
5 0.5915178571428571 0.48660714285714285 0.07700892857142858 0.09821428571428571
5 0.7912946428571429 0.3939732142857143 0.07700892857142858 0.11272321428571429
5 0.7957589285714286 0.14397321428571427 0.06919642857142858 0.09151785714285714
5 0.9006696428571429 0.5479910714285714 0.06696428571428571 0.09598214285714286
5 0.9598214285714286 0.18861607142857142 0.07924107142857142 0.11272321428571429
1 0.33816964285714285 0.25669642857142855 0.06473214285714286 0.08705357142857142
13 0.43191964285714285 0.6819196428571429 0.06696428571428571 0.09598214285714286
1 0.12165178571428571 0.11383928571428571 0.07254464285714286 0.10044642857142858
1 0.7142857142857143 0.9564732142857143 0.07700892857142858 0.08705357142857142
1 0.7075892857142857 0.48549107142857145 0.07254464285714286 0.09598214285714286
14 0.08370535714285714 0.5591517857142857 0.06696428571428571 0.08705357142857142
14 0.6227678571428571 0.3560267857142857 0.04799107142857143 0.10044642857142858