17 0.8526785714285714 0.6473214285714286 0.10602678571428571 0.07254464285714286
17 0.9408482142857143 0.6194196428571429 0.11272321428571429 0.07700892857142858
5 0.8839285714285714 0.890625 0.11272321428571429 0.07700892857142858
17 0.8214285714285714 0.8325892857142857 0.11272321428571429 0.07924107142857142
17 0.9084821428571429 0.9575892857142857 0.09151785714285714 0.0625
17 0.8459821428571429 0.9330357142857143 0.11272321428571429 0.07700892857142858
17 0.9207589285714286 0.7232142857142857 0.10602678571428571 0.07924107142857142
5 0.8292410714285714 0.5558035714285714 0.09821428571428571 0.06919642857142858
17 0.6584821428571429 0.8895089285714286 0.07924107142857142 0.07700892857142858
17 0.5111607142857143 0.921875 0.11272321428571429 0.07700892857142858
17 0.5792410714285714 0.8638392857142857 0.11272321428571429 0.07700892857142858
17 0.6584821428571429 0.7433035714285714 0.11272321428571429 0.07700892857142858
17 0.7377232142857143 0.7444196428571429 0.09821428571428571 0.07924107142857142
17 0.7075892857142857 0.6696428571428571 0.10044642857142858 0.07700892857142858
17 0.5814732142857143 0.6875 0.09598214285714286 0.07254464285714286
17 0.5803571428571429 0.5982142857142857 0.08147321428571429 0.07700892857142858
17 0.4341517857142857 0.7388392857142857 0.11272321428571429 0.07700892857142858
17 0.3861607142857143 0.9118303571428571 0.11272321428571429 0.07924107142857142
18 0.27901785714285715 0.9274553571428571 0.11272321428571429 0.07700892857142858
17 0.26674107142857145 0.8805803571428571 0.11272321428571429 0.07924107142857142
17 0.3404017857142857 0.7957589285714286 0.11272321428571429 0.07700892857142858
17 0.31808035714285715 0.6517857142857143 0.11272321428571429 0.07700892857142858
17 0.4375 0.5982142857142857 0.11272321428571429 0.07700892857142858
17 0.49441964285714285 0.5502232142857143 0.09598214285714286 0.06696428571428571
17 0.5915178571428571 0.46316964285714285 0.11272321428571429 0.07700892857142858
17 0.39732142857142855 0.6685267857142857 0.11272321428571429 0.07700892857142858
17 0.23549107142857142 0.5725446428571429 0.11272321428571429 0.07700892857142858
17 0.08482142857142858 0.7287946428571429 0.11272321428571429 0.07700892857142858
17 0.10602678571428571 0.8225446428571429 0.11272321428571429 0.07924107142857142
17 0.06808035714285714 0.6595982142857143 0.11272321428571429 0.07700892857142858
17 0.07366071428571429 0.5770089285714286 0.11272321428571429 0.07700892857142858
17 0.05915178571428571 0.4564732142857143 0.11272321428571429 0.07700892857142858
17 0.22209821428571427 0.43191964285714285 0.11272321428571429 0.07700892857142858
17 0.17075892857142858 0.5301339285714286 0.11272321428571429 0.07700892857142858
17 0.31026785714285715 0.5825892857142857 0.11272321428571429 0.07700892857142858
17 0.7142857142857143 0.45982142857142855 0.10379464285714286 0.06696428571428571
17 0.7276785714285714 0.4095982142857143 0.11272321428571429 0.07700892857142858
17 0.9040178571428571 0.4732142857142857 0.11272321428571429 0.07700892857142858
17 0.9564732142857143 0.41294642857142855 0.08705357142857142 0.07700892857142858
17 0.9553571428571429 0.5591517857142857 0.08928571428571429 0.07924107142857142
17 0.8392857142857143 0.34263392857142855 0.10044642857142858 0.07700892857142858
17 0.8560267857142857 0.40066964285714285 0.11272321428571429 0.07700892857142858
17 0.8638392857142857 0.265625 0.11272321428571429 0.07700892857142858
17 0.65625 0.24330357142857142 0.11272321428571429 0.07700892857142858
17 0.7064732142857143 0.3482142857142857 0.11272321428571429 0.07700892857142858
17 0.6674107142857143 0.31361607142857145 0.11272321428571429 0.07700892857142858
17 0.6216517857142857 0.36495535714285715 0.11272321428571429 0.07700892857142858
17 0.6651785714285714 0.17299107142857142 0.11272321428571429 0.07700892857142858
17 0.7511160714285714 0.06138392857142857 0.11272321428571429 0.07700892857142858
17 0.5290178571428571 0.04575892857142857 0.11272321428571429 0.07700892857142858
17 0.6026785714285714 0.030133928571428572 0.11272321428571429 0.05803571428571429
17 0.5479910714285714 0.22991071428571427 0.11272321428571429 0.07700892857142858
17 0.28348214285714285 0.19754464285714285 0.11272321428571429 0.07700892857142858
17 0.25892857142857145 0.26450892857142855 0.11272321428571429 0.07700892857142858
17 0.29575892857142855 0.3091517857142857 0.11272321428571429 0.07700892857142858
17 0.060267857142857144 0.28794642857142855 0.11272321428571429 0.07700892857142858
14 0.33035714285714285 0.35714285714285715 0.08147321428571429 0.060267857142857144
14 0.36830357142857145 0.5111607142857143 0.08370535714285714 0.05803571428571429
14 0.5055803571428571 0.6272321428571429 0.07924107142857142 0.07700892857142858
16 0.6238839285714286 0.5111607142857143 0.07924107142857142 0.08370535714285714
14 0.5669642857142857 0.7600446428571429 0.09151785714285714 0.06696428571428571
14 0.171875 0.8526785714285714 0.09598214285714286 0.07477678571428571
14 0.07477678571428571 0.5111607142857143 0.07700892857142858 0.052455357142857144
14 0.7332589285714286 0.18526785714285715 0.08370535714285714 0.06473214285714286
5 0.5055803571428571 0.40066964285714285 0.10602678571428571 0.07254464285714286
5 0.4955357142857143 0.7957589285714286 0.10602678571428571 0.07700892857142858
5 0.31808035714285715 0.4252232142857143 0.11272321428571429 0.07700892857142858
17 0.9319196428571429 0.06919642857142858 0.11272321428571429 0.07700892857142858
17 0.12723214285714285 0.3627232142857143 0.11272321428571429 0.07700892857142858
17 0.05133928571428571 0.08816964285714286 0.10267857142857142 0.078125
14 0.6629464285714286 0.08035714285714286 0.0625 0.07700892857142858
14 0.5591517857142857 0.12388392857142858 0.07700892857142858 0.07700892857142858
14 0.5 0.11830357142857142 0.11272321428571429 0.07700892857142858
14 0.4486607142857143 0.8683035714285714 0.08147321428571429 0.07700892857142858
5 0.06696428571428571 0.22209821428571427 0.10602678571428571 0.07700892857142858
5 0.47433035714285715 0.46763392857142855 0.11272321428571429 0.07700892857142858
5 0.36941964285714285 0.8504464285714286 0.11272321428571429 0.07700892857142858
5 0.04241071428571429 0.34598214285714285 0.08370535714285714 0.06696428571428571
5 0.6372767857142857 0.43080357142857145 0.11272321428571429 0.07700892857142858
5 0.7723214285714286 0.9508928571428571 0.11272321428571429 0.07477678571428571
8 0.6517857142857143 0.9698660714285714 0.08705357142857142 0.060267857142857144
14 0.9508928571428571 0.9241071428571429 0.07254464285714286 0.07477678571428571
5 0.15178571428571427 0.6964285714285714 0.11272321428571429 0.07700892857142858
17 0.23772321428571427 0.8270089285714286 0.11272321428571429 0.07924107142857142
2 0.23214285714285715 0.9631696428571429 0.07700892857142858 0.07254464285714286
17 0.19642857142857142 0.35379464285714285 0.11272321428571429 0.07700892857142858
17 0.17857142857142858 0.3080357142857143 0.11272321428571429 0.07700892857142858
17 0.19977678571428573 0.2700892857142857 0.11272321428571429 0.07700892857142858
13 0.39174107142857145 0.23772321428571427 0.08705357142857142 0.06473214285714286
5 0.5212053571428571 0.32589285714285715 0.08928571428571429 0.06696428571428571
17 0.7689732142857143 0.24330357142857142 0.11272321428571429 0.07700892857142858
14 0.7276785714285714 0.26339285714285715 0.09151785714285714 0.06696428571428571
15 0.859375 0.19196428571428573 0.09151785714285714 0.08147321428571429
11 0.19977678571428573 0.7589285714285714 0.08147321428571429 0.07924107142857142
13 0.3236607142857143 0.7321428571428571 0.07924107142857142 0.06696428571428571
17 0.25223214285714285 0.7176339285714286 0.11272321428571429 0.07700892857142858
17 0.4877232142857143 0.20647321428571427 0.11272321428571429 0.07700892857142858
17 0.43973214285714285 0.078125 0.11272321428571429 0.07700892857142858
5 0.19084821428571427 0.06138392857142857 0.11272321428571429 0.07700892857142858
5 0.11941964285714286 0.08928571428571429 0.11272321428571429 0.07700892857142858
17 0.14397321428571427 0.16629464285714285 0.11272321428571429 0.07700892857142858
17 0.6875 0.9609375 0.09821428571428571 0.078125
5 0.8035714285714286 0.14620535714285715 0.11272321428571429 0.07700892857142858
15 0.8928571428571429 0.59375 0.07700892857142858 0.05803571428571429
15 0.53125 0.16517857142857142 0.06919642857142858 0.05803571428571429
15 0.7020089285714286 0.5636160714285714 0.06696428571428571 0.0625