2 0.07477678571428571 0.5435267857142857 0.12053571428571429 0.08705357142857142
2 0.0625 0.8470982142857143 0.11272321428571429 0.07924107142857142
2 0.23102678571428573 0.4185267857142857 0.125 0.09151785714285714
2 0.23325892857142858 0.171875 0.11272321428571429 0.07700892857142858
2 0.2622767857142857 0.5669642857142857 0.11272321428571429 0.07700892857142858
2 0.36941964285714285 0.2622767857142857 0.12723214285714285 0.10044642857142858
2 0.37723214285714285 0.6305803571428571 0.11272321428571429 0.07700892857142858
2 0.4575892857142857 0.26004464285714285 0.11495535714285714 0.09598214285714286
2 0.6049107142857143 0.41294642857142855 0.11272321428571429 0.07700892857142858
2 0.6495535714285714 0.47879464285714285 0.11830357142857142 0.08705357142857142
2 0.6819196428571429 0.3125 0.11272321428571429 0.07700892857142858
2 0.6819196428571429 0.6216517857142857 0.11272321428571429 0.07700892857142858
2 0.7455357142857143 0.13727678571428573 0.12053571428571429 0.08370535714285714
2 0.7555803571428571 0.9430803571428571 0.11272321428571429 0.07700892857142858
2 0.8169642857142857 0.8113839285714286 0.12723214285714285 0.09151785714285714
2 0.8470982142857143 0.16071428571428573 0.11272321428571429 0.07700892857142858
2 0.9185267857142857 0.9564732142857143 0.11272321428571429 0.07924107142857142
14 0.3482142857142857 0.3794642857142857 0.09151785714285714 0.0625
12 0.6037946428571429 0.11607142857142858 0.033482142857142856 0.026785714285714284
12 0.36830357142857145 0.125 0.04799107142857143 0.033482142857142856
12 0.8058035714285714 0.5837053571428571 0.05022321428571429 0.03571428571428571
12 0.38839285714285715 0.10602678571428571 0.021205357142857144 0.024553571428571428
12 0.19084821428571427 0.0625 0.03794642857142857 0.029017857142857144
12 0.15736607142857142 0.06473214285714286 0.033482142857142856 0.024553571428571428
12 0.18080357142857142 0.04575892857142857 0.024553571428571428 0.024553571428571428