0 0.41964285714285715 0.2533482142857143 0.5691964285714286 0.20870535714285715
10 0.9151785714285714 0.28236607142857145 0.16964285714285715 0.14955357142857142
13 0.7979910714285714 0.7957589285714286 0.0625 0.28348214285714285
13 0.7566964285714286 0.9899553571428571 0.12053571428571429 0.018973214285714284
13 0.6272321428571429 0.7979910714285714 0.4017857142857143 0.36495535714285715
12 0.024553571428571428 0.4408482142857143 0.04799107142857143 0.10825892857142858
12 0.006696428571428571 0.4486607142857143 0.013392857142857142 0.07142857142857142
0 0.3950892857142857 0.5725446428571429 0.5022321428571429 0.42745535714285715
13 0.5881696428571429 0.9676339285714286 0.27120535714285715 0.06473214285714286
13 0.5680803571428571 0.7801339285714286 0.25223214285714285 0.25669642857142855
13 0.06808035714285714 0.5892857142857143 0.13616071428571427 0.27232142857142855
13 0.3950892857142857 0.8772321428571429 0.29129464285714285 0.24553571428571427
13 0.13839285714285715 0.7388392857142857 0.26004464285714285 0.25223214285714285
13 0.04799107142857143 0.8482142857142857 0.09598214285714286 0.24553571428571427
13 0.1875 0.9073660714285714 0.28348214285714285 0.18526785714285715
13 0.7377232142857143 0.5636160714285714 0.18303571428571427 0.28125
13 0.9241071428571429 0.4955357142857143 0.15178571428571427 0.27455357142857145
12 0.8660714285714286 0.6450892857142857 0.06473214285714286 0.06473214285714286
13 0.9051339285714286 0.5200892857142857 0.15178571428571427 0.3002232142857143
0 0.9587053571428571 0.6540178571428571 0.08147321428571429 0.5725446428571429