13 0.5122767857142857 0.18638392857142858 0.0625 0.08705357142857142
13 0.46763392857142855 0.8415178571428571 0.07700892857142858 0.11272321428571429
13 0.71875 0.6361607142857143 0.0625 0.08705357142857142
5 0.8627232142857143 0.7566964285714286 0.0625 0.08147321428571429
13 0.8214285714285714 0.8727678571428571 0.060267857142857144 0.08147321428571429
1 0.7645089285714286 0.9363839285714286 0.07254464285714286 0.09821428571428571
17 0.3247767857142857 0.4877232142857143 0.06696428571428571 0.08705357142857142
13 0.45200892857142855 0.9363839285714286 0.06919642857142858 0.08370535714285714
13 0.5814732142857143 0.7165178571428571 0.0625 0.08705357142857142
5 0.5178571428571429 0.7053571428571429 0.06696428571428571 0.09375
13 0.2857142857142857 0.2689732142857143 0.0625 0.08147321428571429
5 0.328125 0.33482142857142855 0.06696428571428571 0.08705357142857142
11 0.5602678571428571 0.46316964285714285 0.08147321428571429 0.09375
13 0.6160714285714286 0.28683035714285715 0.06696428571428571 0.09151785714285714
13 0.6194196428571429 0.3638392857142857 0.0625 0.08147321428571429
13 0.45089285714285715 0.203125 0.0625 0.08705357142857142
13 0.2700892857142857 0.9363839285714286 0.0625 0.08705357142857142
13 0.9229910714285714 0.7075892857142857 0.0625 0.09151785714285714
5 0.8482142857142857 0.20870535714285715 0.0625 0.09151785714285714
5 0.765625 0.20089285714285715 0.06919642857142858 0.08370535714285714
5 0.203125 0.5111607142857143 0.06696428571428571 0.11495535714285714
5 0.10714285714285714 0.8058035714285714 0.07254464285714286 0.09151785714285714
1 0.38392857142857145 0.16071428571428573 0.06919642857142858 0.09151785714285714
1 0.31138392857142855 0.6930803571428571 0.06919642857142858 0.09151785714285714
1 0.8325892857142857 0.9553571428571429 0.0625 0.08705357142857142
1 0.6439732142857143 0.5982142857142857 0.06473214285714286 0.08705357142857142
1 0.5111607142857143 0.34598214285714285 0.06919642857142858 0.08705357142857142