1 0.6729910714285714 0.8102678571428571 0.10602678571428571 0.08147321428571429
7 0.43526785714285715 0.5524553571428571 0.11272321428571429 0.07700892857142858
7 0.36160714285714285 0.7354910714285714 0.11049107142857142 0.08705357142857142
7 0.8727678571428571 0.08147321428571429 0.13504464285714285 0.09598214285714286
17 0.09933035714285714 0.17299107142857142 0.10602678571428571 0.07700892857142858
8 0.18973214285714285 0.48549107142857145 0.08705357142857142 0.06696428571428571
17 0.5591517857142857 0.7712053571428571 0.10044642857142858 0.08147321428571429
8 0.8035714285714286 0.24330357142857142 0.08705357142857142 0.0625
8 0.19084821428571427 0.25223214285714285 0.08928571428571429 0.06473214285714286
11 0.8058035714285714 0.8850446428571429 0.08147321428571429 0.08147321428571429
11 0.38839285714285715 0.21428571428571427 0.10602678571428571 0.06919642857142858
13 0.33370535714285715 0.36607142857142855 0.10602678571428571 0.08147321428571429
11 0.3314732142857143 0.4497767857142857 0.12723214285714285 0.08705357142857142
11 0.5424107142857143 0.6183035714285714 0.11830357142857142 0.08705357142857142
11 0.7622767857142857 0.5412946428571429 0.10602678571428571 0.07254464285714286
13 0.19308035714285715 0.9419642857142857 0.09598214285714286 0.06919642857142858
8 0.8258928571428571 0.17410714285714285 0.09151785714285714 0.0625
1 0.7008928571428571 0.24665178571428573 0.10379464285714286 0.08370535714285714
1 0.7075892857142857 0.08705357142857142 0.06696428571428571 0.10602678571428571
14 0.41629464285714285 0.390625 0.10044642857142858 0.08370535714285714
8 0.078125 0.5625 0.09151785714285714 0.06696428571428571
11 0.71875 0.4720982142857143 0.09598214285714286 0.07924107142857142