15 0.24553571428571427 0.8337053571428571 0.0625 0.052455357142857144
15 0.640625 0.7220982142857143 0.06696428571428571 0.05803571428571429
15 0.6752232142857143 0.6383928571428571 0.07924107142857142 0.06696428571428571
15 0.03571428571428571 0.5647321428571429 0.07142857142857142 0.06696428571428571
15 0.9419642857142857 0.44419642857142855 0.07254464285714286 0.0625
17 0.65625 0.8694196428571429 0.09598214285714286 0.07924107142857142
17 0.7544642857142857 0.8348214285714286 0.09598214285714286 0.08370535714285714
17 0.7410714285714286 0.9497767857142857 0.10602678571428571 0.07477678571428571
17 0.5970982142857143 0.9698660714285714 0.09151785714285714 0.060267857142857144
17 0.5011160714285714 0.6908482142857143 0.09598214285714286 0.08370535714285714
17 0.5256696428571429 0.6127232142857143 0.10044642857142858 0.06696428571428571
17 0.5569196428571429 0.5424107142857143 0.09375 0.07254464285714286
17 0.49330357142857145 0.46316964285714285 0.09151785714285714 0.06473214285714286
17 0.6908482142857143 0.4497767857142857 0.11049107142857142 0.09151785714285714
17 0.765625 0.5011160714285714 0.08928571428571429 0.07254464285714286
17 0.890625 0.5323660714285714 0.09821428571428571 0.07477678571428571
17 0.8504464285714286 0.6004464285714286 0.10044642857142858 0.06696428571428571
17 0.9419642857142857 0.6294642857142857 0.08370535714285714 0.06696428571428571
17 0.7979910714285714 0.40848214285714285 0.09151785714285714 0.06696428571428571
17 0.9107142857142857 0.38169642857142855 0.08705357142857142 0.06696428571428571
17 0.96875 0.3470982142857143 0.0625 0.06696428571428571
17 0.6964285714285714 0.31808035714285715 0.10602678571428571 0.07254464285714286
17 0.5580357142857143 0.36941964285714285 0.10602678571428571 0.08928571428571429
17 0.47098214285714285 0.28348214285714285 0.07700892857142858 0.06696428571428571
17 0.42857142857142855 0.32924107142857145 0.10379464285714286 0.07477678571428571
17 0.33370535714285715 0.296875 0.08705357142857142 0.07477678571428571
17 0.33370535714285715 0.39174107142857145 0.09151785714285714 0.07254464285714286
17 0.36049107142857145 0.46875 0.11272321428571429 0.07700892857142858
17 0.23660714285714285 0.39620535714285715 0.10044642857142858 0.07700892857142858
17 0.18080357142857142 0.3314732142857143 0.09151785714285714 0.08147321428571429
17 0.10267857142857142 0.26674107142857145 0.09151785714285714 0.09598214285714286
17 0.12165178571428571 0.17410714285714285 0.08928571428571429 0.07700892857142858
17 0.24776785714285715 0.13950892857142858 0.11049107142857142 0.08147321428571429
17 0.4095982142857143 0.15736607142857142 0.09821428571428571 0.06919642857142858
17 0.5457589285714286 0.14397321428571427 0.11272321428571429 0.07700892857142858
17 0.5256696428571429 0.0625 0.11272321428571429 0.07700892857142858
17 0.8158482142857143 0.046875 0.08928571428571429 0.06696428571428571
17 0.35267857142857145 0.6495535714285714 0.08147321428571429 0.06473214285714286
17 0.24553571428571427 0.6852678571428571 0.09598214285714286 0.06919642857142858
17 0.16294642857142858 0.6450892857142857 0.08928571428571429 0.07700892857142858
17 0.29017857142857145 0.6049107142857143 0.09151785714285714 0.07700892857142858
17 0.21428571428571427 0.5758928571428571 0.10044642857142858 0.08370535714285714
17 0.36941964285714285 0.5613839285714286 0.11272321428571429 0.07700892857142858
17 0.16741071428571427 0.7834821428571429 0.10379464285714286 0.07254464285714286
17 0.18526785714285715 0.8493303571428571 0.07700892857142858 0.06473214285714286
17 0.109375 0.8604910714285714 0.08370535714285714 0.07254464285714286
17 0.09598214285714286 0.7444196428571429 0.09151785714285714 0.07924107142857142
17 0.8716517857142857 0.8136160714285714 0.09151785714285714 0.0625
15 0.296875 0.7790178571428571 0.08370535714285714 0.06473214285714286
15 0.6439732142857143 0.5591517857142857 0.08705357142857142 0.07254464285714286
17 0.5870535714285714 0.27120535714285715 0.12053571428571429 0.09151785714285714
17 0.6350446428571429 0.7935267857142857 0.09151785714285714 0.07477678571428571
17 0.5870535714285714 0.45424107142857145 0.09151785714285714 0.07254464285714286
17 0.16071428571428573 0.10491071428571429 0.08147321428571429 0.06696428571428571
18 0.8582589285714286 0.8727678571428571 0.11495535714285714 0.08370535714285714
18 0.45200892857142855 0.5636160714285714 0.09598214285714286 0.0625
13 0.37611607142857145 0.7142857142857143 0.09151785714285714 0.07254464285714286
14 0.8537946428571429 0.10714285714285714 0.08705357142857142 0.052455357142857144
14 0.5725446428571429 0.7243303571428571 0.0625 0.05803571428571429
14 0.5145089285714286 0.7756696428571429 0.08928571428571429 0.0625
15 0.15736607142857142 0.5212053571428571 0.07924107142857142 0.07254464285714286
17 0.27901785714285715 0.49888392857142855 0.08147321428571429 0.060267857142857144
15 0.49330357142857145 0.22433035714285715 0.09598214285714286 0.06696428571428571
15 0.6651785714285714 0.22209821428571427 0.11272321428571429 0.07700892857142858
15 0.9040178571428571 0.15290178571428573 0.08147321428571429 0.07924107142857142
15 0.09933035714285714 0.4107142857142857 0.08705357142857142 0.06696428571428571
15 0.05357142857142857 0.10379464285714286 0.08147321428571429 0.07700892857142858
17 0.03236607142857143 0.9486607142857143 0.06473214285714286 0.08928571428571429