14 0.4107142857142857 0.20647321428571427 0.07924107142857142 0.11272321428571429
5 0.9162946428571429 0.31808035714285715 0.07924107142857142 0.11272321428571429
18 0.9095982142857143 0.6919642857142857 0.06919642857142858 0.12723214285714285
14 0.28794642857142855 0.10044642857142858 0.05803571428571429 0.08705357142857142
14 0.5334821428571429 0.05022321428571429 0.05580357142857143 0.07924107142857142
14 0.6595982142857143 0.12165178571428571 0.07924107142857142 0.11272321428571429
5 0.484375 0.8839285714285714 0.07924107142857142 0.11272321428571429
13 0.6127232142857143 0.40848214285714285 0.07700892857142858 0.11272321428571429
5 0.40066964285714285 0.8839285714285714 0.09598214285714286 0.12276785714285714
12 0.16852678571428573 0.38839285714285715 0.03125 0.041294642857142856
12 0.5636160714285714 0.45200892857142855 0.024553571428571428 0.04575892857142857
12 0.47433035714285715 0.19642857142857142 0.026785714285714284 0.04352678571428571
12 0.6104910714285714 0.11160714285714286 0.03125 0.04799107142857143
12 0.6841517857142857 0.16629464285714285 0.026785714285714284 0.033482142857142856
14 0.7935267857142857 0.5569196428571429 0.060267857142857144 0.06919642857142858
8 0.890625 0.8470982142857143 0.04799107142857143 0.07477678571428571
18 0.9732142857142857 0.7120535714285714 0.052455357142857144 0.11495535714285714
18 0.6875 0.22991071428571427 0.06696428571428571 0.11049107142857142
14 0.33816964285714285 0.33370535714285715 0.06919642857142858 0.09821428571428571