12 0.9553571428571429 0.9709821428571429 0.041294642857142856 0.04575892857142857
12 0.9665178571428571 0.8325892857142857 0.04352678571428571 0.03794642857142857
12 0.8459821428571429 0.5446428571428571 0.04575892857142857 0.033482142857142856
12 0.8337053571428571 0.38839285714285715 0.04799107142857143 0.033482142857142856
12 0.6997767857142857 0.7131696428571429 0.04799107142857143 0.03125
12 0.5904017857142857 0.8158482142857143 0.04352678571428571 0.033482142857142856
12 0.4408482142857143 0.9051339285714286 0.04575892857142857 0.03125
12 0.07254464285714286 0.9642857142857143 0.04575892857142857 0.03125
12 0.25669642857142855 0.04799107142857143 0.03794642857142857 0.029017857142857144
12 0.42299107142857145 0.013392857142857142 0.04575892857142857 0.026785714285714284
12 0.5658482142857143 0.5926339285714286 0.041294642857142856 0.033482142857142856
12 0.21986607142857142 0.017857142857142856 0.052455357142857144 0.033482142857142856
12 0.12723214285714285 0.05580357142857143 0.04352678571428571 0.03794642857142857
17 0.8392857142857143 0.6674107142857143 0.08705357142857142 0.07254464285714286
17 0.36941964285714285 0.23214285714285715 0.08705357142857142 0.07254464285714286
17 0.6964285714285714 0.37388392857142855 0.09151785714285714 0.06696428571428571
1 0.9017857142857143 0.6205357142857143 0.09151785714285714 0.0625
1 0.8950892857142857 0.5591517857142857 0.08705357142857142 0.06696428571428571
1 0.6339285714285714 0.6607142857142857 0.11272321428571429 0.05803571428571429
1 0.7354910714285714 0.49330357142857145 0.09598214285714286 0.06473214285714286
1 0.2611607142857143 0.7845982142857143 0.07700892857142858 0.06919642857142858
1 0.29017857142857145 0.23102678571428573 0.08147321428571429 0.06696428571428571
1 0.4174107142857143 0.10825892857142858 0.08705357142857142 0.0625
1 0.36941964285714285 0.04575892857142857 0.08147321428571429 0.07700892857142858
1 0.4955357142857143 0.6986607142857143 0.09151785714285714 0.06696428571428571
1 0.8950892857142857 0.29017857142857145 0.07700892857142858 0.06696428571428571
2 0.20647321428571427 0.33035714285714285 0.10379464285714286 0.052455357142857144
17 0.20089285714285715 0.38504464285714285 0.08928571428571429 0.0625