15 0.4341517857142857 0.6595982142857143 0.09151785714285714 0.060267857142857144
15 0.6049107142857143 0.8794642857142857 0.08705357142857142 0.052455357142857144
15 0.8024553571428571 0.8772321428571429 0.09151785714285714 0.06473214285714286
15 0.6160714285714286 0.13950892857142858 0.08370535714285714 0.0625
15 0.3392857142857143 0.15066964285714285 0.08147321428571429 0.06473214285714286
15 0.40736607142857145 0.5401785714285714 0.08705357142857142 0.0625
15 0.16183035714285715 0.6383928571428571 0.08705357142857142 0.060267857142857144
17 0.7566964285714286 0.828125 0.10044642857142858 0.07924107142857142
17 0.6540178571428571 0.6439732142857143 0.11049107142857142 0.07700892857142858
17 0.671875 0.5401785714285714 0.11272321428571429 0.07700892857142858
17 0.5279017857142857 0.5111607142857143 0.10379464285714286 0.07700892857142858
17 0.31026785714285715 0.8683035714285714 0.11830357142857142 0.09151785714285714
17 0.15290178571428573 0.890625 0.08705357142857142 0.06696428571428571
17 0.125 0.9598214285714286 0.11272321428571429 0.07924107142857142
17 0.3236607142857143 0.7555803571428571 0.09598214285714286 0.06696428571428571
17 0.31361607142857145 0.6975446428571429 0.09598214285714286 0.07700892857142858
17 0.3939732142857143 0.6238839285714286 0.11272321428571429 0.07700892857142858
17 0.3247767857142857 0.6037946428571429 0.11272321428571429 0.07700892857142858
17 0.34151785714285715 0.5368303571428571 0.11272321428571429 0.07700892857142858
17 0.21763392857142858 0.7209821428571429 0.09821428571428571 0.07700892857142858
17 0.036830357142857144 0.8080357142857143 0.07366071428571429 0.07589285714285714
17 0.12723214285714285 0.7220982142857143 0.09151785714285714 0.07700892857142858
17 0.10267857142857142 0.6194196428571429 0.11272321428571429 0.07700892857142858
17 0.16517857142857142 0.4720982142857143 0.11272321428571429 0.07700892857142858
17 0.19977678571428573 0.5122767857142857 0.11272321428571429 0.07700892857142858
17 0.34375 0.42745535714285715 0.11272321428571429 0.07700892857142858
17 0.3716517857142857 0.48995535714285715 0.11272321428571429 0.07700892857142858
17 0.24441964285714285 0.4029017857142857 0.11272321428571429 0.07700892857142858
17 0.546875 0.32924107142857145 0.09598214285714286 0.07700892857142858
17 0.6104910714285714 0.33035714285714285 0.10044642857142858 0.07700892857142858
17 0.7299107142857143 0.23660714285714285 0.10044642857142858 0.06696428571428571
17 0.8002232142857143 0.19754464285714285 0.11272321428571429 0.07700892857142858
17 0.8705357142857143 0.25 0.09821428571428571 0.07700892857142858
17 0.8381696428571429 0.11495535714285714 0.11272321428571429 0.07700892857142858
17 0.7767857142857143 0.06696428571428571 0.10044642857142858 0.07700892857142858
17 0.7354910714285714 0.15401785714285715 0.10602678571428571 0.09598214285714286
17 0.9095982142857143 0.046875 0.11272321428571429 0.09375
17 0.9553571428571429 0.11607142857142858 0.08928571428571429 0.07924107142857142
17 0.5535714285714286 0.08928571428571429 0.11272321428571429 0.07700892857142858
17 0.5658482142857143 0.203125 0.09151785714285714 0.07700892857142858
17 0.4799107142857143 0.22209821428571427 0.11272321428571429 0.07700892857142858
17 0.30245535714285715 0.23883928571428573 0.08705357142857142 0.07700892857142858
17 0.21875 0.21540178571428573 0.11272321428571429 0.07700892857142858
17 0.22321428571428573 0.33482142857142855 0.10044642857142858 0.07700892857142858
17 0.14397321428571427 0.26339285714285715 0.10379464285714286 0.07700892857142858
17 0.10825892857142858 0.17522321428571427 0.11272321428571429 0.07700892857142858
17 0.15848214285714285 0.13058035714285715 0.11272321428571429 0.07700892857142858
17 0.21540178571428573 0.12611607142857142 0.11272321428571429 0.07700892857142858
17 0.42745535714285715 0.05915178571428571 0.09598214285714286 0.06919642857142858
17 0.40513392857142855 0.026785714285714284 0.11272321428571429 0.052455357142857144
17 0.19308035714285715 0.046875 0.11272321428571429 0.07700892857142858
17 0.12834821428571427 0.030133928571428572 0.11272321428571429 0.05803571428571429
17 0.09375 0.3482142857142857 0.09598214285714286 0.07700892857142858
17 0.04575892857142857 0.33370535714285715 0.09151785714285714 0.07700892857142858
17 0.036830357142857144 0.47767857142857145 0.07366071428571429 0.07589285714285714
15 0.8861607142857143 0.18973214285714285 0.08147321428571429 0.06696428571428571
5 0.44642857142857145 0.9006696428571429 0.10379464285714286 0.07700892857142858
17 0.78125 0.30691964285714285 0.09151785714285714 0.07700892857142858
15 0.890625 0.5223214285714286 0.10602678571428571 0.06473214285714286
7 0.06473214285714286 0.5424107142857143 0.10825892857142858 0.09151785714285714
5 0.46986607142857145 0.15401785714285715 0.08370535714285714 0.05803571428571429
13 0.5301339285714286 0.6506696428571429 0.09151785714285714 0.07254464285714286
15 0.35267857142857145 0.8035714285714286 0.09151785714285714 0.06696428571428571
15 0.5066964285714286 0.9341517857142857 0.08705357142857142 0.07477678571428571
15 0.6875 0.026785714285714284 0.08705357142857142 0.052455357142857144
17 0.8258928571428571 0.6975446428571429 0.10044642857142858 0.09375