11 0.5625 0.6875 0.11272321428571429 0.07700892857142858
11 0.8102678571428571 0.33035714285714285 0.08370535714285714 0.08928571428571429
11 0.9229910714285714 0.4564732142857143 0.10602678571428571 0.06696428571428571
11 0.2845982142857143 0.13169642857142858 0.11272321428571429 0.07700892857142858
8 0.18080357142857142 0.9330357142857143 0.09151785714285714 0.0625
13 0.6986607142857143 0.19084821428571427 0.08705357142857142 0.06696428571428571
13 0.7522321428571429 0.4017857142857143 0.11272321428571429 0.07700892857142858
13 0.7756696428571429 0.7064732142857143 0.11272321428571429 0.07700892857142858
13 0.4029017857142857 0.11049107142857142 0.11272321428571429 0.07700892857142858
11 0.46875 0.18638392857142858 0.11272321428571429 0.07700892857142858
11 0.7935267857142857 0.14620535714285715 0.10602678571428571 0.07254464285714286
13 0.9397321428571429 0.7020089285714286 0.11272321428571429 0.07700892857142858
13 0.8069196428571429 0.06696428571428571 0.10044642857142858 0.07254464285714286
13 0.8169642857142857 0.8627232142857143 0.11272321428571429 0.07924107142857142
14 0.5848214285714286 0.5691964285714286 0.09375 0.07254464285714286
2 0.6629464285714286 0.13169642857142858 0.12946428571428573 0.05022321428571429
14 0.30245535714285715 0.32254464285714285 0.10044642857142858 0.06696428571428571
11 0.25669642857142855 0.5301339285714286 0.08705357142857142 0.07700892857142858
18 0.8158482142857143 0.9475446428571429 0.10602678571428571 0.07700892857142858
14 0.04799107142857143 0.20424107142857142 0.09598214285714286 0.0625
12 0.6506696428571429 0.8571428571428571 0.04575892857142857 0.03794642857142857
11 0.6495535714285714 0.40736607142857145 0.11495535714285714 0.05580357142857143
14 0.48214285714285715 0.47879464285714285 0.10825892857142858 0.06696428571428571