13 0.9620535714285714 0.9441964285714286 0.07254464285714286 0.10602678571428571
13 0.9475446428571429 0.08370535714285714 0.10044642857142858 0.16741071428571427
13 0.06361607142857142 0.9497767857142857 0.12723214285714285 0.10044642857142858
13 0.7109375 0.022321428571428572 0.203125 0.044642857142857144
12 0.6707589285714286 0.29799107142857145 0.09151785714285714 0.10044642857142858
13 0.8928571428571429 0.7756696428571429 0.20424107142857142 0.21205357142857142
13 0.7667410714285714 0.7924107142857143 0.21205357142857142 0.21205357142857142
12 0.2767857142857143 0.3872767857142857 0.07477678571428571 0.05803571428571429
13 0.9274553571428571 0.30357142857142855 0.13950892857142858 0.20200892857142858
13 0.43973214285714285 0.044642857142857144 0.24330357142857142 0.08928571428571429
13 0.6462053571428571 0.9620535714285714 0.22098214285714285 0.07589285714285714
13 0.4252232142857143 0.9620535714285714 0.22544642857142858 0.07589285714285714
13 0.29129464285714285 0.08258928571428571 0.21875 0.16071428571428573
13 0.19308035714285715 0.45200892857142855 0.22544642857142858 0.22098214285714285
13 0.14285714285714285 0.6685267857142857 0.23102678571428573 0.2622767857142857
13 0.7745535714285714 0.421875 0.21428571428571427 0.20870535714285715
13 0.8136160714285714 0.16071428571428573 0.23325892857142858 0.20647321428571427
3 0.47879464285714285 0.640625 0.48325892857142855 0.47879464285714285
13 0.5892857142857143 0.13504464285714285 0.23325892857142858 0.21651785714285715
13 0.22321428571428573 0.8895089285714286 0.23102678571428573 0.20870535714285715
13 0.13169642857142858 0.22433035714285715 0.26004464285714285 0.23995535714285715
13 0.49107142857142855 0.32254464285714285 0.23325892857142858 0.20424107142857142