13 0.9575892857142857 0.8180803571428571 0.07924107142857142 0.2544642857142857
12 0.9810267857142857 0.43973214285714285 0.03794642857142857 0.07924107142857142
13 0.8236607142857143 0.5736607142857143 0.2767857142857143 0.29799107142857145
13 0.47433035714285715 0.03571428571428571 0.22991071428571427 0.07142857142857142
13 0.7879464285714286 0.8214285714285714 0.26674107142857145 0.22544642857142858
13 0.3404017857142857 0.3002232142857143 0.20424107142857142 0.23772321428571427
13 0.20647321428571427 0.9341517857142857 0.26450892857142855 0.13169642857142858
13 0.13169642857142858 0.36941964285714285 0.23549107142857142 0.21428571428571427
0 0.49776785714285715 0.5111607142857143 0.36830357142857145 0.40401785714285715
13 0.8683035714285714 0.06473214285714286 0.26004464285714285 0.12946428571428573
13 0.8638392857142857 0.6294642857142857 0.18973214285714285 0.18973214285714285
13 0.10714285714285714 0.5948660714285714 0.21428571428571427 0.25223214285714285