13 0.029017857142857144 0.15178571428571427 0.05803571428571429 0.2935267857142857
13 0.14955357142857142 0.08482142857142858 0.25 0.16964285714285715
13 0.6216517857142857 0.16183035714285715 0.23325892857142858 0.22321428571428573
12 0.029017857142857144 0.029017857142857144 0.05803571428571429 0.05803571428571429
13 0.6227678571428571 0.23772321428571427 0.23102678571428573 0.16294642857142858
13 0.609375 0.03794642857142857 0.2544642857142857 0.07589285714285714
9 0.31361607142857145 0.17857142857142858 0.5122767857142857 0.28125
9 0.8493303571428571 0.15959821428571427 0.22321428571428573 0.31919642857142855
13 0.6941964285714286 0.6450892857142857 0.08705357142857142 0.2622767857142857
13 0.04352678571428571 0.6417410714285714 0.08705357142857142 0.27901785714285715
13 0.12834821428571427 0.8426339285714286 0.25669642857142855 0.22879464285714285
13 0.12834821428571427 0.9575892857142857 0.19977678571428573 0.08370535714285714
13 0.45982142857142855 0.8995535714285714 0.2767857142857143 0.20089285714285715
6 0.453125 0.5959821428571429 0.46205357142857145 0.4564732142857143
13 0.14508928571428573 0.5044642857142857 0.22879464285714285 0.22544642857142858
13 0.28013392857142855 0.3939732142857143 0.24776785714285715 0.14955357142857142
3 0.7745535714285714 0.6930803571428571 0.07254464285714286 0.5412946428571429