0 0.12053571428571429 0.3158482142857143 0.23995535714285715 0.43973214285714285
13 0.8392857142857143 0.5245535714285714 0.24776785714285715 0.2767857142857143
13 0.9151785714285714 0.4095982142857143 0.16964285714285715 0.17633928571428573
13 0.9497767857142857 0.19977678571428573 0.10044642857142858 0.19754464285714285
13 0.41294642857142855 0.6551339285714286 0.20647321428571427 0.14620535714285715
13 0.9397321428571429 0.5926339285714286 0.12053571428571429 0.25223214285714285
13 0.9118303571428571 0.060267857142857144 0.17522321428571427 0.12053571428571429
13 0.5636160714285714 0.6741071428571429 0.17522321428571427 0.10825892857142858
0 0.5647321428571429 0.46316964285714285 0.39620535714285715 0.375
13 0.6227678571428571 0.20535714285714285 0.21205357142857142 0.20647321428571427
13 0.18415178571428573 0.7321428571428571 0.21875 0.006696428571428571
13 0.26674107142857145 0.7924107142857143 0.0625 0.12723214285714285
13 0.22433035714285715 0.9185267857142857 0.14620535714285715 0.16294642857142858
3 0.7633928571428571 0.8638392857142857 0.4732142857142857 0.27120535714285715