7 0.8526785714285714 0.5993303571428571 0.09598214285714286 0.12276785714285714
7 0.25558035714285715 0.7589285714285714 0.09821428571428571 0.11830357142857142
17 0.23102678571428573 0.43973214285714285 0.08370535714285714 0.11830357142857142
11 0.5379464285714286 0.6450892857142857 0.10602678571428571 0.09151785714285714
12 0.6729910714285714 0.38950892857142855 0.03125 0.03794642857142857
12 0.3247767857142857 0.6116071428571429 0.018973214285714284 0.029017857142857144
12 0.036830357142857144 0.9854910714285714 0.026785714285714284 0.029017857142857144
12 0.15066964285714285 0.9810267857142857 0.018973214285714284 0.03125
13 0.5926339285714286 0.47433035714285715 0.08370535714285714 0.09598214285714286
13 0.6004464285714286 0.3716517857142857 0.07924107142857142 0.10044642857142858
13 0.6361607142857143 0.20870535714285715 0.07924107142857142 0.10044642857142858
13 0.17075892857142858 0.5122767857142857 0.09151785714285714 0.09821428571428571
13 0.22879464285714285 0.5982142857142857 0.08928571428571429 0.11495535714285714
13 0.30357142857142855 0.5569196428571429 0.07477678571428571 0.09151785714285714
13 0.25669642857142855 0.32700892857142855 0.07924107142857142 0.11272321428571429
13 0.3236607142857143 0.2689732142857143 0.08370535714285714 0.12053571428571429
13 0.38839285714285715 0.20870535714285715 0.07924107142857142 0.10044642857142858
13 0.5011160714285714 0.04352678571428571 0.07477678571428571 0.08370535714285714
13 0.078125 0.22767857142857142 0.08147321428571429 0.08928571428571429
13 0.07589285714285714 0.3236607142857143 0.07924107142857142 0.09598214285714286
13 0.036830357142857144 0.42410714285714285 0.07366071428571429 0.09375
13 0.08147321428571429 0.5256696428571429 0.08928571428571429 0.10602678571428571
13 0.04241071428571429 0.7589285714285714 0.07924107142857142 0.09598214285714286
13 0.3872767857142857 0.9397321428571429 0.07700892857142858 0.08370535714285714