9 0.17857142857142858 0.10602678571428571 0.35714285714285715 0.21205357142857142
13 0.9185267857142857 0.30357142857142855 0.16294642857142858 0.060267857142857144
13 0.9185267857142857 0.05580357142857143 0.16294642857142858 0.11049107142857142
13 0.5424107142857143 0.2779017857142857 0.2767857142857143 0.12276785714285714
13 0.44754464285714285 0.07700892857142858 0.17745535714285715 0.15401785714285715
13 0.9508928571428571 0.10825892857142858 0.09821428571428571 0.21651785714285715
13 0.4185267857142857 0.22991071428571427 0.12053571428571429 0.21875
6 0.09933035714285714 0.59375 0.19866071428571427 0.3705357142857143
13 0.6674107142857143 0.9274553571428571 0.29575892857142855 0.14397321428571427
6 0.5803571428571429 0.7209821428571429 0.36495535714285715 0.3794642857142857
13 0.8013392857142857 0.5334821428571429 0.28348214285714285 0.2935267857142857
13 0.9319196428571429 0.8069196428571429 0.13616071428571427 0.21205357142857142
13 0.44754464285714285 0.8794642857142857 0.17745535714285715 0.22098214285714285
13 0.40736607142857145 0.5435267857142857 0.09821428571428571 0.23549107142857142
13 0.8917410714285714 0.9274553571428571 0.21651785714285715 0.14397321428571427