8 0.7131696428571429 0.6997767857142857 0.0625 0.08147321428571429
8 0.7220982142857143 0.6272321428571429 0.0625 0.07924107142857142
15 0.4575892857142857 0.19977678571428573 0.052455357142857144 0.07254464285714286
1 0.265625 0.4341517857142857 0.06696428571428571 0.10044642857142858
1 0.5212053571428571 0.7700892857142857 0.06696428571428571 0.10602678571428571
1 0.6473214285714286 0.5837053571428571 0.052455357142857144 0.09151785714285714
1 0.6618303571428571 0.4174107142857143 0.06919642857142858 0.08147321428571429
1 0.8314732142857143 0.5334821428571429 0.06696428571428571 0.10044642857142858
1 0.8537946428571429 0.9363839285714286 0.07700892857142858 0.08147321428571429
19 0.8995535714285714 0.13058035714285715 0.11049107142857142 0.12946428571428573
1 0.8180803571428571 0.8783482142857143 0.05803571428571429 0.09151785714285714
1 0.9564732142857143 0.6830357142857143 0.0625 0.09598214285714286
1 0.8504464285714286 0.6674107142857143 0.07254464285714286 0.09598214285714286
1 0.47433035714285715 0.4877232142857143 0.0625 0.07700892857142858
17 0.7845982142857143 0.22991071428571427 0.06696428571428571 0.09151785714285714
12 0.3325892857142857 0.5691964285714286 0.024553571428571428 0.03125
12 0.20535714285714285 0.5915178571428571 0.024553571428571428 0.029017857142857144
12 0.16741071428571427 0.8180803571428571 0.018973214285714284 0.029017857142857144
12 0.060267857142857144 0.5189732142857143 0.016741071428571428 0.029017857142857144
12 0.24553571428571427 0.18415178571428573 0.014508928571428572 0.018973214285714284
12 0.25223214285714285 0.20870535714285715 0.014508928571428572 0.014508928571428572
12 0.20535714285714285 0.18303571428571427 0.014508928571428572 0.024553571428571428
12 0.30691964285714285 0.17522321428571427 0.014508928571428572 0.016741071428571428
12 0.06696428571428571 0.6908482142857143 0.018973214285714284 0.016741071428571428
12 0.6283482142857143 0.4654017857142857 0.016741071428571428 0.018973214285714284
12 0.49107142857142855 0.4095982142857143 0.014508928571428572 0.029017857142857144
12 0.4341517857142857 0.47098214285714285 0.012276785714285714 0.024553571428571428
12 0.9252232142857143 0.7354910714285714 0.018973214285714284 0.029017857142857144
13 0.5915178571428571 0.6227678571428571 0.05803571428571429 0.07924107142857142
13 0.6383928571428571 0.6875 0.06696428571428571 0.08705357142857142
13 0.578125 0.5368303571428571 0.06696428571428571 0.08705357142857142
13 0.5691964285714286 0.36160714285714285 0.06696428571428571 0.08705357142857142
13 0.671875 0.3013392857142857 0.0625 0.07924107142857142
13 0.5357142857142857 0.25 0.0625 0.08147321428571429
13 0.5089285714285714 0.328125 0.0625 0.09151785714285714
15 0.45535714285714285 0.036830357142857144 0.05357142857142857 0.07366071428571429
15 0.8125 0.7823660714285714 0.06696428571428571 0.08705357142857142
13 0.6729910714285714 0.8638392857142857 0.06696428571428571 0.08147321428571429
13 0.5145089285714286 0.9263392857142857 0.0625 0.07924107142857142
13 0.46763392857142855 0.8649553571428571 0.0625 0.07700892857142858
13 0.36941964285714285 0.8694196428571429 0.05803571428571429 0.07924107142857142
13 0.3158482142857143 0.8091517857142857 0.06696428571428571 0.07924107142857142
1 0.3404017857142857 0.7276785714285714 0.06696428571428571 0.08147321428571429
1 0.23660714285714285 0.7723214285714286 0.06696428571428571 0.08147321428571429
1 0.10714285714285714 0.8660714285714286 0.06696428571428571 0.07924107142857142
1 0.5870535714285714 0.9363839285714286 0.06473214285714286 0.08705357142857142
1 0.6551339285714286 0.10825892857142858 0.0625 0.08705357142857142
13 0.7008928571428571 0.23102678571428573 0.06473214285714286 0.08147321428571429
13 0.3794642857142857 0.3716517857142857 0.06473214285714286 0.07924107142857142