1 0.6160714285714286 0.9408482142857143 0.08705357142857142 0.07254464285714286
15 0.8973214285714286 0.6082589285714286 0.09151785714285714 0.0625
2 0.27120535714285715 0.27120535714285715 0.10825892857142858 0.052455357142857144
15 0.7767857142857143 0.8560267857142857 0.08370535714285714 0.06696428571428571
11 0.07142857142857142 0.7767857142857143 0.09151785714285714 0.08147321428571429
2 0.7198660714285714 0.8337053571428571 0.09151785714285714 0.0625
12 0.5145089285714286 0.7522321428571429 0.10825892857142858 0.08928571428571429
12 0.5513392857142857 0.08035714285714286 0.10602678571428571 0.07477678571428571
12 0.43080357142857145 0.11607142857142858 0.06696428571428571 0.06696428571428571
12 0.18080357142857142 0.05022321428571429 0.05803571428571429 0.024553571428571428
12 0.20089285714285715 0.022321428571428572 0.04799107142857143 0.026785714285714284
12 0.7544642857142857 0.4642857142857143 0.04799107142857143 0.03125
12 0.38392857142857145 0.9241071428571429 0.04352678571428571 0.03571428571428571