16 0.10379464285714286 0.34263392857142855 0.09151785714285714 0.07477678571428571
16 0.20424107142857142 0.43526785714285715 0.09598214285714286 0.0625
16 0.5133928571428571 0.4877232142857143 0.08370535714285714 0.07254464285714286
16 0.5089285714285714 0.6930803571428571 0.09151785714285714 0.06696428571428571
16 0.5680803571428571 0.6361607142857143 0.10044642857142858 0.07254464285714286
16 0.6506696428571429 0.7834821428571429 0.09151785714285714 0.07254464285714286
16 0.8861607142857143 0.9743303571428571 0.08370535714285714 0.05022321428571429
16 0.953125 0.9430803571428571 0.08147321428571429 0.06696428571428571
16 0.9174107142857143 0.7566964285714286 0.09375 0.06696428571428571
16 0.8872767857142857 0.6417410714285714 0.10044642857142858 0.0625
16 0.8169642857142857 0.5970982142857143 0.08928571428571429 0.07254464285714286
16 0.8147321428571429 0.4185267857142857 0.10602678571428571 0.07924107142857142
16 0.9508928571428571 0.34151785714285715 0.09151785714285714 0.06473214285714286
16 0.27120535714285715 0.9196428571428571 0.09598214285714286 0.06696428571428571
16 0.37723214285714285 0.9252232142857143 0.10602678571428571 0.07924107142857142
16 0.09598214285714286 0.7455357142857143 0.09598214285714286 0.06696428571428571
16 0.26339285714285715 0.29464285714285715 0.09375 0.07254464285714286
16 0.35267857142857145 0.3247767857142857 0.08147321428571429 0.06696428571428571
16 0.6049107142857143 0.32589285714285715 0.08370535714285714 0.06696428571428571
16 0.6685267857142857 0.17522321428571427 0.08370535714285714 0.06696428571428571
16 0.7935267857142857 0.18080357142857142 0.08928571428571429 0.06696428571428571
16 0.859375 0.08705357142857142 0.08705357142857142 0.06696428571428571
16 0.7845982142857143 0.03125 0.08928571428571429 0.0625
16 0.4174107142857143 0.06808035714285714 0.09151785714285714 0.060267857142857144
16 0.27120535714285715 0.11607142857142858 0.08705357142857142 0.06696428571428571
16 0.09709821428571429 0.17745535714285715 0.09151785714285714 0.06696428571428571
16 0.25669642857142855 0.21986607142857142 0.09151785714285714 0.06473214285714286
5 0.5993303571428571 0.5066964285714286 0.09598214285714286 0.07700892857142858
5 0.23214285714285715 0.7901785714285714 0.09821428571428571 0.07924107142857142
11 0.2924107142857143 0.4497767857142857 0.09151785714285714 0.07700892857142858
13 0.16629464285714285 0.125 0.09598214285714286 0.06696428571428571
5 0.8504464285714286 0.34933035714285715 0.08705357142857142 0.06696428571428571
13 0.7232142857142857 0.6037946428571429 0.08705357142857142 0.07477678571428571
13 0.8705357142857143 0.49441964285714285 0.08370535714285714 0.06696428571428571
13 0.7064732142857143 0.29129464285714285 0.08705357142857142 0.06696428571428571
5 0.7064732142857143 0.4263392857142857 0.10602678571428571 0.07254464285714286
13 0.9330357142857143 0.5591517857142857 0.09151785714285714 0.07254464285714286
12 0.6395089285714286 0.7020089285714286 0.024553571428571428 0.016741071428571428
12 0.1875 0.5435267857142857 0.021205357142857144 0.021205357142857144
12 0.12946428571428573 0.4252232142857143 0.029017857142857144 0.024553571428571428
12 0.9698660714285714 0.25558035714285715 0.04352678571428571 0.026785714285714284
12 0.71875 0.3404017857142857 0.033482142857142856 0.018973214285714284