2 0.6283482142857143 0.7377232142857143 0.07700892857142858 0.11272321428571429
17 0.30691964285714285 0.7154017857142857 0.07700892857142858 0.11272321428571429
13 0.17299107142857142 0.7410714285714286 0.07700892857142858 0.11272321428571429
2 0.8917410714285714 0.8158482142857143 0.07700892857142858 0.11272321428571429
13 0.8158482142857143 0.8314732142857143 0.07700892857142858 0.11272321428571429
13 0.05803571428571429 0.5223214285714286 0.07700892857142858 0.11272321428571429
13 0.45089285714285715 0.13058035714285715 0.07254464285714286 0.11272321428571429
13 0.5212053571428571 0.10714285714285714 0.07700892857142858 0.09375
13 0.7801339285714286 0.13950892857142858 0.07700892857142858 0.11272321428571429
13 0.9308035714285714 0.48549107142857145 0.07700892857142858 0.11272321428571429
15 0.29129464285714285 0.03125 0.06919642857142858 0.0625