17 0.27455357142857145 0.5870535714285714 0.07700892857142858 0.10044642857142858
17 0.8526785714285714 0.2935267857142857 0.08147321428571429 0.11495535714285714
17 0.5435267857142857 0.5368303571428571 0.07700892857142858 0.11272321428571429
7 0.7243303571428571 0.7689732142857143 0.07700892857142858 0.11272321428571429
17 0.6283482142857143 0.7689732142857143 0.07700892857142858 0.11272321428571429
7 0.43191964285714285 0.71875 0.07700892857142858 0.11272321428571429
7 0.5680803571428571 0.8660714285714286 0.07700892857142858 0.11272321428571429
13 0.7254464285714286 0.5290178571428571 0.07700892857142858 0.11272321428571429
13 0.14955357142857142 0.7142857142857143 0.07924107142857142 0.10602678571428571
7 0.31808035714285715 0.7522321428571429 0.07700892857142858 0.11272321428571429
17 0.34375 0.23772321428571427 0.07700892857142858 0.09598214285714286
17 0.15290178571428573 0.6037946428571429 0.08370535714285714 0.12276785714285714
17 0.6462053571428571 0.32254464285714285 0.07254464285714286 0.09151785714285714
17 0.24888392857142858 0.0625 0.10044642857142858 0.125
17 0.078125 0.03459821428571429 0.09821428571428571 0.06696428571428571
17 0.8549107142857143 0.16852678571428573 0.09598214285714286 0.125
17 0.6294642857142857 0.5323660714285714 0.08147321428571429 0.10044642857142858