13 0.9866071428571429 0.20647321428571427 0.026785714285714284 0.23549107142857142
13 0.5055803571428571 0.016741071428571428 0.31473214285714285 0.033482142857142856
13 0.8404017857142857 0.6674107142857143 0.18080357142857142 0.20647321428571427
13 0.34263392857142855 0.9810267857142857 0.19754464285714285 0.033482142857142856
13 0.11941964285714286 0.9776785714285714 0.22991071428571427 0.044642857142857144
13 0.9654017857142857 0.3872767857142857 0.06919642857142858 0.1875
12 0.43191964285714285 0.8102678571428571 0.09151785714285714 0.06919642857142858
13 0.9665178571428571 0.9029017857142857 0.06696428571428571 0.19419642857142858
13 0.9508928571428571 0.7198660714285714 0.09821428571428571 0.18526785714285715
13 0.3158482142857143 0.7845982142857143 0.17745535714285715 0.21428571428571427
6 0.5100446428571429 0.5066964285714286 0.40401785714285715 0.39620535714285715
13 0.7131696428571429 0.6863839285714286 0.21428571428571427 0.21205357142857142
13 0.09263392857142858 0.24888392857142858 0.18526785714285715 0.23325892857142858
13 0.8917410714285714 0.09486607142857142 0.21205357142857142 0.18526785714285715
13 0.5770089285714286 0.21428571428571427 0.20424107142857142 0.21651785714285715
13 0.8370535714285714 0.8816964285714286 0.21651785714285715 0.23102678571428573