16 0.703125 0.5457589285714286 0.07924107142857142 0.10602678571428571
16 0.5345982142857143 0.09821428571428571 0.08928571428571429 0.12276785714285714
2 0.5178571428571429 0.8850446428571429 0.052455357142857144 0.10044642857142858
18 0.10044642857142858 0.3560267857142857 0.06696428571428571 0.07700892857142858
16 0.044642857142857144 0.21205357142857142 0.08928571428571429 0.10825892857142858
11 0.8325892857142857 0.9464285714285714 0.0625 0.10714285714285714
13 0.27232142857142855 0.2857142857142857 0.06473214285714286 0.08928571428571429
13 0.6049107142857143 0.7756696428571429 0.0625 0.07700892857142858
13 0.5669642857142857 0.6930803571428571 0.08147321428571429 0.09598214285714286
13 0.6104910714285714 0.8526785714285714 0.06919642857142858 0.08370535714285714
13 0.21316964285714285 0.859375 0.06919642857142858 0.09151785714285714
13 0.10267857142857142 0.8761160714285714 0.06696428571428571 0.09375
13 0.4029017857142857 0.5044642857142857 0.06696428571428571 0.08705357142857142
7 0.7433035714285714 0.10714285714285714 0.08147321428571429 0.12276785714285714