15 0.08816964285714286 0.42857142857142855 0.07700892857142858 0.11272321428571429
15 0.18973214285714285 0.49888392857142855 0.06696428571428571 0.07924107142857142
15 0.16964285714285715 0.2622767857142857 0.05803571428571429 0.07477678571428571
15 0.03459821428571429 0.05580357142857143 0.06696428571428571 0.11049107142857142
15 0.2767857142857143 0.15959821428571427 0.05803571428571429 0.08705357142857142
15 0.39174107142857145 0.19642857142857142 0.05803571428571429 0.06696428571428571
15 0.37276785714285715 0.26004464285714285 0.0625 0.07254464285714286
15 0.36495535714285715 0.3236607142857143 0.05803571428571429 0.07924107142857142
15 0.45870535714285715 0.04799107142857143 0.07700892857142858 0.09598214285714286
15 0.9754464285714286 0.17745535714285715 0.04799107142857143 0.06696428571428571
15 0.9520089285714286 0.23549107142857142 0.05803571428571429 0.06696428571428571
15 0.8683035714285714 0.05357142857142857 0.07589285714285714 0.10714285714285714
15 0.828125 0.16629464285714285 0.05580357142857143 0.09151785714285714
15 0.7544642857142857 0.25 0.0625 0.08370535714285714
15 0.7868303571428571 0.3013392857142857 0.0625 0.07477678571428571
15 0.7667410714285714 0.34151785714285715 0.05803571428571429 0.07700892857142858
15 0.828125 0.33482142857142855 0.052455357142857144 0.06696428571428571
15 0.8080357142857143 0.45424107142857145 0.05803571428571429 0.07477678571428571
15 0.9654017857142857 0.48995535714285715 0.0625 0.09151785714285714
15 0.8035714285714286 0.5691964285714286 0.05803571428571429 0.07924107142857142
15 0.6975446428571429 0.7020089285714286 0.0625 0.09598214285714286
15 0.7254464285714286 0.6752232142857143 0.05580357142857143 0.07700892857142858
15 0.7098214285714286 0.7845982142857143 0.06696428571428571 0.07700892857142858
15 0.7544642857142857 0.8236607142857143 0.07700892857142858 0.08705357142857142
15 0.7946428571428571 0.8705357142857143 0.05803571428571429 0.08705357142857142
15 0.5881696428571429 0.5055803571428571 0.07700892857142858 0.11272321428571429
15 0.5970982142857143 0.45089285714285715 0.0625 0.08147321428571429
15 0.5770089285714286 0.39955357142857145 0.05580357142857143 0.08147321428571429
15 0.36495535714285715 0.5691964285714286 0.05803571428571429 0.08147321428571429
15 0.30580357142857145 0.6529017857142857 0.05580357142857143 0.07700892857142858
15 0.24107142857142858 0.5178571428571429 0.05580357142857143 0.07924107142857142
15 0.09375 0.7700892857142857 0.052455357142857144 0.07700892857142858
15 0.13504464285714285 0.6272321428571429 0.07700892857142858 0.11272321428571429
15 0.14174107142857142 0.7756696428571429 0.05803571428571429 0.08705357142857142
15 0.16852678571428573 0.8392857142857143 0.060267857142857144 0.07254464285714286
15 0.30245535714285715 0.90625 0.05803571428571429 0.08147321428571429
15 0.8738839285714286 0.9553571428571429 0.07924107142857142 0.08928571428571429
15 0.9151785714285714 0.8325892857142857 0.052455357142857144 0.08370535714285714
8 0.31808035714285715 0.29575892857142855 0.05803571428571429 0.06919642857142858
8 0.6595982142857143 0.6428571428571429 0.052455357142857144 0.07924107142857142
8 0.5647321428571429 0.6930803571428571 0.060267857142857144 0.08147321428571429
15 0.796875 0.3939732142857143 0.07700892857142858 0.11272321428571429
15 0.8459821428571429 0.41294642857142855 0.060267857142857144 0.08705357142857142
2 0.12946428571428573 0.21316964285714285 0.05803571428571429 0.09598214285714286
1 0.4888392857142857 0.9073660714285714 0.05803571428571429 0.09151785714285714
1 0.24553571428571427 0.6350446428571429 0.05803571428571429 0.07700892857142858
1 0.029017857142857144 0.71875 0.05803571428571429 0.10044642857142858
14 0.4720982142857143 0.5602678571428571 0.0625 0.07700892857142858