13 0.9776785714285714 0.6573660714285714 0.044642857142857144 0.20758928571428573
12 0.16964285714285715 0.11941964285714286 0.07924107142857142 0.07700892857142858
13 0.34151785714285715 0.984375 0.21651785714285715 0.026785714285714284
13 0.06584821428571429 0.16183035714285715 0.13169642857142858 0.23772321428571427
13 0.13392857142857142 0.9441964285714286 0.24553571428571427 0.10602678571428571
12 0.7745535714285714 0.11272321428571429 0.08147321428571429 0.07700892857142858
12 0.38950892857142855 0.7901785714285714 0.07924107142857142 0.07924107142857142
13 0.5379464285714286 0.9553571428571429 0.25 0.08928571428571429
3 0.49441964285714285 0.5122767857142857 0.43526785714285715 0.44419642857142855
13 0.9006696428571429 0.13950892857142858 0.19419642857142858 0.2622767857142857
13 0.2622767857142857 0.10714285714285714 0.26004464285714285 0.20870535714285715
13 0.8147321428571429 0.6506696428571429 0.22098214285714285 0.22098214285714285
13 0.20535714285714285 0.38058035714285715 0.2622767857142857 0.29129464285714285
13 0.9129464285714286 0.8147321428571429 0.16852678571428573 0.20424107142857142
13 0.5881696428571429 0.07700892857142858 0.20870535714285715 0.15401785714285715
13 0.6584821428571429 0.24107142857142858 0.24553571428571427 0.22321428571428573
13 0.8861607142857143 0.4497767857142857 0.22321428571428573 0.21875
13 0.21428571428571427 0.8191964285714286 0.24553571428571427 0.21875