0 0.3560267857142857 0.23772321428571427 0.6205357142857143 0.26004464285714285
13 0.9196428571428571 0.006696428571428571 0.16071428571428573 0.013392857142857142
13 0.8794642857142857 0.25 0.23995535714285715 0.23549107142857142
13 0.6752232142857143 0.9319196428571429 0.12723214285714285 0.13616071428571427
13 0.7321428571428571 0.6529017857142857 0.05580357142857143 0.25223214285714285
12 0.5033482142857143 0.44642857142857145 0.08370535714285714 0.07477678571428571
13 0.10379464285714286 0.8828125 0.20758928571428573 0.234375
13 0.46316964285714285 0.9709821428571429 0.31919642857142855 0.05803571428571429
13 0.3872767857142857 0.4185267857142857 0.3125 0.10044642857142858
0 0.2689732142857143 0.6919642857142857 0.4642857142857143 0.6149553571428571
13 0.06808035714285714 0.5089285714285714 0.13616071428571427 0.24107142857142858
13 0.5379464285714286 0.8549107142857143 0.2767857142857143 0.2622767857142857
13 0.6116071428571429 0.6707589285714286 0.24776785714285715 0.25
9 0.8794642857142857 0.609375 0.23995535714285715 0.48325892857142855