13 0.3872767857142857 0.09263392857142858 0.0625 0.18526785714285715
13 0.07477678571428571 0.041294642857142856 0.14955357142857142 0.08147321428571429
13 0.34263392857142855 0.20424107142857142 0.15178571428571427 0.20647321428571427
13 0.18526785714285715 0.15290178571428573 0.23549107142857142 0.23102678571428573
13 0.8794642857142857 0.20982142857142858 0.23995535714285715 0.19419642857142858
13 0.9241071428571429 0.13950892857142858 0.15178571428571427 0.26450892857142855
0 0.6004464285714286 0.15401785714285715 0.36495535714285715 0.3080357142857143
13 0.8258928571428571 0.04017857142857143 0.2857142857142857 0.07924107142857142
13 0.03794642857142857 0.328125 0.07589285714285714 0.044642857142857144
13 0.017857142857142856 0.609375 0.03571428571428571 0.25223214285714285
13 0.3783482142857143 0.9073660714285714 0.07924107142857142 0.18526785714285715
6 0.34263392857142855 0.6975446428571429 0.15178571428571427 0.32700892857142855
13 0.10044642857142858 0.8839285714285714 0.20089285714285715 0.23214285714285715
13 0.12053571428571429 0.6819196428571429 0.23995535714285715 0.24776785714285715
13 0.47433035714285715 0.9665178571428571 0.11272321428571429 0.06696428571428571
6 0.7801339285714286 0.5591517857142857 0.3247767857142857 0.3247767857142857
13 0.6819196428571429 0.796875 0.2622767857142857 0.24553571428571427
13 0.47433035714285715 0.5982142857142857 0.11272321428571429 0.3125
13 0.8939732142857143 0.4107142857142857 0.21205357142857142 0.20647321428571427
13 0.5848214285714286 0.5680803571428571 0.21875 0.29129464285714285