17 0.32254464285714285 0.8169642857142857 0.07700892857142858 0.10044642857142858
17 0.2779017857142857 0.5368303571428571 0.07924107142857142 0.09598214285714286
17 0.22321428571428573 0.33035714285714285 0.07924107142857142 0.10825892857142858
17 0.06808035714285714 0.45424107142857145 0.07924107142857142 0.10825892857142858
17 0.078125 0.5133928571428571 0.07700892857142858 0.10044642857142858
17 0.07924107142857142 0.140625 0.07254464285714286 0.10602678571428571
17 0.7712053571428571 0.78125 0.07924107142857142 0.11272321428571429
17 0.8716517857142857 0.48549107142857145 0.07924107142857142 0.11272321428571429
17 0.5959821428571429 0.8872767857142857 0.07924107142857142 0.10044642857142858
5 0.3470982142857143 0.10714285714285714 0.08928571428571429 0.11495535714285714
5 0.9508928571428571 0.6183035714285714 0.08928571428571429 0.11049107142857142
5 0.15290178571428573 0.5167410714285714 0.07924107142857142 0.10825892857142858
5 0.3470982142857143 0.5435267857142857 0.06696428571428571 0.10825892857142858
5 0.6261160714285714 0.6383928571428571 0.07254464285714286 0.10044642857142858
5 0.5915178571428571 0.41517857142857145 0.07477678571428571 0.10379464285714286
17 0.5100446428571429 0.049107142857142856 0.08928571428571429 0.09821428571428571
17 0.18638392857142858 0.40066964285714285 0.07477678571428571 0.11272321428571429
14 0.32700892857142855 0.7433035714285714 0.0625 0.07477678571428571
14 0.6506696428571429 0.30245535714285715 0.06919642857142858 0.09375
14 0.6674107142857143 0.18080357142857142 0.05580357142857143 0.08147321428571429
14 0.8091517857142857 0.9162946428571429 0.06696428571428571 0.06919642857142858
18 0.8058035714285714 0.5970982142857143 0.08705357142857142 0.11830357142857142
17 0.41294642857142855 0.3080357142857143 0.08928571428571429 0.09375
5 0.44308035714285715 0.7399553571428571 0.08705357142857142 0.11272321428571429
17 0.41183035714285715 0.5345982142857143 0.07700892857142858 0.11049107142857142
17 0.1875 0.7053571428571429 0.07924107142857142 0.10379464285714286
13 0.5569196428571429 0.7790178571428571 0.06919642857142858 0.08928571428571429
17 0.45089285714285715 0.19196428571428573 0.07700892857142858 0.10379464285714286
17 0.12388392857142858 0.09486607142857142 0.06919642857142858 0.10602678571428571
17 0.14285714285714285 0.044642857142857144 0.07924107142857142 0.08370535714285714
17 0.7332589285714286 0.07924107142857142 0.08370535714285714 0.10044642857142858
17 0.9207589285714286 0.39285714285714285 0.09151785714285714 0.125
15 0.7555803571428571 0.31919642857142855 0.07924107142857142 0.08147321428571429
15 0.7533482142857143 0.3861607142857143 0.07477678571428571 0.08928571428571429
17 0.7075892857142857 0.4408482142857143 0.08147321428571429 0.11272321428571429
17 0.7589285714285714 0.4497767857142857 0.07254464285714286 0.10044642857142858
17 0.18303571428571427 0.22544642857142858 0.08147321428571429 0.09821428571428571
13 0.3392857142857143 0.6662946428571429 0.07477678571428571 0.09598214285714286
13 0.37611607142857145 0.4486607142857143 0.07254464285714286 0.10379464285714286
13 0.46875 0.4799107142857143 0.06919642857142858 0.09151785714285714
5 0.34263392857142855 0.2779017857142857 0.07477678571428571 0.09598214285714286
5 0.30691964285714285 0.47544642857142855 0.07477678571428571 0.09598214285714286
5 0.49888392857142855 0.5926339285714286 0.09151785714285714 0.11049107142857142
14 0.4341517857142857 0.6506696428571429 0.06696428571428571 0.09151785714285714
17 0.8180803571428571 0.06808035714285714 0.08147321428571429 0.09598214285714286