13 0.013392857142857142 0.06584821428571429 0.026785714285714284 0.13169642857142858
6 0.40736607142857145 0.3236607142857143 0.12276785714285714 0.28125
12 0.41183035714285715 0.5881696428571429 0.11272321428571429 0.10379464285714286
13 0.17522321428571427 0.13169642857142858 0.3002232142857143 0.25223214285714285
13 0.08370535714285714 0.4921875 0.16741071428571427 0.234375
3 0.8694196428571429 0.42075892857142855 0.2611607142857143 0.43526785714285715
13 0.04575892857142857 0.9140625 0.09151785714285714 0.171875
13 0.4408482142857143 0.90625 0.05580357142857143 0.1875
13 0.24665178571428573 0.6819196428571429 0.25669642857142855 0.08370535714285714
13 0.05915178571428571 0.6930803571428571 0.11830357142857142 0.10825892857142858
3 0.78125 0.765625 0.4375 0.25223214285714285