13 0.5457589285714286 0.10379464285714286 0.08705357142857142 0.20647321428571427
13 0.28794642857142855 0.20982142857142858 0.2935267857142857 0.3002232142857143
12 0.4330357142857143 0.14285714285714285 0.07700892857142858 0.07924107142857142
13 0.4095982142857143 0.049107142857142856 0.25223214285714285 0.09821428571428571
6 0.12388392857142858 0.3125 0.24776785714285715 0.15401785714285715
13 0.10491071428571429 0.08816964285714286 0.20870535714285715 0.17522321428571427
3 0.7700892857142857 0.22098214285714285 0.3627232142857143 0.33705357142857145
9 0.8939732142857143 0.052455357142857144 0.20758928571428573 0.10491071428571429
0 0.26450892857142855 0.6495535714285714 0.5290178571428571 0.47544642857142855
13 0.7946428571428571 0.5870535714285714 0.23995535714285715 0.22321428571428573
3 0.6841517857142857 0.6529017857142857 0.18973214285714285 0.5267857142857143
13 0.8962053571428571 0.8214285714285714 0.20647321428571427 0.21428571428571427
13 0.7366071428571429 0.4408482142857143 0.23772321428571427 0.10379464285714286
13 0.7700892857142857 0.96875 0.29129464285714285 0.0625