13 0.19866071428571427 0.7354910714285714 0.07700892857142858 0.11272321428571429
16 0.17633928571428573 0.6037946428571429 0.07700892857142858 0.11272321428571429
8 0.36495535714285715 0.4252232142857143 0.060267857142857144 0.07254464285714286
8 0.4174107142857143 0.38839285714285715 0.060267857142857144 0.08147321428571429
8 0.05915178571428571 0.875 0.0625 0.08147321428571429
13 0.4263392857142857 0.7901785714285714 0.0625 0.08705357142857142
13 0.41517857142857145 0.8683035714285714 0.06919642857142858 0.08147321428571429
13 0.49441964285714285 0.8392857142857143 0.0625 0.09598214285714286
11 0.29129464285714285 0.7924107142857143 0.060267857142857144 0.09151785714285714
13 0.5513392857142857 0.8058035714285714 0.06473214285714286 0.08147321428571429
13 0.20200892857142858 0.22767857142857142 0.07700892857142858 0.11272321428571429
16 0.28794642857142855 0.12276785714285714 0.06473214285714286 0.10379464285714286
16 0.36607142857142855 0.08816964285714286 0.06696428571428571 0.09151785714285714