2 0.08816964285714286 0.10044642857142858 0.11272321428571429 0.07700892857142858
2 0.09151785714285714 0.21651785714285715 0.11495535714285714 0.08147321428571429
2 0.16517857142857142 0.5290178571428571 0.12053571428571429 0.08705357142857142
2 0.26450892857142855 0.8549107142857143 0.11272321428571429 0.07924107142857142
2 0.3080357142857143 0.35379464285714285 0.12053571428571429 0.08705357142857142
2 0.35267857142857145 0.5412946428571429 0.11272321428571429 0.07700892857142858
2 0.3872767857142857 0.6283482142857143 0.11272321428571429 0.07700892857142858
2 0.44754464285714285 0.3861607142857143 0.12053571428571429 0.08705357142857142
2 0.43526785714285715 0.8225446428571429 0.11272321428571429 0.07700892857142858
2 0.5 0.05803571428571429 0.11272321428571429 0.07700892857142858
2 0.5290178571428571 0.7154017857142857 0.11272321428571429 0.07700892857142858
2 0.5424107142857143 0.3716517857142857 0.11272321428571429 0.07700892857142858
2 0.5334821428571429 0.20424107142857142 0.11049107142857142 0.09151785714285714
2 0.5736607142857143 0.5569196428571429 0.12053571428571429 0.08928571428571429
2 0.6060267857142857 0.265625 0.11272321428571429 0.07700892857142858
2 0.6339285714285714 0.37611607142857145 0.11272321428571429 0.07700892857142858
2 0.7220982142857143 0.3872767857142857 0.11272321428571429 0.07700892857142858
2 0.7611607142857143 0.34598214285714285 0.11272321428571429 0.07700892857142858
2 0.8292410714285714 0.20647321428571427 0.11272321428571429 0.07700892857142858
2 0.8493303571428571 0.35714285714285715 0.11272321428571429 0.07700892857142858
2 0.8895089285714286 0.10379464285714286 0.11272321428571429 0.07700892857142858
2 0.9174107142857143 0.7232142857142857 0.11272321428571429 0.07924107142857142
2 0.9151785714285714 0.33370535714285715 0.10044642857142858 0.07477678571428571
14 0.5189732142857143 0.8861607142857143 0.07254464285714286 0.052455357142857144
14 0.14397321428571427 0.3247767857142857 0.06696428571428571 0.05580357142857143