14 0.4966517857142857 0.7433035714285714 0.08928571428571429 0.07700892857142858
14 0.6104910714285714 0.3716517857142857 0.08370535714285714 0.0625
14 0.484375 0.06473214285714286 0.09151785714285714 0.05803571428571429
14 0.6127232142857143 0.5970982142857143 0.07477678571428571 0.05580357142857143
18 0.375 0.9497767857142857 0.12053571428571429 0.08705357142857142
18 0.31919642857142855 0.36941964285714285 0.10602678571428571 0.06919642857142858
7 0.15513392857142858 0.22879464285714285 0.12946428571428573 0.08705357142857142
13 0.14732142857142858 0.08928571428571429 0.09151785714285714 0.06696428571428571
11 0.18303571428571427 0.33816964285714285 0.11830357142857142 0.08147321428571429
5 0.8772321428571429 0.7232142857142857 0.11049107142857142 0.07700892857142858
13 0.7868303571428571 0.47433035714285715 0.11272321428571429 0.07700892857142858
5 0.8805803571428571 0.48214285714285715 0.11272321428571429 0.07700892857142858
5 0.3158482142857143 0.7566964285714286 0.11495535714285714 0.09151785714285714
13 0.7790178571428571 0.09598214285714286 0.10044642857142858 0.07700892857142858
12 0.8337053571428571 0.23325892857142858 0.05580357142857143 0.03794642857142857
12 0.5926339285714286 0.12834821428571427 0.04352678571428571 0.029017857142857144
12 0.24553571428571427 0.19308035714285715 0.03794642857142857 0.029017857142857144
12 0.15736607142857142 0.5524553571428571 0.04799107142857143 0.03794642857142857
12 0.11495535714285714 0.5323660714285714 0.03794642857142857 0.029017857142857144
12 0.7901785714285714 0.9631696428571429 0.052455357142857144 0.029017857142857144
12 0.8582589285714286 0.6104910714285714 0.03794642857142857 0.024553571428571428
12 0.9676339285714286 0.7220982142857143 0.03794642857142857 0.024553571428571428
12 0.5446428571428571 0.5 0.04352678571428571 0.029017857142857144