13 0.32254464285714285 0.013392857142857142 0.21651785714285715 0.026785714285714284
13 0.9765625 0.18638392857142858 0.046875 0.20758928571428573
13 0.8917410714285714 0.9720982142857143 0.21651785714285715 0.05580357142857143
13 0.5368303571428571 0.049107142857142856 0.27120535714285715 0.09821428571428571
13 0.056919642857142856 0.6316964285714286 0.11272321428571429 0.21651785714285715
13 0.5613839285714286 0.20535714285714285 0.27901785714285715 0.22321428571428573
6 0.4966517857142857 0.47098214285714285 0.33705357142857145 0.35379464285714285
13 0.7332589285714286 0.6395089285714286 0.2622767857142857 0.27120535714285715
13 0.8895089285714286 0.34933035714285715 0.21651785714285715 0.19196428571428573
13 0.15401785714285715 0.47879464285714285 0.24776785714285715 0.23549107142857142
13 0.3125 0.32700892857142855 0.23549107142857142 0.20200892857142858
13 0.2857142857142857 0.12834821428571427 0.24553571428571427 0.22321428571428573
13 0.2767857142857143 0.6685267857142857 0.20647321428571427 0.21875
13 0.7924107142857143 0.1875 0.21205357142857142 0.22544642857142858
13 0.34151785714285715 0.9352678571428571 0.22321428571428573 0.12946428571428573
13 0.16629464285714285 0.8582589285714286 0.22544642857142858 0.21205357142857142