15 0.71875 0.8136160714285714 0.11272321428571429 0.07700892857142858
15 0.7410714285714286 0.765625 0.11272321428571429 0.07924107142857142
1 0.7957589285714286 0.8024553571428571 0.09151785714285714 0.06919642857142858
15 0.7868303571428571 0.8973214285714286 0.08705357142857142 0.07477678571428571
15 0.7209821428571429 0.9497767857142857 0.08370535714285714 0.07477678571428571
15 0.9252232142857143 0.7511160714285714 0.11272321428571429 0.07700892857142858
15 0.8270089285714286 0.7511160714285714 0.11272321428571429 0.07924107142857142
15 0.7901785714285714 0.6283482142857143 0.08147321428571429 0.07254464285714286
15 0.9520089285714286 0.6216517857142857 0.09598214285714286 0.07700892857142858
15 0.9375 0.5100446428571429 0.11272321428571429 0.07700892857142858
15 0.8604910714285714 0.4732142857142857 0.11272321428571429 0.07700892857142858
15 0.9441964285714286 0.4185267857142857 0.11049107142857142 0.07700892857142858
15 0.9587053571428571 0.35044642857142855 0.08147321428571429 0.07700892857142858
1 0.9185267857142857 0.9162946428571429 0.11272321428571429 0.07700892857142858
15 0.6361607142857143 0.9676339285714286 0.11272321428571429 0.06473214285714286
15 0.6026785714285714 0.9107142857142857 0.09151785714285714 0.07700892857142858
15 0.5714285714285714 0.7857142857142857 0.11272321428571429 0.07700892857142858
15 0.5658482142857143 0.7176339285714286 0.11272321428571429 0.07700892857142858
15 0.6272321428571429 0.5982142857142857 0.11272321428571429 0.07700892857142858
15 0.4654017857142857 0.6261160714285714 0.11272321428571429 0.07700892857142858
15 0.43191964285714285 0.8761160714285714 0.11272321428571429 0.07700892857142858
15 0.5033482142857143 0.9073660714285714 0.11272321428571429 0.07700892857142858
15 0.45982142857142855 0.9441964285714286 0.11272321428571429 0.07700892857142858
15 0.29575892857142855 0.8325892857142857 0.11272321428571429 0.07924107142857142
15 0.24441964285714285 0.8917410714285714 0.11272321428571429 0.07700892857142858
15 0.31026785714285715 0.9095982142857143 0.11272321428571429 0.07924107142857142
15 0.23772321428571427 0.9654017857142857 0.11272321428571429 0.06919642857142858
15 0.15848214285714285 0.9564732142857143 0.11272321428571429 0.07700892857142858
15 0.25 0.7924107142857143 0.11272321428571429 0.07924107142857142
15 0.17075892857142858 0.8136160714285714 0.11272321428571429 0.07924107142857142
15 0.3627232142857143 0.7868303571428571 0.11272321428571429 0.07700892857142858
15 0.4174107142857143 0.6685267857142857 0.11272321428571429 0.07700892857142858
15 0.08147321428571429 0.8113839285714286 0.11272321428571429 0.07700892857142858
15 0.33705357142857145 0.5524553571428571 0.09375 0.0625
15 0.22098214285714285 0.5926339285714286 0.11272321428571429 0.07700892857142858
15 0.21316964285714285 0.671875 0.11272321428571429 0.07924107142857142
15 0.12723214285714285 0.5245535714285714 0.11272321428571429 0.07700892857142858
15 0.19642857142857142 0.5111607142857143 0.11272321428571429 0.07700892857142858
15 0.24107142857142858 0.44754464285714285 0.11272321428571429 0.07700892857142858
15 0.29799107142857145 0.49330357142857145 0.11272321428571429 0.07700892857142858
15 0.6540178571428571 0.5479910714285714 0.11272321428571429 0.07700892857142858
1 0.7332589285714286 0.5558035714285714 0.08928571428571429 0.06696428571428571
15 0.6651785714285714 0.48549107142857145 0.11272321428571429 0.07700892857142858
1 0.7611607142857143 0.36830357142857145 0.11272321428571429 0.07700892857142858
15 0.9441964285714286 0.171875 0.11049107142857142 0.07700892857142858
15 0.9520089285714286 0.07700892857142858 0.09598214285714286 0.07700892857142858
15 0.8783482142857143 0.11049107142857142 0.09375 0.05803571428571429
15 0.8493303571428571 0.15625 0.11272321428571429 0.07700892857142858
15 0.7700892857142857 0.17522321428571427 0.11272321428571429 0.07700892857142858
15 0.7723214285714286 0.10379464285714286 0.11272321428571429 0.07700892857142858
15 0.7388392857142857 0.04017857142857143 0.11272321428571429 0.07924107142857142
15 0.6450892857142857 0.09933035714285714 0.11272321428571429 0.07700892857142858
15 0.6127232142857143 0.036830357142857144 0.11272321428571429 0.07254464285714286
15 0.6283482142857143 0.14955357142857142 0.11272321428571429 0.07700892857142858
15 0.5825892857142857 0.3325892857142857 0.11272321428571429 0.07700892857142858
15 0.4252232142857143 0.39955357142857145 0.11272321428571429 0.07700892857142858
15 0.5 0.2924107142857143 0.11272321428571429 0.07700892857142858
15 0.4263392857142857 0.27566964285714285 0.11272321428571429 0.07700892857142858
15 0.25892857142857145 0.32254464285714285 0.11272321428571429 0.07700892857142858
15 0.22433035714285715 0.37388392857142855 0.11272321428571429 0.07700892857142858
15 0.05580357142857143 0.45200892857142855 0.11049107142857142 0.07700892857142858
15 0.05022321428571429 0.6529017857142857 0.10044642857142858 0.07700892857142858
15 0.041294642857142856 0.7176339285714286 0.08147321428571429 0.07924107142857142
15 0.29799107142857145 0.15290178571428573 0.11272321428571429 0.07700892857142858
15 0.37723214285714285 0.24441964285714285 0.11272321428571429 0.07700892857142858
15 0.5479910714285714 0.22879464285714285 0.11272321428571429 0.07700892857142858
15 0.49776785714285715 0.19084821428571427 0.11272321428571429 0.07700892857142858
15 0.5334821428571429 0.12834821428571427 0.11272321428571429 0.07700892857142858
15 0.5345982142857143 0.07700892857142858 0.11272321428571429 0.07700892857142858
15 0.42857142857142855 0.07477678571428571 0.11272321428571429 0.07700892857142858
15 0.5033482142857143 0.030133928571428572 0.11272321428571429 0.05803571428571429
15 0.3549107142857143 0.06696428571428571 0.11272321428571429 0.07700892857142858
15 0.4029017857142857 0.14174107142857142 0.11272321428571429 0.07700892857142858
14 0.21316964285714285 0.11383928571428571 0.11272321428571429 0.07700892857142858
15 0.17633928571428573 0.05580357142857143 0.11272321428571429 0.07700892857142858
15 0.16183035714285715 0.23549107142857142 0.11272321428571429 0.07700892857142858
15 0.19642857142857142 0.2924107142857143 0.11272321428571429 0.07700892857142858
15 0.07477678571428571 0.38058035714285715 0.11272321428571429 0.07700892857142858
15 0.04575892857142857 0.2544642857142857 0.09151785714285714 0.07700892857142858
15 0.8939732142857143 0.8493303571428571 0.11272321428571429 0.07924107142857142
15 0.9464285714285714 0.9676339285714286 0.10714285714285714 0.06473214285714286
15 0.84375 0.21986607142857142 0.11272321428571429 0.07700892857142858
15 0.14174107142857142 0.34263392857142855 0.11272321428571429 0.07700892857142858
15 0.049107142857142856 0.8537946428571429 0.09598214285714286 0.07700892857142858
15 0.6495535714285714 0.6830357142857143 0.09821428571428571 0.0625
15 0.6964285714285714 0.4330357142857143 0.11272321428571429 0.07700892857142858
15 0.65625 0.32924107142857145 0.11272321428571429 0.07700892857142858
15 0.8917410714285714 0.32254464285714285 0.11272321428571429 0.07700892857142858
15 0.8459821428571429 0.37388392857142855 0.11272321428571429 0.07700892857142858
1 0.5379464285714286 0.6049107142857143 0.08928571428571429 0.07254464285714286
1 0.4654017857142857 0.5591517857142857 0.11272321428571429 0.07700892857142858
1 0.4486607142857143 0.7511160714285714 0.11272321428571429 0.07700892857142858
13 0.2689732142857143 0.25558035714285715 0.10602678571428571 0.07700892857142858
13 0.33816964285714285 0.4252232142857143 0.11272321428571429 0.07700892857142858
13 0.5066964285714286 0.35714285714285715 0.10044642857142858 0.07254464285714286
13 0.5267857142857143 0.4174107142857143 0.09375 0.0625
13 0.4955357142857143 0.6908482142857143 0.09821428571428571 0.07254464285714286
13 0.7098214285714286 0.27901785714285715 0.09151785714285714 0.06696428571428571
13 0.6227678571428571 0.8549107142857143 0.11272321428571429 0.07700892857142858
15 0.4966517857142857 0.4810267857142857 0.11272321428571429 0.07700892857142858
15 0.8091517857142857 0.5680803571428571 0.11272321428571429 0.07700892857142858
15 0.9464285714285714 0.6964285714285714 0.10714285714285714 0.07589285714285714
15 0.45870535714285715 0.8214285714285714 0.09151785714285714 0.07254464285714286
15 0.31026785714285715 0.3080357142857143 0.11272321428571429 0.07700892857142858
15 0.6651785714285714 0.20758928571428573 0.11272321428571429 0.07700892857142858
8 0.8772321428571429 0.6875 0.08147321428571429 0.05803571428571429