5 0.75 0.47433035714285715 0.08705357142857142 0.06696428571428571
5 0.8839285714285714 0.5223214285714286 0.10044642857142858 0.06919642857142858
5 0.8247767857142857 0.8147321428571429 0.09375 0.06919642857142858
5 0.42299107142857145 0.8470982142857143 0.08928571428571429 0.06696428571428571
5 0.7979910714285714 0.15848214285714285 0.08928571428571429 0.06919642857142858
5 0.46986607142857145 0.9676339285714286 0.08147321428571429 0.06473214285714286
5 0.23549107142857142 0.75 0.08928571428571429 0.07254464285714286
1 0.17857142857142858 0.8995535714285714 0.09151785714285714 0.06696428571428571
5 0.32142857142857145 0.671875 0.11272321428571429 0.07700892857142858
1 0.5524553571428571 0.5491071428571429 0.08705357142857142 0.06696428571428571
5 0.3560267857142857 0.11607142857142858 0.08705357142857142 0.06696428571428571
5 0.6138392857142857 0.21428571428571427 0.09598214285714286 0.06696428571428571
13 0.625 0.5803571428571429 0.07924107142857142 0.060267857142857144
13 0.5993303571428571 0.2779017857142857 0.07254464285714286 0.0625
8 0.47767857142857145 0.4497767857142857 0.08147321428571429 0.05803571428571429
13 0.9386160714285714 0.47544642857142855 0.08147321428571429 0.0625
13 0.8604910714285714 0.09486607142857142 0.08147321428571429 0.05803571428571429
8 0.18415178571428573 0.3013392857142857 0.07700892857142858 0.05803571428571429
5 0.24330357142857142 0.056919642857142856 0.09598214285714286 0.0625
5 0.8058035714285714 0.04352678571428571 0.08147321428571429 0.0625
5 0.8683035714285714 0.44642857142857145 0.09151785714285714 0.06696428571428571
13 0.5368303571428571 0.875 0.07477678571428571 0.0625
8 0.11383928571428571 0.6060267857142857 0.11272321428571429 0.07700892857142858
5 0.3794642857142857 0.9017857142857143 0.08147321428571429 0.06473214285714286
5 0.41517857142857145 0.6506696428571429 0.11272321428571429 0.07700892857142858
5 0.11941964285714286 0.4330357142857143 0.09151785714285714 0.06919642857142858
14 0.3080357142857143 0.4486607142857143 0.052455357142857144 0.052455357142857144
1 0.6183035714285714 0.40513392857142855 0.09375 0.06696428571428571
1 0.7053571428571429 0.4017857142857143 0.09151785714285714 0.06473214285714286
1 0.18638392857142858 0.16852678571428573 0.10602678571428571 0.07254464285714286
1 0.8816964285714286 0.21205357142857142 0.07700892857142858 0.0625
17 0.9441964285714286 0.4029017857142857 0.09151785714285714 0.0625
12 0.8537946428571429 0.9207589285714286 0.029017857142857144 0.026785714285714284
12 0.6138392857142857 0.9107142857142857 0.029017857142857144 0.026785714285714284
12 0.48549107142857145 0.6941964285714286 0.029017857142857144 0.018973214285714284
12 0.45424107142857145 0.71875 0.029017857142857144 0.016741071428571428
12 0.41517857142857145 0.7087053571428571 0.029017857142857144 0.016741071428571428
12 0.16741071428571427 0.8303571428571429 0.04352678571428571 0.029017857142857144
12 0.25669642857142855 0.6160714285714286 0.03794642857142857 0.021205357142857144
12 0.04575892857142857 0.8158482142857143 0.05803571428571429 0.033482142857142856
12 0.6808035714285714 0.30245535714285715 0.033482142857142856 0.029017857142857144
12 0.6875 0.44642857142857145 0.029017857142857144 0.018973214285714284
12 0.7834821428571429 0.5558035714285714 0.029017857142857144 0.029017857142857144
1 0.49888392857142855 0.16071428571428573 0.09151785714285714 0.05803571428571429