17 0.6049107142857143 0.7321428571428571 0.06919642857142858 0.09598214285714286
17 0.6149553571428571 0.6350446428571429 0.07254464285714286 0.09151785714285714
17 0.8091517857142857 0.47544642857142855 0.07477678571428571 0.10044642857142858
17 0.8537946428571429 0.22879464285714285 0.07700892857142858 0.11049107142857142
17 0.44642857142857145 0.7287946428571429 0.07700892857142858 0.10044642857142858
17 0.22433035714285715 0.5881696428571429 0.08705357142857142 0.09151785714285714
17 0.3247767857142857 0.42745535714285715 0.07700892857142858 0.10044642857142858
17 0.13616071428571427 0.1875 0.07254464285714286 0.10044642857142858
17 0.15513392857142858 0.07589285714285714 0.06696428571428571 0.09598214285714286
17 0.09151785714285714 0.09486607142857142 0.07254464285714286 0.09151785714285714
17 0.24107142857142858 0.8426339285714286 0.07477678571428571 0.09375
17 0.42075892857142855 0.6183035714285714 0.06919642857142858 0.09598214285714286
17 0.5647321428571429 0.24776785714285715 0.07700892857142858 0.09151785714285714
17 0.4720982142857143 0.23883928571428573 0.07254464285714286 0.10044642857142858
17 0.6205357142857143 0.4029017857142857 0.0625 0.08928571428571429
17 0.5636160714285714 0.3404017857142857 0.06919642857142858 0.09598214285714286
17 0.6473214285714286 0.4955357142857143 0.06696428571428571 0.09598214285714286
14 0.21986607142857142 0.10491071428571429 0.06696428571428571 0.06473214285714286
14 0.47767857142857145 0.9162946428571429 0.04352678571428571 0.04799107142857143
11 0.7310267857142857 0.6741071428571429 0.08705357142857142 0.09598214285714286
11 0.25 0.171875 0.08147321428571429 0.08147321428571429
17 0.27120535714285715 0.22879464285714285 0.06919642857142858 0.09375