13 0.18526785714285715 0.7589285714285714 0.06696428571428571 0.10379464285714286
17 0.27455357142857145 0.6651785714285714 0.07700892857142858 0.11272321428571429
17 0.3002232142857143 0.8772321428571429 0.07700892857142858 0.11272321428571429
17 0.28236607142857145 0.33482142857142855 0.07700892857142858 0.11272321428571429
17 0.7645089285714286 0.625 0.07700892857142858 0.11272321428571429
13 0.7522321428571429 0.16071428571428573 0.07700892857142858 0.10379464285714286
13 0.5345982142857143 0.5145089285714286 0.07700892857142858 0.11272321428571429
13 0.47879464285714285 0.35267857142857145 0.07700892857142858 0.11272321428571429
13 0.5412946428571429 0.42299107142857145 0.07700892857142858 0.11272321428571429
13 0.359375 0.3158482142857143 0.07700892857142858 0.11272321428571429
13 0.31919642857142855 0.23325892857142858 0.07700892857142858 0.11272321428571429
13 0.3470982142857143 0.5569196428571429 0.07700892857142858 0.11272321428571429
13 0.13169642857142858 0.6194196428571429 0.07700892857142858 0.11272321428571429
13 0.8783482142857143 0.8604910714285714 0.07700892857142858 0.11272321428571429
13 0.7176339285714286 0.7979910714285714 0.07700892857142858 0.11272321428571429
13 0.7131696428571429 0.890625 0.07254464285714286 0.10044642857142858