15 0.5669642857142857 0.40401785714285715 0.07924107142857142 0.11272321428571429
15 0.26339285714285715 0.20758928571428573 0.07924107142857142 0.11272321428571429
17 0.14955357142857142 0.6138392857142857 0.07924107142857142 0.11272321428571429
17 0.19084821428571427 0.46875 0.07924107142857142 0.11272321428571429
17 0.34486607142857145 0.23883928571428573 0.07924107142857142 0.11272321428571429
17 0.12611607142857142 0.08258928571428571 0.07924107142857142 0.11272321428571429
17 0.7600446428571429 0.37723214285714285 0.07477678571428571 0.10379464285714286
17 0.8392857142857143 0.44754464285714285 0.06696428571428571 0.09375
17 0.8191964285714286 0.32142857142857145 0.07924107142857142 0.11272321428571429
17 0.8258928571428571 0.23214285714285715 0.07254464285714286 0.08705357142857142
17 0.8962053571428571 0.17299107142857142 0.07924107142857142 0.11272321428571429
17 0.6395089285714286 0.06473214285714286 0.07924107142857142 0.11272321428571429
17 0.8158482142857143 0.5904017857142857 0.07924107142857142 0.11272321428571429
17 0.6450892857142857 0.6372767857142857 0.07924107142857142 0.11272321428571429
17 0.7756696428571429 0.7377232142857143 0.07924107142857142 0.11272321428571429
17 0.9609375 0.9453125 0.078125 0.109375
17 0.14508928571428573 0.2700892857142857 0.07700892857142858 0.09375
17 0.14508928571428573 0.19977678571428573 0.07700892857142858 0.11272321428571429
13 0.1875 0.9352678571428571 0.07254464285714286 0.09598214285714286
13 0.24553571428571427 0.8683035714285714 0.06919642857142858 0.09375
13 0.15736607142857142 0.7220982142857143 0.07924107142857142 0.11272321428571429
13 0.234375 0.5770089285714286 0.07924107142857142 0.11272321428571429
13 0.34486607142857145 0.3560267857142857 0.07924107142857142 0.11272321428571429