2 0.3783482142857143 0.33705357142857145 0.06696428571428571 0.10602678571428571
11 0.37611607142857145 0.4966517857142857 0.07254464285714286 0.07700892857142858
2 0.4564732142857143 0.5479910714285714 0.07924107142857142 0.07924107142857142
2 0.5055803571428571 0.4017857142857143 0.07477678571428571 0.07700892857142858
2 0.43080357142857145 0.11049107142857142 0.052455357142857144 0.11272321428571429
2 0.375 0.049107142857142856 0.06919642857142858 0.08147321428571429
11 0.2700892857142857 0.06473214285714286 0.07700892857142858 0.08147321428571429
2 0.21763392857142858 0.11383928571428571 0.04799107142857143 0.10379464285714286
11 0.14620535714285715 0.11941964285714286 0.07924107142857142 0.11272321428571429
11 0.13058035714285715 0.20647321428571427 0.07924107142857142 0.11272321428571429
11 0.13169642857142858 0.3125 0.06473214285714286 0.09151785714285714
2 0.16183035714285715 0.3861607142857143 0.06919642857142858 0.09151785714285714
11 0.4408482142857143 0.25111607142857145 0.07924107142857142 0.08928571428571429
2 0.16964285714285715 0.7209821428571429 0.07924107142857142 0.06696428571428571
2 0.08482142857142858 0.9654017857142857 0.07924107142857142 0.06919642857142858
2 0.14955357142857142 0.9609375 0.05803571428571429 0.078125
11 0.15959821428571427 0.8861607142857143 0.07924107142857142 0.07700892857142858
11 0.22544642857142858 0.8694196428571429 0.052455357142857144 0.08147321428571429
11 0.26674107142857145 0.7354910714285714 0.05803571428571429 0.08147321428571429
2 0.6852678571428571 0.06138392857142857 0.07924107142857142 0.09598214285714286
11 0.5279017857142857 0.05580357142857143 0.07924107142857142 0.11049107142857142
11 0.5580357142857143 0.12276785714285714 0.07924107142857142 0.07924107142857142
11 0.5301339285714286 0.27455357142857145 0.07924107142857142 0.08705357142857142
11 0.5457589285714286 0.3470982142857143 0.07924107142857142 0.11272321428571429
2 0.6104910714285714 0.33482142857142855 0.07700892857142858 0.11272321428571429
2 0.6439732142857143 0.39620535714285715 0.07700892857142858 0.07254464285714286
2 0.7544642857142857 0.11607142857142858 0.07924107142857142 0.11272321428571429
11 0.8180803571428571 0.09040178571428571 0.0625 0.09151785714285714
11 0.8459821428571429 0.17410714285714285 0.05580357142857143 0.08705357142857142
11 0.9185267857142857 0.041294642857142856 0.06919642857142858 0.08147321428571429
2 0.9720982142857143 0.07924107142857142 0.05580357142857143 0.08705357142857142
11 0.9263392857142857 0.17410714285714285 0.06473214285714286 0.09598214285714286
2 0.9196428571428571 0.3091517857142857 0.07924107142857142 0.06473214285714286
2 0.9575892857142857 0.34486607142857145 0.07924107142857142 0.060267857142857144
11 0.5870535714285714 0.7165178571428571 0.06473214285714286 0.09821428571428571
11 0.5044642857142857 0.7957589285714286 0.07924107142857142 0.06919642857142858
2 0.32142857142857145 0.9665178571428571 0.05803571428571429 0.06696428571428571
2 0.32700892857142855 0.7845982142857143 0.07924107142857142 0.07477678571428571
11 0.6595982142857143 0.8258928571428571 0.0625 0.09821428571428571
11 0.6071428571428571 0.8683035714285714 0.06696428571428571 0.09821428571428571
2 0.75 0.8816964285714286 0.07924107142857142 0.07924107142857142
2 0.6529017857142857 0.7165178571428571 0.06919642857142858 0.08705357142857142
2 0.6127232142857143 0.6395089285714286 0.07700892857142858 0.07477678571428571
11 0.8616071428571429 0.38392857142857145 0.06696428571428571 0.08705357142857142
11 0.796875 0.29799107142857145 0.05803571428571429 0.09598214285714286
2 0.7678571428571429 0.4017857142857143 0.06473214285714286 0.07700892857142858
2 0.7276785714285714 0.2700892857142857 0.07924107142857142 0.060267857142857144
11 0.07254464285714286 0.1875 0.07924107142857142 0.11272321428571429
2 0.23995535714285715 0.48325892857142855 0.06919642857142858 0.09821428571428571
2 0.18080357142857142 0.5491071428571429 0.06696428571428571 0.09151785714285714
11 0.40066964285714285 0.19084821428571427 0.06919642857142858 0.06919642857142858
11 0.8136160714285714 0.7243303571428571 0.06919642857142858 0.07700892857142858
11 0.8113839285714286 0.7991071428571429 0.06919642857142858 0.06696428571428571
11 0.36830357142857145 0.9475446428571429 0.08035714285714286 0.10491071428571429
11 0.39732142857142855 0.5881696428571429 0.07924107142857142 0.07700892857142858
11 0.32700892857142855 0.38839285714285715 0.07254464285714286 0.08147321428571429
15 0.6450892857142857 0.23325892857142858 0.060267857142857144 0.07477678571428571
13 0.03236607142857143 0.6116071428571429 0.06473214285714286 0.09151785714285714
13 0.44308035714285715 0.9185267857142857 0.07924107142857142 0.11272321428571429
13 0.24107142857142858 0.31473214285714285 0.06919642857142858 0.08928571428571429
16 0.4810267857142857 0.09933035714285714 0.07477678571428571 0.09375
13 0.24553571428571427 0.5892857142857143 0.06473214285714286 0.09151785714285714
13 0.2700892857142857 0.22991071428571427 0.06696428571428571 0.09598214285714286
13 0.1875 0.25 0.06919642857142858 0.09151785714285714
11 0.5412946428571429 0.6071428571428571 0.07477678571428571 0.07477678571428571
11 0.7611607142857143 0.9587053571428571 0.06473214285714286 0.08147321428571429
11 0.7633928571428571 0.5524553571428571 0.07924107142857142 0.07924107142857142
11 0.7477678571428571 0.4799107142857143 0.07924107142857142 0.06919642857142858
11 0.9564732142857143 0.5691964285714286 0.06696428571428571 0.11272321428571429
2 0.8482142857142857 0.03236607142857143 0.06473214285714286 0.06473214285714286
14 0.8895089285714286 0.5892857142857143 0.07924107142857142 0.07924107142857142
14 0.6540178571428571 0.5479910714285714 0.07924107142857142 0.08705357142857142
11 0.11049107142857142 0.7511160714285714 0.07700892857142858 0.08147321428571429
11 0.03571428571428571 0.8091517857142857 0.06919642857142858 0.09375
2 0.6908482142857143 0.3560267857142857 0.07700892857142858 0.07924107142857142
11 0.96875 0.16183035714285715 0.0625 0.09375
11 0.20200892857142858 0.04352678571428571 0.07700892857142858 0.08705357142857142
11 0.5502232142857143 0.9508928571428571 0.07254464285714286 0.07254464285714286
14 0.31026785714285715 0.5758928571428571 0.06473214285714286 0.09598214285714286
2 0.9029017857142857 0.7254464285714286 0.060267857142857144 0.10379464285714286
12 0.07477678571428571 0.4486607142857143 0.024553571428571428 0.033482142857142856
2 0.3392857142857143 0.8604910714285714 0.0625 0.10379464285714286
2 0.025669642857142856 0.7276785714285714 0.04575892857142857 0.10602678571428571
11 0.43973214285714285 0.828125 0.060267857142857144 0.09598214285714286
11 0.28348214285714285 0.8392857142857143 0.07477678571428571 0.06696428571428571
11 0.47879464285714285 0.7220982142857143 0.06696428571428571 0.09151785714285714
11 0.39732142857142855 0.7700892857142857 0.060267857142857144 0.09375
2 0.4017857142857143 0.6941964285714286 0.07924107142857142 0.06919642857142858
11 0.3158482142857143 0.2924107142857143 0.06696428571428571 0.07700892857142858
11 0.6607142857142857 0.4720982142857143 0.07477678571428571 0.08370535714285714
11 0.9095982142857143 0.4799107142857143 0.07924107142857142 0.07924107142857142
11 0.5 0.18638392857142858 0.052455357142857144 0.09598214285714286