16 0.5256696428571429 0.859375 0.07700892857142858 0.11049107142857142
16 0.4375 0.6930803571428571 0.07700892857142858 0.11272321428571429
16 0.5 0.7689732142857143 0.07700892857142858 0.11272321428571429
16 0.29799107142857145 0.8247767857142857 0.07254464285714286 0.10379464285714286
16 0.21875 0.7243303571428571 0.07477678571428571 0.09598214285714286
16 0.7756696428571429 0.9285714285714286 0.07254464285714286 0.09151785714285714
16 0.7276785714285714 0.7924107142857143 0.07254464285714286 0.10379464285714286
16 0.6607142857142857 0.6986607142857143 0.07254464285714286 0.10044642857142858
16 0.7332589285714286 0.578125 0.07477678571428571 0.08928571428571429
16 0.5904017857142857 0.6595982142857143 0.07254464285714286 0.10602678571428571
16 0.4185267857142857 0.2700892857142857 0.06473214285714286 0.08928571428571429
16 0.41964285714285715 0.18191964285714285 0.07254464285714286 0.09598214285714286
16 0.3783482142857143 0.09151785714285714 0.08705357142857142 0.10602678571428571
16 0.3482142857142857 0.22433035714285715 0.07924107142857142 0.10602678571428571
16 0.34375 0.3158482142857143 0.07254464285714286 0.09598214285714286
16 0.2935267857142857 0.15848214285714285 0.07700892857142858 0.11049107142857142
16 0.29017857142857145 0.390625 0.07254464285714286 0.10602678571428571
16 0.17522321428571427 0.49107142857142855 0.07700892857142858 0.10379464285714286
16 0.6071428571428571 0.17075892857142858 0.08147321428571429 0.10044642857142858
16 0.5591517857142857 0.25 0.07254464285714286 0.09821428571428571
13 0.4955357142857143 0.28794642857142855 0.06696428571428571 0.09151785714285714
13 0.7131696428571429 0.15736607142857142 0.07254464285714286 0.09821428571428571
13 0.8683035714285714 0.28236607142857145 0.07254464285714286 0.09598214285714286
13 0.26785714285714285 0.5345982142857143 0.07700892857142858 0.11272321428571429
5 0.359375 0.7410714285714286 0.06696428571428571 0.09821428571428571
16 0.8493303571428571 0.8091517857142857 0.07254464285714286 0.10602678571428571
13 0.9575892857142857 0.6975446428571429 0.06919642857142858 0.10379464285714286
13 0.14955357142857142 0.049107142857142856 0.07254464285714286 0.09598214285714286
13 0.40066964285714285 0.9107142857142857 0.06696428571428571 0.09598214285714286
12 0.5803571428571429 0.9073660714285714 0.041294642857142856 0.05580357142857143