11 0.328125 0.7243303571428571 0.125 0.06919642857142858
1 0.20535714285714285 0.7332589285714286 0.09151785714285714 0.07254464285714286
1 0.7555803571428571 0.07254464285714286 0.09598214285714286 0.06696428571428571
1 0.8125 0.5814732142857143 0.10602678571428571 0.060267857142857144
11 0.8549107142857143 0.3158482142857143 0.10602678571428571 0.06696428571428571
11 0.5870535714285714 0.22098214285714285 0.12946428571428573 0.06696428571428571
11 0.4877232142857143 0.26674107142857145 0.10602678571428571 0.08705357142857142
11 0.38839285714285715 0.3716517857142857 0.08705357142857142 0.08705357142857142
11 0.5982142857142857 0.029017857142857144 0.11049107142857142 0.05803571428571429
14 0.7377232142857143 0.9017857142857143 0.11830357142857142 0.07254464285714286
8 0.7354910714285714 0.13504464285714285 0.07254464285714286 0.05580357142857143
11 0.8191964285714286 0.8482142857142857 0.09598214285714286 0.060267857142857144
15 0.7957589285714286 0.7901785714285714 0.09151785714285714 0.07254464285714286
11 0.12165178571428571 0.22098214285714285 0.11495535714285714 0.06696428571428571
11 0.09375 0.6462053571428571 0.11049107142857142 0.06696428571428571
15 0.21428571428571427 0.9542410714285714 0.09375 0.06696428571428571
15 0.19866071428571427 0.8872767857142857 0.09151785714285714 0.06696428571428571
15 0.08482142857142858 0.07477678571428571 0.09151785714285714 0.05803571428571429
15 0.14397321428571427 0.45200892857142855 0.11049107142857142 0.07254464285714286
13 0.7622767857142857 0.203125 0.09151785714285714 0.06696428571428571
13 0.7354910714285714 0.43638392857142855 0.09598214285714286 0.07254464285714286
13 0.4720982142857143 0.07589285714285714 0.08705357142857142 0.06696428571428571
12 0.3716517857142857 0.8113839285714286 0.033482142857142856 0.029017857142857144