3 0.24107142857142858 0.3013392857142857 0.48214285714285715 0.5535714285714286
13 0.5479910714285714 0.5513392857142857 0.12053571428571429 0.05580357142857143
12 0.6205357142857143 0.5580357142857143 0.08147321428571429 0.04352678571428571
13 0.6573660714285714 0.13727678571428573 0.32924107142857145 0.27455357142857145
0 0.8359375 0.23772321428571427 0.328125 0.47544642857142855
13 0.7399553571428571 0.43861607142857145 0.2935267857142857 0.28125
13 0.5647321428571429 0.41294642857142855 0.15401785714285715 0.29799107142857145
13 0.9095982142857143 0.5022321428571429 0.18080357142857142 0.15401785714285715
3 0.21763392857142858 0.7176339285714286 0.43526785714285715 0.2767857142857143
13 0.9821428571428571 0.7332589285714286 0.03571428571428571 0.27901785714285715
3 0.6495535714285714 0.7890625 0.32589285714285715 0.421875
13 0.8727678571428571 0.8125 0.2544642857142857 0.26450892857142855
13 0.921875 0.6194196428571429 0.15625 0.07924107142857142