13 0.10044642857142858 0.9832589285714286 0.20089285714285715 0.029017857142857144
13 0.32924107142857145 0.056919642857142856 0.28125 0.11272321428571429
13 0.7946428571428571 0.9787946428571429 0.21205357142857142 0.03794642857142857
13 0.328125 0.9754464285714286 0.23325892857142858 0.04799107142857143
13 0.05915178571428571 0.24665178571428573 0.11830357142857142 0.22879464285714285
13 0.08258928571428571 0.8604910714285714 0.16517857142857142 0.22098214285714285
12 0.13392857142857142 0.6116071428571429 0.07924107142857142 0.07700892857142858
13 0.46205357142857145 0.04575892857142857 0.23325892857142858 0.09151785714285714
13 0.9196428571428571 0.2611607142857143 0.15625 0.22879464285714285
13 0.6517857142857143 0.16071428571428573 0.22544642857142858 0.20647321428571427
13 0.11272321428571429 0.07366071428571429 0.22098214285714285 0.14620535714285715
13 0.23214285714285715 0.44754464285714285 0.23549107142857142 0.24553571428571427
13 0.7388392857142857 0.9140625 0.21428571428571427 0.171875
6 0.49888392857142855 0.49441964285714285 0.35379464285714285 0.3560267857142857
13 0.7879464285714286 0.07924107142857142 0.21205357142857142 0.15401785714285715
13 0.26785714285714285 0.8002232142857143 0.23102678571428573 0.21875
13 0.44419642857142855 0.19754464285714285 0.19977678571428573 0.21205357142857142
13 0.9129464285714286 0.49776785714285715 0.16852678571428573 0.25669642857142855
13 0.4966517857142857 0.8995535714285714 0.22991071428571427 0.20089285714285715
13 0.6305803571428571 0.7444196428571429 0.25 0.20870535714285715
13 0.9095982142857143 0.8560267857142857 0.17522321428571427 0.23995535714285715
13 0.22879464285714285 0.234375 0.21651785714285715 0.20424107142857142