17 0.05915178571428571 0.31361607142857145 0.09375 0.06919642857142858
17 0.4799107142857143 0.90625 0.10044642857142858 0.07254464285714286
17 0.41183035714285715 0.9832589285714286 0.07924107142857142 0.033482142857142856
16 0.37276785714285715 0.05803571428571429 0.08705357142857142 0.0625
17 0.6060267857142857 0.5200892857142857 0.09151785714285714 0.07477678571428571
17 0.8459821428571429 0.38839285714285715 0.08928571428571429 0.0625
17 0.7366071428571429 0.6071428571428571 0.07700892857142858 0.0625
17 0.8504464285714286 0.6104910714285714 0.09598214285714286 0.07254464285714286
17 0.7834821428571429 0.7511160714285714 0.09151785714285714 0.07477678571428571
17 0.6662946428571429 0.6707589285714286 0.11049107142857142 0.06919642857142858
17 0.48995535714285715 0.6361607142857143 0.09821428571428571 0.06696428571428571
12 0.7678571428571429 0.8950892857142857 0.04352678571428571 0.03794642857142857
12 0.6930803571428571 0.9319196428571429 0.04352678571428571 0.03125
12 0.8537946428571429 0.5145089285714286 0.033482142857142856 0.029017857142857144