6 0.42299107142857145 0.19977678571428573 0.4330357142857143 0.39955357142857145
13 0.7399553571428571 0.16629464285714285 0.20200892857142858 0.2935267857142857
13 0.9430803571428571 0.09598214285714286 0.11272321428571429 0.19196428571428573
0 0.859375 0.25 0.28125 0.4185267857142857
12 0.5915178571428571 0.5145089285714286 0.09598214285714286 0.10044642857142858
13 0.030133928571428572 0.6361607142857143 0.060267857142857144 0.26674107142857145
13 0.37723214285714285 0.5212053571428571 0.28794642857142855 0.125
3 0.39955357142857145 0.7444196428571429 0.47767857142857145 0.5111607142857143
13 0.16517857142857142 0.6127232142857143 0.31026785714285715 0.3080357142857143
13 0.08258928571428571 0.5122767857142857 0.16517857142857142 0.109375
13 0.11830357142857142 0.8247767857142857 0.23549107142857142 0.33705357142857145
13 0.21316964285714285 0.9575892857142857 0.32924107142857145 0.08370535714285714
13 0.8727678571428571 0.9598214285714286 0.23995535714285715 0.07924107142857142
13 0.7209821428571429 0.7600446428571429 0.16294642857142858 0.27901785714285715
0 0.8191964285714286 0.609375 0.36049107142857145 0.3002232142857143