15 0.22991071428571427 0.8035714285714286 0.05803571428571429 0.07700892857142858
15 0.13504464285714285 0.9006696428571429 0.05580357142857143 0.06696428571428571
15 0.11607142857142858 0.828125 0.052455357142857144 0.07254464285714286
15 0.09598214285714286 0.7801339285714286 0.0625 0.06919642857142858
15 0.3125 0.5290178571428571 0.05803571428571429 0.07700892857142858
15 0.390625 0.47544642857142855 0.052455357142857144 0.06696428571428571
15 0.3158482142857143 0.42857142857142855 0.07700892857142858 0.11272321428571429
15 0.21875 0.46763392857142855 0.05803571428571429 0.07477678571428571
15 0.15848214285714285 0.4654017857142857 0.05803571428571429 0.08370535714285714
15 0.17633928571428573 0.29464285714285715 0.0625 0.07700892857142858
15 0.08928571428571429 0.19754464285714285 0.052455357142857144 0.08705357142857142
15 0.060267857142857144 0.13169642857142858 0.05580357142857143 0.08147321428571429
15 0.5379464285714286 0.7321428571428571 0.05803571428571429 0.07254464285714286
15 0.4966517857142857 0.6729910714285714 0.0625 0.07700892857142858
15 0.24330357142857142 0.8794642857142857 0.052455357142857144 0.06696428571428571
15 0.029017857142857144 0.8716517857142857 0.052455357142857144 0.07700892857142858
15 0.033482142857142856 0.7845982142857143 0.05580357142857143 0.07700892857142858
15 0.04575892857142857 0.7075892857142857 0.06473214285714286 0.08147321428571429
15 0.046875 0.5881696428571429 0.05580357142857143 0.07254464285714286
15 0.05022321428571429 0.5178571428571429 0.0625 0.07477678571428571
15 0.15401785714285715 0.09598214285714286 0.04799107142857143 0.06919642857142858
15 0.11160714285714286 0.029017857142857144 0.05580357142857143 0.05803571428571429
15 0.22767857142857142 0.18861607142857142 0.05580357142857143 0.07700892857142858
15 0.28013392857142855 0.14508928571428573 0.06696428571428571 0.09151785714285714
15 0.32924107142857145 0.08035714285714286 0.05580357142857143 0.07700892857142858
15 0.43080357142857145 0.2622767857142857 0.05803571428571429 0.08147321428571429
15 0.6495535714285714 0.05022321428571429 0.05803571428571429 0.07254464285714286
15 0.7243303571428571 0.046875 0.05580357142857143 0.06919642857142858
15 0.5959821428571429 0.7287946428571429 0.05803571428571429 0.07477678571428571
15 0.28013392857142855 0.8180803571428571 0.060267857142857144 0.07477678571428571
13 0.46205357142857145 0.5591517857142857 0.06696428571428571 0.08147321428571429
13 0.6183035714285714 0.13839285714285715 0.06696428571428571 0.09151785714285714
13 0.46316964285714285 0.109375 0.06473214285714286 0.08147321428571429
13 0.71875 0.18973214285714285 0.07254464285714286 0.10044642857142858
5 0.7689732142857143 0.25111607142857145 0.0625 0.09375
13 0.10602678571428571 0.28236607142857145 0.06696428571428571 0.08928571428571429
13 0.24441964285714285 0.34486607142857145 0.06696428571428571 0.08705357142857142
13 0.31026785714285715 0.35379464285714285 0.0625 0.08705357142857142
15 0.23549107142857142 0.26785714285714285 0.0625 0.07477678571428571
13 0.24330357142857142 0.06138392857142857 0.06473214285714286 0.09151785714285714
15 0.43191964285714285 0.04352678571428571 0.052455357142857144 0.07700892857142858
15 0.9542410714285714 0.8415178571428571 0.04799107142857143 0.06696428571428571
15 0.9709821428571429 0.6026785714285714 0.05803571428571429 0.07924107142857142
15 0.8816964285714286 0.6428571428571429 0.060267857142857144 0.07700892857142858
13 0.7879464285714286 0.7366071428571429 0.05022321428571429 0.07477678571428571
13 0.7488839285714286 0.8147321428571429 0.05803571428571429 0.07700892857142858
13 0.9743303571428571 0.06919642857142858 0.04799107142857143 0.07477678571428571
13 0.9229910714285714 0.052455357142857144 0.05580357142857143 0.08147321428571429
13 0.9029017857142857 0.29129464285714285 0.060267857142857144 0.08147321428571429
13 0.8247767857142857 0.27455357142857145 0.05803571428571429 0.08147321428571429
8 0.49107142857142855 0.7689732142857143 0.05803571428571429 0.07254464285714286
13 0.3638392857142857 0.8024553571428571 0.05803571428571429 0.07700892857142858
13 0.3705357142857143 0.9084821428571429 0.06696428571428571 0.08370535714285714
13 0.42745535714285715 0.8191964285714286 0.06696428571428571 0.08147321428571429
13 0.6707589285714286 0.8102678571428571 0.05803571428571429 0.07924107142857142
13 0.6127232142857143 0.5658482142857143 0.06473214285714286 0.08147321428571429
15 0.6116071428571429 0.6495535714285714 0.05580357142857143 0.07700892857142858
15 0.7142857142857143 0.53125 0.06473214285714286 0.08147321428571429
15 0.7098214285714286 0.44419642857142855 0.05803571428571429 0.07254464285714286
13 0.8861607142857143 0.8292410714285714 0.06696428571428571 0.07477678571428571
15 0.24330357142857142 0.9486607142857143 0.05580357142857143 0.07700892857142858
13 0.21763392857142858 0.7354910714285714 0.060267857142857144 0.07254464285714286
8 0.16964285714285715 0.6875 0.052455357142857144 0.07254464285714286
13 0.3091517857142857 0.6830357142857143 0.052455357142857144 0.07700892857142858
13 0.041294642857142856 0.9631696428571429 0.06696428571428571 0.07254464285714286
15 0.8616071428571429 0.07589285714285714 0.06696428571428571 0.08705357142857142
15 0.8616071428571429 0.16071428571428573 0.060267857142857144 0.07700892857142858
15 0.9430803571428571 0.13727678571428573 0.052455357142857144 0.07924107142857142
15 0.953125 0.39285714285714285 0.0625 0.07254464285714286
15 0.9151785714285714 0.5513392857142857 0.06696428571428571 0.08705357142857142
13 0.8560267857142857 0.3794642857142857 0.06696428571428571 0.08928571428571429
15 0.7868303571428571 0.5011160714285714 0.05803571428571429 0.07924107142857142
15 0.8482142857142857 0.5245535714285714 0.0625 0.06919642857142858
15 0.8236607142857143 0.6305803571428571 0.05803571428571429 0.07924107142857142
13 0.8638392857142857 0.7466517857142857 0.06473214285714286 0.08147321428571429
11 0.9129464285714286 0.7064732142857143 0.060267857142857144 0.08705357142857142
13 0.8448660714285714 0.8995535714285714 0.0625 0.07924107142857142
15 0.890625 0.9553571428571429 0.0625 0.08705357142857142
15 0.5267857142857143 0.5066964285714286 0.0625 0.07477678571428571
14 0.15178571428571427 0.18303571428571427 0.05022321428571429 0.07477678571428571
5 0.052455357142857144 0.421875 0.052455357142857144 0.07924107142857142
15 0.13839285714285715 0.3560267857142857 0.0625 0.08147321428571429
15 0.10491071428571429 0.40736607142857145 0.04799107142857143 0.07477678571428571
13 0.26339285714285715 0.5803571428571429 0.0625 0.08147321428571429
13 0.4732142857142857 0.44419642857142855 0.07477678571428571 0.09151785714285714
13 0.5055803571428571 0.20200892857142858 0.060267857142857144 0.08370535714285714
13 0.5837053571428571 0.20870535714285715 0.05803571428571429 0.07924107142857142
15 0.6774553571428571 0.2689732142857143 0.06919642857142858 0.08928571428571429
8 0.7332589285714286 0.30245535714285715 0.052455357142857144 0.07254464285714286
15 0.6919642857142857 0.36941964285714285 0.0625 0.08705357142857142
15 0.5212053571428571 0.375 0.0625 0.08705357142857142
15 0.5658482142857143 0.42410714285714285 0.05803571428571429 0.09151785714285714
15 0.38169642857142855 0.20535714285714285 0.060267857142857144 0.09151785714285714
11 0.40513392857142855 0.3939732142857143 0.060267857142857144 0.09598214285714286