18 0.7020089285714286 0.20870535714285715 0.12053571428571429 0.08705357142857142
18 0.28125 0.03459821428571429 0.11272321428571429 0.06919642857142858
18 0.25223214285714285 0.3325892857142857 0.11272321428571429 0.07700892857142858
5 0.48325892857142855 0.6026785714285714 0.12946428571428573 0.09821428571428571
17 0.9207589285714286 0.7444196428571429 0.11272321428571429 0.07700892857142858
14 0.6283482142857143 0.6428571428571429 0.052455357142857144 0.052455357142857144
14 0.8705357142857143 0.18526785714285715 0.08147321428571429 0.04799107142857143
14 0.8917410714285714 0.10491071428571429 0.08705357142857142 0.05803571428571429
11 0.14508928571428573 0.5948660714285714 0.11272321428571429 0.07700892857142858
13 0.06808035714285714 0.5379464285714286 0.11272321428571429 0.07700892857142858
7 0.10267857142857142 0.359375 0.11272321428571429 0.07700892857142858
5 0.10491071428571429 0.953125 0.11272321428571429 0.07924107142857142
5 0.49107142857142855 0.8426339285714286 0.11272321428571429 0.07700892857142858
11 0.21875 0.7243303571428571 0.10825892857142858 0.08705357142857142
12 0.6975446428571429 0.5993303571428571 0.04352678571428571 0.03794642857142857
12 0.8448660714285714 0.09263392857142858 0.029017857142857144 0.016741071428571428
14 0.4966517857142857 0.36941964285714285 0.11049107142857142 0.09598214285714286
14 0.8761160714285714 0.9419642857142857 0.07700892857142858 0.05580357142857143
14 0.8727678571428571 0.36160714285714285 0.08370535714285714 0.060267857142857144