12 0.6517857142857143 0.7254464285714286 0.033482142857142856 0.024553571428571428
12 0.5457589285714286 0.9363839285714286 0.04352678571428571 0.026785714285714284
12 0.296875 0.9352678571428571 0.033482142857142856 0.026785714285714284
12 0.47879464285714285 0.4654017857142857 0.033482142857142856 0.026785714285714284
12 0.3794642857142857 0.27566964285714285 0.03125 0.026785714285714284
12 0.24888392857142858 0.4017857142857143 0.03571428571428571 0.029017857142857144
12 0.17745535714285715 0.41294642857142855 0.04799107142857143 0.026785714285714284
12 0.671875 0.17745535714285715 0.033482142857142856 0.026785714285714284
12 0.36160714285714285 0.18973214285714285 0.029017857142857144 0.024553571428571428
12 0.24776785714285715 0.25111607142857145 0.03571428571428571 0.018973214285714284
1 0.32924107142857145 0.8660714285714286 0.08147321428571429 0.06473214285714286
1 0.41517857142857145 0.9754464285714286 0.09151785714285714 0.04799107142857143
1 0.8024553571428571 0.25892857142857145 0.08370535714285714 0.06919642857142858
1 0.890625 0.5892857142857143 0.08928571428571429 0.0625
1 0.3861607142857143 0.5401785714285714 0.08705357142857142 0.06473214285714286
14 0.2924107142857143 0.46986607142857145 0.07254464285714286 0.07254464285714286