13 0.734375 0.20982142857142858 0.09821428571428571 0.07254464285714286
15 0.14174107142857142 0.3950892857142857 0.08147321428571429 0.0625
15 0.765625 0.12611607142857142 0.09598214285714286 0.06696428571428571
15 0.8002232142857143 0.13950892857142858 0.08147321428571429 0.06473214285714286
14 0.5223214285714286 0.5446428571428571 0.07254464285714286 0.07254464285714286
14 0.5792410714285714 0.6462053571428571 0.06696428571428571 0.05803571428571429
15 0.9397321428571429 0.8537946428571429 0.08370535714285714 0.060267857142857144
16 0.4095982142857143 0.06808035714285714 0.09821428571428571 0.07254464285714286
16 0.2767857142857143 0.19754464285714285 0.09598214285714286 0.07254464285714286
16 0.20647321428571427 0.31361607142857145 0.09598214285714286 0.06696428571428571
16 0.296875 0.27120535714285715 0.08705357142857142 0.06696428571428571
16 0.453125 0.31026785714285715 0.09821428571428571 0.07254464285714286
16 0.6149553571428571 0.43638392857142855 0.08705357142857142 0.07254464285714286
16 0.14620535714285715 0.5022321428571429 0.09598214285714286 0.07254464285714286
16 0.1875 0.6372767857142857 0.09151785714285714 0.06473214285714286
16 0.25111607142857145 0.6975446428571429 0.10044642857142858 0.07700892857142858
16 0.26339285714285715 0.5982142857142857 0.08928571428571429 0.06696428571428571
16 0.26339285714285715 0.78125 0.09151785714285714 0.06919642857142858
16 0.421875 0.8247767857142857 0.09598214285714286 0.06696428571428571
16 0.15513392857142858 0.8080357142857143 0.09598214285714286 0.06919642857142858
16 0.9430803571428571 0.46875 0.09598214285714286 0.06919642857142858
16 0.8939732142857143 0.96875 0.09598214285714286 0.0625
17 0.8013392857142857 0.9720982142857143 0.08928571428571429 0.05580357142857143
11 0.9620535714285714 0.7745535714285714 0.07589285714285714 0.08035714285714286
16 0.14732142857142858 0.9676339285714286 0.09151785714285714 0.06473214285714286
13 0.6138392857142857 0.171875 0.08928571428571429 0.07254464285714286
13 0.35044642857142855 0.12276785714285714 0.08147321428571429 0.05803571428571429
5 0.9084821428571429 0.036830357142857144 0.09375 0.07366071428571429
13 0.7924107142857143 0.6941964285714286 0.08705357142857142 0.06473214285714286
13 0.9151785714285714 0.7064732142857143 0.09821428571428571 0.06919642857142858
13 0.5189732142857143 0.7243303571428571 0.09598214285714286 0.07700892857142858
13 0.171875 0.22098214285714285 0.10379464285714286 0.07254464285714286
13 0.09709821428571429 0.6283482142857143 0.09151785714285714 0.07700892857142858
5 0.8102678571428571 0.4888392857142857 0.09375 0.07254464285714286
13 0.6506696428571429 0.8839285714285714 0.09598214285714286 0.07254464285714286
13 0.38504464285714285 0.37611607142857145 0.09598214285714286 0.06696428571428571
12 0.14732142857142858 0.9196428571428571 0.029017857142857144 0.018973214285714284
12 0.9006696428571429 0.5814732142857143 0.026785714285714284 0.021205357142857144