10 0.25558035714285715 0.3872767857142857 0.4642857142857143 0.46205357142857145
13 0.5379464285714286 0.42075892857142855 0.10044642857142858 0.2689732142857143
13 0.8147321428571429 0.06473214285714286 0.3314732142857143 0.12946428571428573
13 0.9598214285714286 0.49776785714285715 0.07924107142857142 0.23995535714285715
13 0.9520089285714286 0.29575892857142855 0.09598214285714286 0.2935267857142857
13 0.5792410714285714 0.25111607142857145 0.18303571428571427 0.2767857142857143
0 0.7801339285714286 0.28125 0.43973214285714285 0.4955357142857143
13 0.8214285714285714 0.5279017857142857 0.2767857142857143 0.18080357142857142
13 0.9375 0.11049107142857142 0.125 0.22098214285714285
13 0.6015625 0.08482142857142858 0.22991071428571427 0.16964285714285715
10 0.27566964285714285 0.8091517857142857 0.4252232142857143 0.38169642857142855
3 0.7131696428571429 0.8292410714285714 0.4497767857142857 0.34151785714285715