13 0.7176339285714286 0.017857142857142856 0.26450892857142855 0.03571428571428571
13 0.07700892857142858 0.5881696428571429 0.15401785714285715 0.25223214285714285
13 0.7466517857142857 0.33705357142857145 0.24776785714285715 0.23102678571428573
13 0.9397321428571429 0.16294642857142858 0.11495535714285714 0.22879464285714285
13 0.5212053571428571 0.9598214285714286 0.22098214285714285 0.07924107142857142
13 0.25111607142857145 0.5535714285714286 0.22098214285714285 0.24776785714285715
6 0.5 0.49776785714285715 0.35044642857142855 0.33370535714285715
13 0.5714285714285714 0.7589285714285714 0.2689732142857143 0.24553571428571427
13 0.2924107142857143 0.06696428571428571 0.26674107142857145 0.12946428571428573
13 0.22879464285714285 0.9308035714285714 0.2622767857142857 0.13504464285714285
13 0.8727678571428571 0.7879464285714286 0.21651785714285715 0.22098214285714285
13 0.15736607142857142 0.35267857142857145 0.2857142857142857 0.24330357142857142
13 0.7823660714285714 0.21763392857142858 0.21428571428571427 0.21651785714285715
13 0.8950892857142857 0.484375 0.20424107142857142 0.23102678571428573
13 0.11383928571428571 0.13839285714285715 0.22321428571428573 0.21651785714285715