13 0.40736607142857145 0.9854910714285714 0.21428571428571427 0.029017857142857144
12 0.25 0.984375 0.08928571428571429 0.03125
13 0.515625 0.06919642857142858 0.34151785714285715 0.13504464285714285
13 0.3638392857142857 0.7555803571428571 0.21651785714285715 0.19977678571428573
13 0.21986607142857142 0.23549107142857142 0.21205357142857142 0.17299107142857142
13 0.5625 0.036830357142857144 0.2767857142857143 0.07366071428571429
13 0.06919642857142858 0.43080357142857145 0.13839285714285715 0.26339285714285715
13 0.7477678571428571 0.5993303571428571 0.21205357142857142 0.18080357142857142
13 0.7533482142857143 0.10379464285714286 0.23102678571428573 0.20200892857142858
13 0.25558035714285715 0.09709821428571429 0.19977678571428573 0.18973214285714285
13 0.7377232142857143 0.8024553571428571 0.23102678571428573 0.22879464285714285
12 0.24776785714285715 0.46316964285714285 0.08928571428571429 0.08370535714285714
6 0.5 0.5089285714285714 0.3169642857142857 0.33370535714285715
13 0.08928571428571429 0.13950892857142858 0.17745535714285715 0.21205357142857142
13 0.171875 0.7555803571428571 0.21205357142857142 0.23995535714285715
13 0.9118303571428571 0.7957589285714286 0.16294642857142858 0.21651785714285715
13 0.5479910714285714 0.8872767857142857 0.24330357142857142 0.22098214285714285
13 0.9029017857142857 0.16183035714285715 0.18973214285714285 0.24776785714285715
13 0.8392857142857143 0.40625 0.26674107142857145 0.23995535714285715
13 0.26785714285714285 0.5870535714285714 0.19754464285714285 0.20870535714285715