17 0.8448660714285714 0.8683035714285714 0.09821428571428571 0.08147321428571429
17 0.7522321428571429 0.5658482142857143 0.11272321428571429 0.07700892857142858
17 0.5970982142857143 0.5212053571428571 0.11272321428571429 0.07700892857142858
17 0.8147321428571429 0.3325892857142857 0.09151785714285714 0.06696428571428571
17 0.5647321428571429 0.09486607142857142 0.11272321428571429 0.07700892857142858
17 0.11049107142857142 0.16071428571428573 0.09598214285714286 0.07924107142857142
17 0.036830357142857144 0.21875 0.07366071428571429 0.07589285714285714
17 0.34933035714285715 0.6138392857142857 0.11272321428571429 0.07700892857142858
17 0.234375 0.6439732142857143 0.11272321428571429 0.07700892857142858
7 0.5055803571428571 0.6729910714285714 0.11272321428571429 0.07700892857142858
13 0.3236607142857143 0.36830357142857145 0.11272321428571429 0.07700892857142858
13 0.46763392857142855 0.49888392857142855 0.09375 0.07700892857142858
13 0.7622767857142857 0.28683035714285715 0.11272321428571429 0.07700892857142858
13 0.625 0.6216517857142857 0.11272321428571429 0.07700892857142858
13 0.49441964285714285 0.21763392857142858 0.11272321428571429 0.07700892857142858
13 0.34375 0.17299107142857142 0.11272321428571429 0.07700892857142858
13 0.3080357142857143 0.45200892857142855 0.11272321428571429 0.07700892857142858
13 0.26674107142857145 0.5502232142857143 0.11272321428571429 0.07700892857142858
13 0.5200892857142857 0.9319196428571429 0.11272321428571429 0.07700892857142858
13 0.40848214285714285 0.8404017857142857 0.11272321428571429 0.07700892857142858
13 0.25223214285714285 0.8560267857142857 0.11272321428571429 0.07924107142857142
13 0.6060267857142857 0.7220982142857143 0.11272321428571429 0.07700892857142858
13 0.6852678571428571 0.38504464285714285 0.11272321428571429 0.07700892857142858
13 0.6852678571428571 0.48325892857142855 0.11272321428571429 0.07700892857142858
13 0.8895089285714286 0.9375 0.11272321428571429 0.07700892857142858