10 0.3169642857142857 0.13616071428571427 0.36495535714285715 0.27120535714285715
3 0.7511160714285714 0.37723214285714285 0.4497767857142857 0.26450892857142855
13 0.5814732142857143 0.08482142857142858 0.16741071428571427 0.16964285714285715
13 0.5513392857142857 0.33370535714285715 0.10379464285714286 0.29799107142857145
13 0.859375 0.0625 0.21428571428571427 0.125
13 0.8984375 0.2109375 0.203125 0.22991071428571427
9 0.34151785714285715 0.7879464285714286 0.3169642857142857 0.42299107142857145
13 0.8850446428571429 0.5234375 0.22991071428571427 0.029017857142857144
13 0.59375 0.9553571428571429 0.1875 0.08928571428571429
3 0.8046875 0.8337053571428571 0.390625 0.328125
13 0.6997767857142857 0.6261160714285714 0.26450892857142855 0.23325892857142858
13 0.5279017857142857 0.6852678571428571 0.05580357142857143 0.25