17 0.3549107142857143 0.6551339285714286 0.11272321428571429 0.08705357142857142
7 0.48660714285714285 0.6127232142857143 0.11272321428571429 0.08147321428571429
7 0.4654017857142857 0.32924107142857145 0.12276785714285714 0.09151785714285714
7 0.32924107142857145 0.9207589285714286 0.11830357142857142 0.09598214285714286
7 0.11495535714285714 0.9486607142857143 0.12053571428571429 0.09598214285714286
13 0.30691964285714285 0.5424107142857143 0.10044642857142858 0.07700892857142858
14 0.14397321428571427 0.20758928571428573 0.052455357142857144 0.06919642857142858
14 0.35044642857142855 0.8080357142857143 0.08370535714285714 0.0625
17 0.5959821428571429 0.21205357142857142 0.12053571428571429 0.07700892857142858
12 0.32254464285714285 0.40066964285714285 0.03794642857142857 0.033482142857142856
11 0.11383928571428571 0.8325892857142857 0.10379464285714286 0.09151785714285714
11 0.7834821428571429 0.8247767857142857 0.12053571428571429 0.08928571428571429
8 0.29464285714285715 0.2533482142857143 0.11495535714285714 0.07924107142857142