17 0.8091517857142857 0.34598214285714285 0.07924107142857142 0.11272321428571429
17 0.29910714285714285 0.5446428571428571 0.08370535714285714 0.12276785714285714
14 0.45424107142857145 0.9620535714285714 0.078125 0.07589285714285714
14 0.31361607142857145 0.7689732142857143 0.05803571428571429 0.09151785714285714
14 0.35825892857142855 0.6506696428571429 0.060267857142857144 0.08147321428571429
14 0.9151785714285714 0.46205357142857145 0.052455357142857144 0.07700892857142858
14 0.19196428571428573 0.30245535714285715 0.04575892857142857 0.0625
14 0.8214285714285714 0.25223214285714285 0.05580357142857143 0.07477678571428571
11 0.7600446428571429 0.5256696428571429 0.07924107142857142 0.11272321428571429
11 0.90625 0.8470982142857143 0.07924107142857142 0.11272321428571429
8 0.7232142857142857 0.37276785714285715 0.0625 0.07924107142857142
8 0.3013392857142857 0.8883928571428571 0.05803571428571429 0.08147321428571429
11 0.4486607142857143 0.48325892857142855 0.09151785714285714 0.12276785714285714
11 0.07254464285714286 0.23660714285714285 0.07924107142857142 0.11272321428571429
18 0.05803571428571429 0.8571428571428571 0.07924107142857142 0.11272321428571429
12 0.9263392857142857 0.3404017857142857 0.03571428571428571 0.05022321428571429
5 0.6707589285714286 0.19754464285714285 0.08705357142857142 0.11272321428571429