6 0.10602678571428571 0.3404017857142857 0.21205357142857142 0.35825892857142855
13 0.8638392857142857 0.11049107142857142 0.27120535714285715 0.22098214285714285
6 0.75 0.36495535714285715 0.5 0.5290178571428571
13 0.6227678571428571 0.5736607142857143 0.24553571428571427 0.11272321428571429
13 0.5412946428571429 0.3125 0.08147321428571429 0.28794642857142855
13 0.4799107142857143 0.7533482142857143 0.041294642857142856 0.24776785714285715
13 0.37276785714285715 0.7388392857142857 0.2544642857142857 0.21875
13 0.041294642857142856 0.7712053571428571 0.08147321428571429 0.27455357142857145
13 0.203125 0.6863839285714286 0.25669642857142855 0.11272321428571429
0 0.140625 0.8939732142857143 0.28125 0.21205357142857142
13 0.33370535714285715 0.9341517857142857 0.28794642857142855 0.13169642857142858
9 0.6473214285714286 0.7466517857142857 0.29575892857142855 0.23325892857142858