16 0.13504464285714285 0.6651785714285714 0.08928571428571429 0.0625
16 0.0625 0.625 0.07700892857142858 0.0625
16 0.21205357142857142 0.5 0.09598214285714286 0.06696428571428571
16 0.3627232142857143 0.5290178571428571 0.08928571428571429 0.06919642857142858
16 0.45089285714285715 0.4810267857142857 0.09375 0.07254464285714286
16 0.43526785714285715 0.26339285714285715 0.08928571428571429 0.05803571428571429
16 0.32700892857142855 0.15959821428571427 0.09151785714285714 0.07254464285714286
16 0.48325892857142855 0.15625 0.09598214285714286 0.07254464285714286
16 0.578125 0.07924107142857142 0.08370535714285714 0.0625
16 0.5111607142857143 0.3158482142857143 0.09375 0.07254464285714286
16 0.07366071428571429 0.029017857142857144 0.10602678571428571 0.05803571428571429
16 0.3158482142857143 0.6685267857142857 0.11272321428571429 0.07700892857142858
16 0.7901785714285714 0.48995535714285715 0.08705357142857142 0.07254464285714286
16 0.8616071428571429 0.4408482142857143 0.08705357142857142 0.0625
16 0.8270089285714286 0.6183035714285714 0.09151785714285714 0.07700892857142858
16 0.8035714285714286 0.8705357142857143 0.08705357142857142 0.06919642857142858
16 0.8950892857142857 0.8616071428571429 0.08705357142857142 0.07700892857142858
16 0.9397321428571429 0.7689732142857143 0.08705357142857142 0.06473214285714286
16 0.7868303571428571 0.9631696428571429 0.08928571428571429 0.06696428571428571
16 0.5491071428571429 0.9151785714285714 0.09821428571428571 0.07254464285714286
16 0.45870535714285715 0.9508928571428571 0.09151785714285714 0.07254464285714286
16 0.32700892857142855 0.8839285714285714 0.09598214285714286 0.06919642857142858
16 0.24776785714285715 0.7633928571428571 0.09375 0.06696428571428571
11 0.5870535714285714 0.78125 0.08147321428571429 0.07700892857142858
16 0.6741071428571429 0.7979910714285714 0.08705357142857142 0.07254464285714286
16 0.7377232142857143 0.7511160714285714 0.08147321428571429 0.06473214285714286
16 0.6183035714285714 0.44308035714285715 0.10044642857142858 0.07254464285714286
16 0.6607142857142857 0.6417410714285714 0.08147321428571429 0.07700892857142858
13 0.3794642857142857 0.08928571428571429 0.08370535714285714 0.0625
11 0.6986607142857143 0.8839285714285714 0.09375 0.0625
11 0.5122767857142857 0.4174107142857143 0.09598214285714286 0.0625
12 0.7087053571428571 0.37276785714285715 0.04799107142857143 0.04575892857142857
12 0.203125 0.46205357142857145 0.018973214285714284 0.018973214285714284
12 0.14955357142857142 0.46763392857142855 0.029017857142857144 0.024553571428571428