7 0.4564732142857143 0.5993303571428571 0.10602678571428571 0.08705357142857142
13 0.6227678571428571 0.6685267857142857 0.10044642857142858 0.07700892857142858
7 0.7254464285714286 0.10267857142857142 0.10602678571428571 0.07924107142857142
7 0.5736607142857143 0.8147321428571429 0.09375 0.08147321428571429
13 0.4720982142857143 0.8080357142857143 0.09598214285714286 0.07254464285714286
13 0.16964285714285715 0.9095982142857143 0.09598214285714286 0.07700892857142858
8 0.6674107142857143 0.8314732142857143 0.09151785714285714 0.060267857142857144
8 0.9151785714285714 0.29799107142857145 0.07700892857142858 0.05803571428571429
8 0.47767857142857145 0.06808035714285714 0.06473214285714286 0.04799107142857143
7 0.5848214285714286 0.5290178571428571 0.12276785714285714 0.08705357142857142
14 0.06919642857142858 0.7209821428571429 0.05803571428571429 0.05022321428571429