13 0.9620535714285714 0.28236607142857145 0.07589285714285714 0.25223214285714285
13 0.05022321428571429 0.4564732142857143 0.09598214285714286 0.20870535714285715
13 0.13504464285714285 0.8292410714285714 0.24330357142857142 0.20870535714285715
13 0.953125 0.5223214285714286 0.08928571428571429 0.23325892857142858
13 0.6529017857142857 0.9341517857142857 0.21651785714285715 0.12723214285714285
13 0.07142857142857142 0.6428571428571429 0.14174107142857142 0.17299107142857142
13 0.08370535714285714 0.9162946428571429 0.16741071428571427 0.16741071428571427
13 0.5892857142857143 0.8058035714285714 0.24553571428571427 0.20200892857142858
13 0.8950892857142857 0.05915178571428571 0.19977678571428573 0.11830357142857142
13 0.8058035714285714 0.890625 0.21205357142857142 0.21875
13 0.35714285714285715 0.8180803571428571 0.22098214285714285 0.24776785714285715
13 0.3638392857142857 0.22991071428571427 0.21205357142857142 0.22879464285714285
13 0.23325892857142858 0.5736607142857143 0.21205357142857142 0.22544642857142858
0 0.515625 0.49776785714285715 0.4252232142857143 0.5167410714285714
13 0.9095982142857143 0.734375 0.17522321428571427 0.21205357142857142
13 0.8225446428571429 0.28348214285714285 0.19419642857142858 0.20424107142857142