18 0.4654017857142857 0.28013392857142855 0.11272321428571429 0.07700892857142858
5 0.5792410714285714 0.6808035714285714 0.08705357142857142 0.06919642857142858
5 0.18191964285714285 0.34263392857142855 0.08370535714285714 0.0625
5 0.05915178571428571 0.15959821428571427 0.10379464285714286 0.06696428571428571
5 0.921875 0.6462053571428571 0.09375 0.07254464285714286
5 0.9229910714285714 0.7176339285714286 0.09598214285714286 0.06919642857142858
18 0.5022321428571429 0.8169642857142857 0.08147321428571429 0.08705357142857142
5 0.08482142857142858 0.6908482142857143 0.09151785714285714 0.06473214285714286
5 0.48995535714285715 0.9029017857142857 0.09598214285714286 0.07254464285714286
5 0.23995535714285715 0.4575892857142857 0.08705357142857142 0.0625
5 0.22767857142857142 0.5189732142857143 0.08705357142857142 0.06696428571428571
13 0.6707589285714286 0.29910714285714285 0.07700892857142858 0.05803571428571429
5 0.7366071428571429 0.8895089285714286 0.08147321428571429 0.0625
5 0.8950892857142857 0.30691964285714285 0.08705357142857142 0.06696428571428571
8 0.7165178571428571 0.4419642857142857 0.06696428571428571 0.052455357142857144
5 0.9486607142857143 0.25558035714285715 0.08705357142857142 0.0625
5 0.2533482142857143 0.7042410714285714 0.08370535714285714 0.0625
5 0.17299107142857142 0.41517857142857145 0.08928571428571429 0.06696428571428571
5 0.13950892857142858 0.25223214285714285 0.09375 0.06696428571428571
13 0.19196428571428573 0.030133928571428572 0.08147321428571429 0.060267857142857144
12 0.14174107142857142 0.05357142857142857 0.029017857142857144 0.018973214285714284
12 0.20982142857142858 0.10491071428571429 0.029017857142857144 0.018973214285714284
12 0.23214285714285715 0.40066964285714285 0.03125 0.018973214285714284
12 0.5022321428571429 0.4263392857142857 0.024553571428571428 0.018973214285714284
12 0.7388392857142857 0.28794642857142855 0.029017857142857144 0.018973214285714284
12 0.6919642857142857 0.49330357142857145 0.024553571428571428 0.014508928571428572
12 0.7633928571428571 0.5044642857142857 0.029017857142857144 0.018973214285714284
12 0.7008928571428571 0.578125 0.033482142857142856 0.018973214285714284
12 0.5089285714285714 0.6261160714285714 0.026785714285714284 0.018973214285714284
12 0.5379464285714286 0.6462053571428571 0.041294642857142856 0.024553571428571428
12 0.31808035714285715 0.6763392857142857 0.03125 0.024553571428571428
12 0.8024553571428571 0.9910714285714286 0.021205357142857144 0.016741071428571428
12 0.23102678571428573 0.8805803571428571 0.029017857142857144 0.018973214285714284
12 0.2533482142857143 0.8225446428571429 0.024553571428571428 0.014508928571428572
1 0.08928571428571429 0.90625 0.07700892857142858 0.06696428571428571
1 0.109375 0.31361607142857145 0.07924107142857142 0.05580357142857143
1 0.421875 0.109375 0.08928571428571429 0.060267857142857144
1 0.5647321428571429 0.29464285714285715 0.08928571428571429 0.05803571428571429
1 0.8180803571428571 0.5256696428571429 0.09375 0.05803571428571429