14 0.6886160714285714 0.11941964285714286 0.04799107142857143 0.07924107142857142
14 0.4720982142857143 0.6607142857142857 0.060267857142857144 0.08928571428571429
14 0.3314732142857143 0.1875 0.05803571428571429 0.07924107142857142
14 0.15513392857142858 0.18526785714285715 0.05580357142857143 0.08705357142857142
18 0.5256696428571429 0.13950892857142858 0.08928571428571429 0.12946428571428573
18 0.8392857142857143 0.05915178571428571 0.10602678571428571 0.11495535714285714
18 0.8616071428571429 0.17633928571428573 0.08147321428571429 0.11495535714285714
11 0.6462053571428571 0.3638392857142857 0.08705357142857142 0.11830357142857142
11 0.5669642857142857 0.35825892857142855 0.08705357142857142 0.12053571428571429
11 0.23995535714285715 0.9073660714285714 0.07700892857142858 0.11272321428571429
17 0.12723214285714285 0.7232142857142857 0.07700892857142858 0.11272321428571429
5 0.38950892857142855 0.07477678571428571 0.08928571428571429 0.11049107142857142
5 0.31026785714285715 0.7299107142857143 0.07254464285714286 0.10044642857142858
5 0.21540178571428573 0.08035714285714286 0.08147321428571429 0.11830357142857142