13 0.3939732142857143 0.47544642857142855 0.11272321428571429 0.07700892857142858
13 0.3002232142857143 0.48549107142857145 0.11272321428571429 0.07700892857142858
11 0.42075892857142855 0.37611607142857145 0.08147321428571429 0.07700892857142858
8 0.48660714285714285 0.7232142857142857 0.09151785714285714 0.06696428571428571
8 0.390625 0.7176339285714286 0.09151785714285714 0.06696428571428571
8 0.40625 0.24665178571428573 0.08705357142857142 0.060267857142857144
8 0.8415178571428571 0.34375 0.11272321428571429 0.07700892857142858
13 0.5747767857142857 0.203125 0.11272321428571429 0.07700892857142858
13 0.34263392857142855 0.7935267857142857 0.10602678571428571 0.07477678571428571
7 0.6997767857142857 0.43526785714285715 0.10602678571428571 0.09151785714285714
13 0.20424107142857142 0.47879464285714285 0.11272321428571429 0.07700892857142858
13 0.6227678571428571 0.49441964285714285 0.11272321428571429 0.07700892857142858
13 0.8214285714285714 0.18638392857142858 0.11272321428571429 0.07700892857142858
1 0.18973214285714285 0.17857142857142858 0.08705357142857142 0.07700892857142858
1 0.8604910714285714 0.6261160714285714 0.08705357142857142 0.07254464285714286
1 0.8169642857142857 0.7064732142857143 0.08705357142857142 0.07700892857142858
1 0.8091517857142857 0.7879464285714286 0.08147321428571429 0.07924107142857142
1 0.43080357142857145 0.6272321428571429 0.09151785714285714 0.07477678571428571
1 0.6450892857142857 0.17857142857142858 0.08928571428571429 0.07700892857142858
1 0.6383928571428571 0.6283482142857143 0.08147321428571429 0.07477678571428571
14 0.13727678571428573 0.7544642857142857 0.08705357142857142 0.05803571428571429
1 0.15178571428571427 0.5758928571428571 0.08370535714285714 0.07700892857142858
1 0.8761160714285714 0.28683035714285715 0.10602678571428571 0.05803571428571429
1 0.5959821428571429 0.9508928571428571 0.07700892857142858 0.07700892857142858
1 0.5011160714285714 0.14508928571428573 0.09151785714285714 0.07700892857142858
2 0.23102678571428573 0.7946428571428571 0.09598214285714286 0.08370535714285714
2 0.40625 0.9263392857142857 0.10825892857142858 0.05580357142857143
1 0.6875 0.03236607142857143 0.07924107142857142 0.0625
1 0.9386160714285714 0.7008928571428571 0.09151785714285714 0.0625
1 0.9006696428571429 0.04799107142857143 0.08147321428571429 0.06696428571428571
1 0.24776785714285715 0.7131696428571429 0.08705357142857142 0.07924107142857142
1 0.48214285714285715 0.4877232142857143 0.09375 0.07254464285714286
1 0.42299107142857145 0.5513392857142857 0.10379464285714286 0.06473214285714286
1 0.78125 0.4720982142857143 0.11495535714285714 0.0625
1 0.09486607142857142 0.28013392857142855 0.11495535714285714 0.05803571428571429
1 0.14508928571428573 0.4017857142857143 0.09151785714285714 0.05803571428571429
1 0.44308035714285715 0.08035714285714286 0.09151785714285714 0.07254464285714286