18 0.5904017857142857 0.5982142857142857 0.07254464285714286 0.12276785714285714
11 0.7377232142857143 0.7511160714285714 0.06919642857142858 0.09821428571428571
2 0.8895089285714286 0.22321428571428573 0.08147321428571429 0.10044642857142858
14 0.4720982142857143 0.5089285714285714 0.07700892857142858 0.07254464285714286
13 0.53125 0.9263392857142857 0.06473214285714286 0.09151785714285714
13 0.9564732142857143 0.9095982142857143 0.06473214285714286 0.08705357142857142
13 0.6316964285714286 0.71875 0.06696428571428571 0.09151785714285714
13 0.7991071428571429 0.8069196428571429 0.06919642857142858 0.09151785714285714
13 0.5368303571428571 0.5825892857142857 0.0625 0.09598214285714286
13 0.3482142857142857 0.7254464285714286 0.07254464285714286 0.09598214285714286
13 0.34598214285714285 0.6339285714285714 0.07254464285714286 0.09598214285714286
13 0.29017857142857145 0.5658482142857143 0.06696428571428571 0.10602678571428571
13 0.46763392857142855 0.17522321428571427 0.06919642857142858 0.09598214285714286