16 0.033482142857142856 0.8214285714285714 0.06696428571428571 0.09598214285714286
16 0.06696428571428571 0.734375 0.07477678571428571 0.10379464285714286
16 0.09821428571428571 0.6372767857142857 0.07700892857142858 0.10602678571428571
16 0.3325892857142857 0.7232142857142857 0.06696428571428571 0.08705357142857142
17 0.5803571428571429 0.31138392857142855 0.07254464285714286 0.09598214285714286
16 0.11830357142857142 0.8426339285714286 0.07477678571428571 0.09821428571428571
16 0.30691964285714285 0.41629464285714285 0.07477678571428571 0.08928571428571429
15 0.30357142857142855 0.3236607142857143 0.08147321428571429 0.08705357142857142
16 0.6060267857142857 0.7455357142857143 0.07254464285714286 0.10044642857142858
16 0.6383928571428571 0.953125 0.07477678571428571 0.09375
16 0.7566964285714286 0.5435267857142857 0.07924107142857142 0.11272321428571429
16 0.9151785714285714 0.6060267857142857 0.06919642857142858 0.08928571428571429
16 0.8582589285714286 0.49330357142857145 0.06919642857142858 0.10379464285714286
16 0.8125 0.41964285714285715 0.07254464285714286 0.09821428571428571
16 0.8058035714285714 0.7667410714285714 0.07924107142857142 0.11272321428571429
16 0.8950892857142857 0.9308035714285714 0.07924107142857142 0.10044642857142858
13 0.9040178571428571 0.1875 0.06919642857142858 0.09821428571428571
13 0.7488839285714286 0.036830357142857144 0.078125 0.07366071428571429
13 0.6607142857142857 0.140625 0.07477678571428571 0.09598214285714286
13 0.8292410714285714 0.07142857142857142 0.07254464285714286 0.09821428571428571
13 0.6651785714285714 0.26450892857142855 0.08370535714285714 0.10379464285714286
13 0.8549107142857143 0.2689732142857143 0.07254464285714286 0.09375
16 0.9497767857142857 0.5189732142857143 0.07254464285714286 0.10379464285714286
16 0.5167410714285714 0.6071428571428571 0.07477678571428571 0.10044642857142858
16 0.43861607142857145 0.49888392857142855 0.07924107142857142 0.11272321428571429
16 0.43191964285714285 0.6819196428571429 0.07924107142857142 0.11272321428571429
13 0.6785714285714286 0.7332589285714286 0.07477678571428571 0.09821428571428571
16 0.07924107142857142 0.9319196428571429 0.08147321428571429 0.10602678571428571
13 0.17410714285714285 0.90625 0.07254464285714286 0.10044642857142858
13 0.18080357142857142 0.36495535714285715 0.06919642857142858 0.09375
13 0.060267857142857144 0.38392857142857145 0.07477678571428571 0.10379464285714286
13 0.15401785714285715 0.06361607142857142 0.07254464285714286 0.09151785714285714
13 0.47767857142857145 0.16517857142857142 0.06919642857142858 0.09375
13 0.4185267857142857 0.04799107142857143 0.07254464285714286 0.08928571428571429
13 0.53125 0.03459821428571429 0.07924107142857142 0.06919642857142858
13 0.40848214285714285 0.25558035714285715 0.07700892857142858 0.10602678571428571
13 0.7332589285714286 0.6395089285714286 0.07924107142857142 0.11272321428571429
11 0.8158482142857143 0.6875 0.06696428571428571 0.09821428571428571
13 0.9352678571428571 0.7600446428571429 0.06919642857142858 0.09821428571428571
13 0.8950892857142857 0.8270089285714286 0.06473214285714286 0.08705357142857142
13 0.9073660714285714 0.44308035714285715 0.060267857142857144 0.08370535714285714
11 0.5167410714285714 0.5 0.06919642857142858 0.10602678571428571
12 0.19866071428571427 0.609375 0.026785714285714284 0.03571428571428571
12 0.4095982142857143 0.59375 0.024553571428571428 0.026785714285714284