13 0.08370535714285714 0.109375 0.16741071428571427 0.21875
13 0.08370535714285714 0.35044642857142855 0.16741071428571427 0.2544642857142857
12 0.32254464285714285 0.08705357142857142 0.12053571428571429 0.125
13 0.515625 0.12946428571428573 0.24553571428571427 0.25892857142857145
6 0.1875 0.13058035714285715 0.28125 0.2611607142857143
13 0.53125 0.36941964285714285 0.21651785714285715 0.21875
0 0.8191964285714286 0.23102678571428573 0.36049107142857145 0.46205357142857145
13 0.9129464285714286 0.4017857142857143 0.17299107142857142 0.15401785714285715
0 0.4095982142857143 0.6607142857142857 0.45870535714285715 0.36495535714285715
10 0.5345982142857143 0.9453125 0.20758928571428573 0.109375
10 0.6919642857142857 0.8214285714285714 0.10714285714285714 0.35714285714285715