12 0.23883928571428573 0.09040178571428571 0.033482142857142856 0.04352678571428571
12 0.3169642857142857 0.021205357142857144 0.033482142857142856 0.041294642857142856
12 0.15178571428571427 0.5212053571428571 0.033482142857142856 0.04799107142857143
12 0.5089285714285714 0.6361607142857143 0.03571428571428571 0.04352678571428571
12 0.9475446428571429 0.19754464285714285 0.033482142857142856 0.04575892857142857
12 0.7845982142857143 0.8962053571428571 0.033482142857142856 0.04799107142857143
12 0.8325892857142857 0.9375 0.026785714285714284 0.03794642857142857
17 0.7991071428571429 0.96875 0.07700892857142858 0.0625
17 0.5412946428571429 0.2924107142857143 0.06919642857142858 0.09375
17 0.5926339285714286 0.42410714285714285 0.060267857142857144 0.09151785714285714
1 0.38950892857142855 0.20647321428571427 0.07254464285714286 0.08705357142857142
1 0.24888392857142858 0.36495535714285715 0.06473214285714286 0.09151785714285714
1 0.23883928571428573 0.5636160714285714 0.06919642857142858 0.09821428571428571
1 0.33482142857142855 0.46875 0.06473214285714286 0.10044642857142858
1 0.24107142857142858 0.7120535714285714 0.07477678571428571 0.08705357142857142
17 0.18080357142857142 0.7611607142857143 0.06919642857142858 0.08705357142857142
1 0.23325892857142858 0.8147321428571429 0.06473214285714286 0.09151785714285714
1 0.8035714285714286 0.21428571428571427 0.0625 0.09821428571428571
1 0.8292410714285714 0.28794642857142855 0.07477678571428571 0.07924107142857142
1 0.7611607142857143 0.09263392857142858 0.07924107142857142 0.07254464285714286
1 0.8549107142857143 0.38950892857142855 0.06919642857142858 0.08928571428571429
1 0.8303571428571429 0.46205357142857145 0.06473214285714286 0.09151785714285714
1 0.6595982142857143 0.43638392857142855 0.07700892857142858 0.10379464285714286
1 0.42075892857142855 0.8582589285714286 0.06696428571428571 0.08370535714285714
17 0.07924107142857142 0.25892857142857145 0.06473214285714286 0.09151785714285714
1 0.8125 0.7957589285714286 0.07254464285714286 0.08705357142857142
1 0.49776785714285715 0.5267857142857143 0.0625 0.08705357142857142
1 0.6930803571428571 0.5457589285714286 0.06473214285714286 0.10044642857142858
1 0.8404017857142857 0.7165178571428571 0.060267857142857144 0.09151785714285714