8 0.6997767857142857 0.28683035714285715 0.08147321428571429 0.0625
8 0.6272321428571429 0.2779017857142857 0.07924107142857142 0.0625
15 0.19977678571428573 0.5424107142857143 0.07254464285714286 0.052455357142857144
1 0.4341517857142857 0.734375 0.10044642857142858 0.06696428571428571
1 0.7700892857142857 0.47879464285714285 0.10602678571428571 0.06696428571428571
1 0.5837053571428571 0.35267857142857145 0.09151785714285714 0.052455357142857144
1 0.4174107142857143 0.33816964285714285 0.08147321428571429 0.06919642857142858
1 0.5334821428571429 0.16852678571428573 0.10044642857142858 0.06696428571428571
1 0.9363839285714286 0.14620535714285715 0.08147321428571429 0.07700892857142858
19 0.13058035714285715 0.10044642857142858 0.12946428571428573 0.11049107142857142
1 0.8783482142857143 0.18191964285714285 0.09151785714285714 0.05803571428571429
1 0.6830357142857143 0.04352678571428571 0.09598214285714286 0.0625
1 0.6674107142857143 0.14955357142857142 0.09598214285714286 0.07254464285714286
1 0.4877232142857143 0.5256696428571429 0.07700892857142858 0.0625
17 0.22991071428571427 0.21540178571428573 0.09151785714285714 0.06696428571428571
12 0.5691964285714286 0.6674107142857143 0.03125 0.024553571428571428
12 0.5915178571428571 0.7946428571428571 0.029017857142857144 0.024553571428571428
12 0.8180803571428571 0.8325892857142857 0.029017857142857144 0.018973214285714284
12 0.5189732142857143 0.9397321428571429 0.029017857142857144 0.016741071428571428
12 0.18415178571428573 0.7544642857142857 0.018973214285714284 0.014508928571428572
12 0.20870535714285715 0.7477678571428571 0.014508928571428572 0.014508928571428572
12 0.18303571428571427 0.7946428571428571 0.024553571428571428 0.014508928571428572
12 0.17522321428571427 0.6930803571428571 0.016741071428571428 0.014508928571428572
12 0.6908482142857143 0.9330357142857143 0.016741071428571428 0.018973214285714284
12 0.4654017857142857 0.3716517857142857 0.018973214285714284 0.016741071428571428
12 0.4095982142857143 0.5089285714285714 0.029017857142857144 0.014508928571428572
12 0.47098214285714285 0.5658482142857143 0.024553571428571428 0.012276785714285714
12 0.7354910714285714 0.07477678571428571 0.029017857142857144 0.018973214285714284
13 0.6227678571428571 0.40848214285714285 0.07924107142857142 0.05803571428571429
13 0.6875 0.36160714285714285 0.08705357142857142 0.06696428571428571
13 0.5368303571428571 0.421875 0.08705357142857142 0.06696428571428571
13 0.36160714285714285 0.43080357142857145 0.08705357142857142 0.06696428571428571
13 0.3013392857142857 0.328125 0.07924107142857142 0.0625
13 0.25 0.4642857142857143 0.08147321428571429 0.0625
13 0.328125 0.49107142857142855 0.09151785714285714 0.0625
15 0.036830357142857144 0.5424107142857143 0.07366071428571429 0.05357142857142857
15 0.7823660714285714 0.1875 0.08705357142857142 0.06696428571428571
13 0.8638392857142857 0.32700892857142855 0.08147321428571429 0.06696428571428571
13 0.9263392857142857 0.48549107142857145 0.07924107142857142 0.0625
13 0.8649553571428571 0.5323660714285714 0.07700892857142858 0.0625
13 0.8694196428571429 0.6305803571428571 0.07924107142857142 0.05803571428571429
13 0.8091517857142857 0.6841517857142857 0.07924107142857142 0.06696428571428571
1 0.7276785714285714 0.6595982142857143 0.08147321428571429 0.06696428571428571
1 0.7723214285714286 0.7633928571428571 0.08147321428571429 0.06919642857142858
1 0.8660714285714286 0.8928571428571429 0.07924107142857142 0.06696428571428571
1 0.9363839285714286 0.41294642857142855 0.08705357142857142 0.06473214285714286
1 0.10825892857142858 0.34486607142857145 0.08705357142857142 0.0625
13 0.23102678571428573 0.29910714285714285 0.08147321428571429 0.06473214285714286
13 0.3716517857142857 0.6205357142857143 0.07924107142857142 0.06473214285714286