16 0.140625 0.47433035714285715 0.11049107142857142 0.07700892857142858
16 0.30691964285714285 0.5625 0.11272321428571429 0.07700892857142858
16 0.23102678571428573 0.5 0.11272321428571429 0.07700892857142858
16 0.17522321428571427 0.7020089285714286 0.10379464285714286 0.07254464285714286
16 0.27566964285714285 0.78125 0.09598214285714286 0.07477678571428571
16 0.07142857142857142 0.22433035714285715 0.09151785714285714 0.07254464285714286
16 0.20758928571428573 0.27232142857142855 0.10379464285714286 0.07254464285714286
16 0.3013392857142857 0.3392857142857143 0.10044642857142858 0.07254464285714286
16 0.421875 0.26674107142857145 0.08928571428571429 0.07477678571428571
16 0.3404017857142857 0.4095982142857143 0.10602678571428571 0.07254464285714286
16 0.7299107142857143 0.5814732142857143 0.08928571428571429 0.06473214285714286
16 0.8180803571428571 0.5803571428571429 0.09598214285714286 0.07254464285714286
16 0.9084821428571429 0.6216517857142857 0.10602678571428571 0.08705357142857142
16 0.7756696428571429 0.6517857142857143 0.10602678571428571 0.07924107142857142
16 0.6841517857142857 0.65625 0.09598214285714286 0.07254464285714286
16 0.8415178571428571 0.7064732142857143 0.11049107142857142 0.07700892857142858
16 0.609375 0.7098214285714286 0.10602678571428571 0.07254464285714286
16 0.5089285714285714 0.8247767857142857 0.10379464285714286 0.07700892857142858
16 0.8292410714285714 0.39285714285714285 0.10044642857142858 0.08147321428571429
16 0.75 0.4408482142857143 0.09821428571428571 0.07254464285714286
13 0.7120535714285714 0.5044642857142857 0.09151785714285714 0.06696428571428571
13 0.8426339285714286 0.28683035714285715 0.09821428571428571 0.07254464285714286
13 0.7176339285714286 0.13169642857142858 0.09598214285714286 0.07254464285714286
13 0.4654017857142857 0.7321428571428571 0.11272321428571429 0.07700892857142858
5 0.25892857142857145 0.640625 0.09821428571428571 0.06696428571428571
16 0.19084821428571427 0.15066964285714285 0.10602678571428571 0.07254464285714286
13 0.30245535714285715 0.04241071428571429 0.10379464285714286 0.06919642857142858
13 0.9508928571428571 0.8504464285714286 0.09598214285714286 0.07477678571428571
13 0.08928571428571429 0.5993303571428571 0.09598214285714286 0.06696428571428571
12 0.09263392857142858 0.41964285714285715 0.05580357142857143 0.041294642857142856