13 0.2689732142857143 0.4341517857142857 0.28794642857142855 0.08928571428571429
13 0.40401785714285715 0.40066964285714285 0.25 0.15625
13 0.08816964285714286 0.328125 0.17522321428571427 0.26674107142857145
13 0.40513392857142855 0.08035714285714286 0.24776785714285715 0.16071428571428573
6 0.18973214285714285 0.12611607142857142 0.28348214285714285 0.25223214285714285
12 0.27232142857142855 0.33035714285714285 0.09151785714285714 0.11495535714285714
9 0.7645089285714286 0.2935267857142857 0.47098214285714285 0.3705357142857143
3 0.27120535714285715 0.7589285714285714 0.4888392857142857 0.48214285714285715
13 0.9129464285714286 0.5323660714285714 0.17299107142857142 0.10825892857142858
0 0.6495535714285714 0.7667410714285714 0.23995535714285715 0.46651785714285715
13 0.8292410714285714 0.6662946428571429 0.22098214285714285 0.23325892857142858
13 0.6305803571428571 0.9765625 0.20758928571428573 0.046875
13 0.9196428571428571 0.8582589285714286 0.16071428571428573 0.23102678571428573