17 0.23549107142857142 0.39732142857142855 0.08370535714285714 0.10044642857142858
17 0.40066964285714285 0.5122767857142857 0.07924107142857142 0.11272321428571429
17 0.6127232142857143 0.45424107142857145 0.07700892857142858 0.11272321428571429
7 0.23325892857142858 0.8158482142857143 0.07924107142857142 0.11272321428571429
7 0.5412946428571429 0.3716517857142857 0.09151785714285714 0.11830357142857142
7 0.6428571428571429 0.7332589285714286 0.09821428571428571 0.12276785714285714
11 0.6941964285714286 0.4642857142857143 0.09598214285714286 0.12276785714285714
7 0.4263392857142857 0.6819196428571429 0.08705357142857142 0.11495535714285714
7 0.47433035714285715 0.09933035714285714 0.07924107142857142 0.11272321428571429
7 0.25223214285714285 0.13727678571428573 0.08928571428571429 0.11049107142857142
7 0.15625 0.16741071428571427 0.08705357142857142 0.11272321428571429
7 0.29910714285714285 0.6529017857142857 0.07924107142857142 0.11049107142857142
13 0.22879464285714285 0.5033482142857143 0.07700892857142858 0.10379464285714286
13 0.6729910714285714 0.24330357142857142 0.07924107142857142 0.10379464285714286
7 0.6049107142857143 0.13169642857142858 0.09151785714285714 0.12053571428571429
7 0.6595982142857143 0.34375 0.07924107142857142 0.11272321428571429
17 0.9441964285714286 0.140625 0.08147321428571429 0.10602678571428571
1 0.5725446428571429 0.234375 0.09598214285714286 0.11049107142857142
12 0.8560267857142857 0.5011160714285714 0.041294642857142856 0.05580357142857143
12 0.40513392857142855 0.36049107142857145 0.021205357142857144 0.026785714285714284
12 0.32700892857142855 0.8660714285714286 0.03571428571428571 0.04352678571428571
12 0.08370535714285714 0.8292410714285714 0.033482142857142856 0.041294642857142856
8 0.5803571428571429 0.6607142857142857 0.06473214285714286 0.10044642857142858