14 0.5457589285714286 0.6026785714285714 0.07700892857142858 0.06696428571428571
14 0.21428571428571427 0.7723214285714286 0.10044642857142858 0.04352678571428571
14 0.26339285714285715 0.47879464285714285 0.07254464285714286 0.06473214285714286
14 0.7477678571428571 0.3002232142857143 0.06473214285714286 0.0625
11 0.5870535714285714 0.3950892857142857 0.08147321428571429 0.08147321428571429
11 0.546875 0.20758928571428573 0.09598214285714286 0.05803571428571429
7 0.12276785714285714 0.8649553571428571 0.10825892857142858 0.08928571428571429
11 0.8470982142857143 0.15178571428571427 0.06696428571428571 0.07254464285714286
13 0.8024553571428571 0.5379464285714286 0.08370535714285714 0.0625
13 0.84375 0.6149553571428571 0.08705357142857142 0.06473214285714286
8 0.4029017857142857 0.9575892857142857 0.09151785714285714 0.05580357142857143
13 0.3705357142857143 0.8314732142857143 0.08147321428571429 0.0625
8 0.7064732142857143 0.23325892857142858 0.08147321428571429 0.05580357142857143
13 0.14732142857142858 0.6975446428571429 0.08928571428571429 0.060267857142857144
13 0.19419642857142858 0.8258928571428571 0.07924107142857142 0.0625
5 0.30580357142857145 0.921875 0.11272321428571429 0.08705357142857142
13 0.4810267857142857 0.6685267857142857 0.09151785714285714 0.06696428571428571
13 0.43638392857142855 0.7299107142857143 0.09151785714285714 0.07700892857142858
13 0.3002232142857143 0.8002232142857143 0.09151785714285714 0.06696428571428571
13 0.23325892857142858 0.8895089285714286 0.08928571428571429 0.06696428571428571
5 0.3080357142857143 0.6774553571428571 0.09598214285714286 0.07254464285714286
11 0.45424107142857145 0.26785714285714285 0.10044642857142858 0.0625
16 0.39174107142857145 0.6071428571428571 0.08705357142857142 0.07254464285714286
13 0.0625 0.31138392857142855 0.08928571428571429 0.06473214285714286
13 0.13058035714285715 0.23772321428571427 0.08705357142857142 0.06696428571428571
13 0.12834821428571427 0.03236607142857143 0.08705357142857142 0.0625
11 0.45535714285714285 0.07142857142857142 0.09821428571428571 0.060267857142857144
13 0.43080357142857145 0.12834821428571427 0.09375 0.0625
13 0.7555803571428571 0.12946428571428573 0.09151785714285714 0.06919642857142858
13 0.9441964285714286 0.17410714285714285 0.09151785714285714 0.06696428571428571
11 0.43861607142857145 0.453125 0.08147321428571429 0.07700892857142858
13 0.6261160714285714 0.5959821428571429 0.09151785714285714 0.06696428571428571
13 0.5279017857142857 0.5368303571428571 0.09151785714285714 0.07254464285714286
13 0.27455357142857145 0.28348214285714285 0.09375 0.06919642857142858
13 0.3560267857142857 0.3125 0.09375 0.07254464285714286
13 0.41517857142857145 0.36941964285714285 0.09151785714285714 0.06473214285714286
13 0.24553571428571427 0.5479910714285714 0.09151785714285714 0.06473214285714286
13 0.22098214285714285 0.6160714285714286 0.09598214285714286 0.06919642857142858
13 0.6261160714285714 0.22321428571428573 0.07700892857142858 0.0625
5 0.90625 0.40848214285714285 0.09375 0.07924107142857142
13 0.5758928571428571 0.7511160714285714 0.08928571428571429 0.07254464285714286
13 0.5223214285714286 0.8102678571428571 0.08705357142857142 0.07254464285714286
13 0.5323660714285714 0.9241071428571429 0.09151785714285714 0.07477678571428571
13 0.9073660714285714 0.49330357142857145 0.08928571428571429 0.06696428571428571
13 0.7165178571428571 0.6037946428571429 0.09151785714285714 0.07700892857142858
11 0.38392857142857145 0.8962053571428571 0.09821428571428571 0.06696428571428571