18 0.22209821428571427 0.6060267857142857 0.11272321428571429 0.07700892857142858
18 0.7689732142857143 0.7868303571428571 0.09598214285714286 0.060267857142857144
8 0.0625 0.5558035714285714 0.11272321428571429 0.07700892857142858
19 0.5290178571428571 0.9274553571428571 0.17522321428571427 0.14397321428571427
13 0.6618303571428571 0.5357142857142857 0.10602678571428571 0.08370535714285714
13 0.7008928571428571 0.7366071428571429 0.08705357142857142 0.06696428571428571
17 0.6004464285714286 0.8337053571428571 0.09598214285714286 0.07700892857142858
13 0.43191964285714285 0.5357142857142857 0.09598214285714286 0.06696428571428571
13 0.43973214285714285 0.6573660714285714 0.09598214285714286 0.07700892857142858
13 0.5089285714285714 0.7087053571428571 0.10044642857142858 0.08705357142857142
13 0.37611607142857145 0.47098214285714285 0.10044642857142858 0.07924107142857142
13 0.2689732142857143 0.42745535714285715 0.09375 0.06696428571428571
13 0.35379464285714285 0.36160714285714285 0.09598214285714286 0.08147321428571429
13 0.5145089285714286 0.33482142857142855 0.10044642857142858 0.08147321428571429
13 0.39620535714285715 0.2924107142857143 0.09151785714285714 0.06696428571428571
13 0.33816964285714285 0.11049107142857142 0.12053571428571429 0.08705357142857142
13 0.29464285714285715 0.19084821428571427 0.09598214285714286 0.07254464285714286
13 0.16071428571428573 0.24107142857142858 0.10044642857142858 0.08147321428571429
13 0.7321428571428571 0.14955357142857142 0.10044642857142858 0.07924107142857142
13 0.6707589285714286 0.08705357142857142 0.10602678571428571 0.07254464285714286
13 0.9497767857142857 0.5524553571428571 0.09598214285714286 0.08147321428571429
13 0.890625 0.4966517857142857 0.09151785714285714 0.07254464285714286
13 0.7845982142857143 0.5959821428571429 0.08147321428571429 0.07254464285714286
17 0.14508928571428573 0.9363839285714286 0.10825892857142858 0.08705357142857142