3 0.15401785714285715 0.21428571428571427 0.3080357142857143 0.42745535714285715
9 0.6149553571428571 0.15848214285714285 0.6104910714285714 0.3169642857142857
9 0.22098214285714285 0.7053571428571429 0.17299107142857142 0.35379464285714285
13 0.8772321428571429 0.9229910714285714 0.24553571428571427 0.15401785714285715
13 0.8169642857142857 0.8493303571428571 0.22321428571428573 0.2622767857142857
13 0.9084821428571429 0.6049107142857143 0.18303571428571427 0.15178571428571427
13 0.48549107142857145 0.5636160714285714 0.29799107142857145 0.06919642857142858
3 0.5379464285714286 0.890625 0.46205357142857145 0.21875
13 0.34263392857142855 0.6875 0.06919642857142858 0.2689732142857143
13 0.4799107142857143 0.6863839285714286 0.25 0.23325892857142858
13 0.7042410714285714 0.6383928571428571 0.27901785714285715 0.21875