10 0.11160714285714286 0.40736607142857145 0.17522321428571427 0.28125
0 0.5904017857142857 0.15736607142857142 0.48325892857142855 0.31473214285714285
13 0.14955357142857142 0.6919642857142857 0.10044642857142858 0.27455357142857145
12 0.1640625 0.9609375 0.06919642857142858 0.078125
13 0.07366071428571429 0.9129464285714286 0.14620535714285715 0.17299107142857142
13 0.06584821428571429 0.6975446428571429 0.13169642857142858 0.24553571428571427
13 0.33035714285714285 0.7276785714285714 0.2622767857142857 0.23325892857142858
13 0.7154017857142857 0.640625 0.23325892857142858 0.18526785714285715
12 0.8683035714285714 0.8415178571428571 0.10044642857142858 0.10379464285714286
13 0.9196428571428571 0.6339285714285714 0.16071428571428573 0.17075892857142858
13 0.7410714285714286 0.7053571428571429 0.23549107142857142 0.21428571428571427
13 0.9665178571428571 0.8091517857142857 0.06696428571428571 0.21428571428571427
13 0.22098214285714285 0.8191964285714286 0.04352678571428571 0.20647321428571427
13 0.5 0.6026785714285714 0.23549107142857142 0.10825892857142858
6 0.6116071428571429 0.8794642857142857 0.4017857142857143 0.23995535714285715
13 0.30357142857142855 0.9285714285714286 0.20870535714285715 0.14174107142857142