18 0.40401785714285715 0.21875 0.09598214285714286 0.07700892857142858
18 0.25 0.18191964285714285 0.09598214285714286 0.05022321428571429
18 0.8604910714285714 0.23549107142857142 0.10044642857142858 0.06696428571428571
17 0.6763392857142857 0.18191964285714285 0.10602678571428571 0.07254464285714286
17 0.6930803571428571 0.7075892857142857 0.09598214285714286 0.07254464285714286
17 0.5200892857142857 0.9241071428571429 0.09151785714285714 0.06696428571428571
14 0.41294642857142855 0.47433035714285715 0.052455357142857144 0.05803571428571429
14 0.40513392857142855 0.28683035714285715 0.05803571428571429 0.04352678571428571
14 0.14508928571428573 0.4330357142857143 0.07924107142857142 0.04799107142857143
12 0.7533482142857143 0.041294642857142856 0.026785714285714284 0.018973214285714284
12 0.5792410714285714 0.9776785714285714 0.033482142857142856 0.026785714285714284
12 0.8258928571428571 0.5647321428571429 0.018973214285714284 0.018973214285714284
12 0.49330357142857145 0.6439732142857143 0.021205357142857144 0.014508928571428572
1 0.47544642857142855 0.5892857142857143 0.10044642857142858 0.04352678571428571
18 0.9575892857142857 0.7332589285714286 0.06696428571428571 0.0625
14 0.3091517857142857 0.78125 0.05022321428571429 0.09151785714285714
14 0.8850446428571429 0.28683035714285715 0.05803571428571429 0.033482142857142856
14 0.7433035714285714 0.7801339285714286 0.08147321428571429 0.03794642857142857
18 0.24107142857142858 0.9430803571428571 0.07254464285714286 0.08147321428571429
11 0.765625 0.15178571428571427 0.07700892857142858 0.08705357142857142
17 0.8549107142857143 0.6997767857142857 0.08705357142857142 0.06696428571428571
18 0.13392857142857142 0.8694196428571429 0.08705357142857142 0.06919642857142858
13 0.08370535714285714 0.8225446428571429 0.09151785714285714 0.07254464285714286
17 0.052455357142857144 0.15290178571428573 0.09151785714285714 0.07477678571428571
8 0.8225446428571429 0.8236607142857143 0.07700892857142858 0.0625