13 0.9776785714285714 0.5011160714285714 0.044642857142857144 0.18973214285714285
13 0.08928571428571429 0.5580357142857143 0.17745535714285715 0.21651785714285715
13 0.06584821428571429 0.09040178571428571 0.13169642857142858 0.18080357142857142
13 0.6395089285714286 0.9609375 0.24330357142857142 0.078125
13 0.9408482142857143 0.27566964285714285 0.11049107142857142 0.20424107142857142
3 0.46316964285714285 0.5089285714285714 0.47098214285714285 0.4877232142857143
13 0.24441964285714285 0.09933035714285714 0.21651785714285715 0.19196428571428573
13 0.21316964285714285 0.7511160714285714 0.20870535714285715 0.21651785714285715
13 0.5825892857142857 0.7667410714285714 0.24553571428571427 0.19977678571428573
13 0.9006696428571429 0.07924107142857142 0.19419642857142858 0.15848214285714285
13 0.8125 0.6964285714285714 0.23102678571428573 0.25223214285714285
13 0.12276785714285714 0.2924107142857143 0.22879464285714285 0.23325892857142858
13 0.609375 0.08816964285714286 0.23325892857142858 0.17522321428571427
13 0.359375 0.9040178571428571 0.22544642857142858 0.19196428571428573
13 0.9174107142857143 0.90625 0.16071428571428573 0.1875
13 0.7712053571428571 0.21986607142857142 0.22321428571428573 0.22544642857142858
13 0.8147321428571429 0.44308035714285715 0.24776785714285715 0.22544642857142858
13 0.10602678571428571 0.9162946428571429 0.21205357142857142 0.16741071428571427