15 0.4575892857142857 0.7823660714285714 0.0625 0.04352678571428571
15 0.28013392857142855 0.6595982142857143 0.06696428571428571 0.052455357142857144
15 0.31808035714285715 0.39285714285714285 0.0625 0.052455357142857144
15 0.2935267857142857 0.43861607142857145 0.06473214285714286 0.04799107142857143
15 0.3549107142857143 0.14732142857142858 0.06919642857142858 0.05803571428571429
15 0.06808035714285714 0.33035714285714285 0.06696428571428571 0.052455357142857144
15 0.15736607142857142 0.7801339285714286 0.05803571428571429 0.04575892857142857
15 0.8080357142857143 0.8314732142857143 0.0625 0.05803571428571429
15 0.8694196428571429 0.6819196428571429 0.06473214285714286 0.05803571428571429
15 0.8604910714285714 0.5848214285714286 0.06696428571428571 0.0625
15 0.7611607142857143 0.3705357142857143 0.05803571428571429 0.06696428571428571
15 0.7008928571428571 0.359375 0.06919642857142858 0.052455357142857144
15 0.6975446428571429 0.30580357142857145 0.0625 0.04575892857142857
15 0.53125 0.22544642857142858 0.08928571428571429 0.052455357142857144
15 0.4575892857142857 0.35825892857142855 0.07254464285714286 0.04799107142857143
15 0.3392857142857143 0.5747767857142857 0.07254464285714286 0.05803571428571429
15 0.9263392857142857 0.15625 0.0625 0.052455357142857144
15 0.8638392857142857 0.14955357142857142 0.0625 0.05022321428571429
15 0.9040178571428571 0.056919642857142856 0.07254464285714286 0.052455357142857144
15 0.7120535714285714 0.5122767857142857 0.07254464285714286 0.052455357142857144
8 0.31138392857142855 0.9665178571428571 0.06696428571428571 0.05580357142857143
8 0.09709821428571429 0.8247767857142857 0.07254464285714286 0.052455357142857144
8 0.20200892857142858 0.18080357142857142 0.07254464285714286 0.052455357142857144
8 0.20758928571428573 0.26674107142857145 0.07254464285714286 0.052455357142857144
8 0.6729910714285714 0.6227678571428571 0.07924107142857142 0.05580357142857143
8 0.5 0.8816964285714286 0.08147321428571429 0.05022321428571429
8 0.4029017857142857 0.5558035714285714 0.06696428571428571 0.05803571428571429
13 0.5323660714285714 0.37723214285714285 0.07700892857142858 0.05580357142857143
15 0.17633928571428573 0.06584821428571429 0.07254464285714286 0.052455357142857144
15 0.39285714285714285 0.07477678571428571 0.06919642857142858 0.052455357142857144
15 0.43861607142857145 0.12723214285714285 0.0625 0.052455357142857144
15 0.40066964285714285 0.20200892857142858 0.0625 0.04799107142857143
12 0.23214285714285715 0.5502232142857143 0.029017857142857144 0.018973214285714284
12 0.22321428571428573 0.5636160714285714 0.021205357142857144 0.018973214285714284
12 0.17410714285714285 0.5535714285714286 0.029017857142857144 0.021205357142857144
12 0.19754464285714285 0.5502232142857143 0.024553571428571428 0.018973214285714284
12 0.19754464285714285 0.5680803571428571 0.03125 0.016741071428571428
12 0.17075892857142858 0.5725446428571429 0.021205357142857144 0.016741071428571428
12 0.39285714285714285 0.16294642857142858 0.04352678571428571 0.024553571428571428
12 0.40401785714285715 0.3236607142857143 0.029017857142857144 0.024553571428571428
12 0.8191964285714286 0.9151785714285714 0.03125 0.024553571428571428
12 0.6886160714285714 0.8571428571428571 0.029017857142857144 0.018973214285714284
12 0.3872767857142857 0.8426339285714286 0.018973214285714284 0.014508928571428572
12 0.06584821428571429 0.9575892857142857 0.03125 0.021205357142857144