17 0.12611607142857142 0.5 0.08928571428571429 0.12053571428571429
7 0.43191964285714285 0.5044642857142857 0.08370535714285714 0.11049107142857142
7 0.6607142857142857 0.125 0.08705357142857142 0.12276785714285714
7 0.6216517857142857 0.7232142857142857 0.08705357142857142 0.10602678571428571
7 0.24888392857142858 0.8426339285714286 0.08370535714285714 0.10044642857142858
7 0.24776785714285715 0.7354910714285714 0.08370535714285714 0.10602678571428571
13 0.12946428571428573 0.38950892857142855 0.08928571428571429 0.11272321428571429
7 0.26450892857142855 0.5290178571428571 0.08928571428571429 0.11495535714285714
17 0.5625 0.8325892857142857 0.07924107142857142 0.11272321428571429
7 0.828125 0.8013392857142857 0.09151785714285714 0.12276785714285714
7 0.9341517857142857 0.7287946428571429 0.08928571428571429 0.12276785714285714
7 0.19308035714285715 0.9397321428571429 0.10602678571428571 0.12053571428571429
13 0.4107142857142857 0.2611607142857143 0.08370535714285714 0.10825892857142858
12 0.47544642857142855 0.5334821428571429 0.029017857142857144 0.03794642857142857
12 0.5625 0.8973214285714286 0.03571428571428571 0.05580357142857143
12 0.5881696428571429 0.9118303571428571 0.03125 0.04575892857142857
17 0.5345982142857143 0.11830357142857142 0.07924107142857142 0.11830357142857142
17 0.5457589285714286 0.37276785714285715 0.08370535714285714 0.11495535714285714
7 0.25111607142857145 0.42299107142857145 0.07477678571428571 0.10602678571428571
7 0.8660714285714286 0.4330357142857143 0.07477678571428571 0.10379464285714286
7 0.9274553571428571 0.5613839285714286 0.08147321428571429 0.11830357142857142