12 0.5245535714285714 0.09933035714285714 0.024553571428571428 0.03571428571428571
12 0.6305803571428571 0.09598214285714286 0.024553571428571428 0.03794642857142857
12 0.5290178571428571 0.22433035714285715 0.03125 0.03571428571428571
17 0.26339285714285715 0.39955357142857145 0.07254464285714286 0.08928571428571429
17 0.5558035714285714 0.5145089285714286 0.07477678571428571 0.08705357142857142
17 0.8816964285714286 0.6428571428571429 0.07254464285714286 0.09375
17 0.3002232142857143 0.9029017857142857 0.07254464285714286 0.09151785714285714
17 0.3013392857142857 0.8147321428571429 0.07477678571428571 0.10379464285714286
17 0.6975446428571429 0.14285714285714285 0.06696428571428571 0.09375
1 0.10491071428571429 0.11941964285714286 0.07254464285714286 0.08705357142857142
1 0.19196428571428573 0.07142857142857142 0.06919642857142858 0.09375
1 0.28236607142857145 0.13504464285714285 0.06473214285714286 0.08147321428571429
1 0.359375 0.36160714285714285 0.06696428571428571 0.09151785714285714
1 0.09933035714285714 0.39174107142857145 0.05803571428571429 0.08370535714285714
1 0.45424107142857145 0.5524553571428571 0.07477678571428571 0.08147321428571429
1 0.5479910714285714 0.6294642857142857 0.07477678571428571 0.08370535714285714
1 0.2767857142857143 0.234375 0.07477678571428571 0.09375
1 0.43638392857142855 0.31473214285714285 0.06696428571428571 0.09151785714285714
1 0.44419642857142855 0.15401785714285715 0.06696428571428571 0.09598214285714286
2 0.734375 0.46875 0.07254464285714286 0.08928571428571429
11 0.7957589285714286 0.5022321428571429 0.06919642857142858 0.10602678571428571
1 0.578125 0.36160714285714285 0.06473214285714286 0.08928571428571429
14 0.421875 0.921875 0.07924107142857142 0.06473214285714286
14 0.8705357142857143 0.8191964285714286 0.04352678571428571 0.07477678571428571
13 0.8258928571428571 0.4029017857142857 0.07254464285714286 0.08370535714285714
13 0.17522321428571427 0.8549107142857143 0.06473214285714286 0.08705357142857142
17 0.26450892857142855 0.9620535714285714 0.06919642857142858 0.07589285714285714