11 0.4497767857142857 0.38058035714285715 0.11272321428571429 0.07700892857142858
13 0.34933035714285715 0.49888392857142855 0.09151785714285714 0.07700892857142858
13 0.7354910714285714 0.42075892857142855 0.11272321428571429 0.07700892857142858
13 0.8627232142857143 0.26004464285714285 0.11272321428571429 0.07700892857142858
8 0.06138392857142857 0.6450892857142857 0.08928571428571429 0.06696428571428571
11 0.5625 0.3125 0.11272321428571429 0.07700892857142858
11 0.3627232142857143 0.609375 0.09151785714285714 0.0625
11 0.23549107142857142 0.036830357142857144 0.09598214285714286 0.06696428571428571
8 0.4732142857142857 0.20089285714285715 0.08928571428571429 0.0625
13 0.36160714285714285 0.08705357142857142 0.09151785714285714 0.07254464285714286
11 0.15178571428571427 0.6194196428571429 0.10602678571428571 0.0625
13 0.8549107142857143 0.49888392857142855 0.11272321428571429 0.07700892857142858
13 0.20870535714285715 0.8069196428571429 0.08928571428571429 0.06919642857142858
8 0.3638392857142857 0.8348214285714286 0.08147321428571429 0.06473214285714286
11 0.6194196428571429 0.46875 0.11272321428571429 0.07700892857142858
13 0.39285714285714285 0.23214285714285715 0.09598214285714286 0.07254464285714286
14 0.07366071428571429 0.7600446428571429 0.06919642857142858 0.05803571428571429
11 0.8214285714285714 0.09709821428571429 0.11272321428571429 0.07700892857142858
1 0.8950892857142857 0.5814732142857143 0.11272321428571429 0.07700892857142858
1 0.8113839285714286 0.5915178571428571 0.11272321428571429 0.07700892857142858
11 0.48660714285714285 0.12053571428571429 0.10044642857142858 0.0625
1 0.4330357142857143 0.6584821428571429 0.09375 0.07254464285714286
1 0.42857142857142855 0.7321428571428571 0.07477678571428571 0.07700892857142858
1 0.6785714285714286 0.22433035714285715 0.09598214285714286 0.07700892857142858
1 0.5725446428571429 0.03459821428571429 0.08370535714285714 0.06696428571428571
18 0.6919642857142857 0.15736607142857142 0.11495535714285714 0.0625
11 0.5189732142857143 0.7566964285714286 0.08928571428571429 0.07924107142857142
1 0.40513392857142855 0.29910714285714285 0.09375 0.06696428571428571
1 0.6194196428571429 0.9587053571428571 0.10379464285714286 0.0625
14 0.8560267857142857 0.9174107142857143 0.08147321428571429 0.08705357142857142
1 0.6517857142857143 0.4029017857142857 0.07254464285714286 0.07254464285714286