3 0.23102678571428573 0.28348214285714285 0.46205357142857145 0.11049107142857142
3 0.6808035714285714 0.07142857142857142 0.38504464285714285 0.14174107142857142
9 0.640625 0.2779017857142857 0.30580357142857145 0.12276785714285714
0 0.2611607142857143 0.7756696428571429 0.45089285714285715 0.4486607142857143
13 0.9899553571428571 0.7566964285714286 0.018973214285714284 0.23549107142857142
12 0.8705357142857143 0.44308035714285715 0.06696428571428571 0.07924107142857142
3 0.6417410714285714 0.6216517857142857 0.3080357142857143 0.53125
13 0.9676339285714286 0.48660714285714285 0.06473214285714286 0.24330357142857142
13 0.9073660714285714 0.38950892857142855 0.18526785714285715 0.10044642857142858
13 0.7834821428571429 0.8459821428571429 0.28125 0.26004464285714285
13 0.8638392857142857 0.6049107142857143 0.25 0.24553571428571427
13 0.6629464285714286 0.9520089285714286 0.27901785714285715 0.09598214285714286