7 0.5200892857142857 0.3392857142857143 0.08705357142857142 0.11272321428571429
7 0.48325892857142855 0.45982142857142855 0.07700892857142858 0.11272321428571429
13 0.4419642857142857 0.5435267857142857 0.07700892857142858 0.09598214285714286
17 0.41964285714285715 0.8270089285714286 0.08705357142857142 0.11495535714285714
17 0.34598214285714285 0.9196428571428571 0.08705357142857142 0.11495535714285714
17 0.5200892857142857 0.6674107142857143 0.08928571428571429 0.11272321428571429
17 0.30245535714285715 0.6227678571428571 0.09151785714285714 0.11049107142857142
17 0.17633928571428573 0.6439732142857143 0.08928571428571429 0.12723214285714285
17 0.71875 0.8180803571428571 0.09375 0.10602678571428571
13 0.7935267857142857 0.49888392857142855 0.08147321428571429 0.10825892857142858
7 0.8225446428571429 0.40848214285714285 0.08370535714285714 0.10379464285714286
7 0.71875 0.16629464285714285 0.08370535714285714 0.11049107142857142
7 0.28794642857142855 0.18415178571428573 0.09151785714285714 0.11272321428571429
7 0.12946428571428573 0.46316964285714285 0.08705357142857142 0.11830357142857142
7 0.29799107142857145 0.2924107142857143 0.07924107142857142 0.11272321428571429
13 0.6651785714285714 0.8950892857142857 0.07700892857142858 0.10825892857142858
13 0.890625 0.78125 0.08370535714285714 0.10825892857142858
12 0.6049107142857143 0.4575892857142857 0.029017857142857144 0.033482142857142856
13 0.2767857142857143 0.39285714285714285 0.09151785714285714 0.12053571428571429
18 0.32700892857142855 0.7120535714285714 0.08928571428571429 0.07924107142857142
11 0.7834821428571429 0.2611607142857143 0.07924107142857142 0.13727678571428573
5 0.3638392857142857 0.13392857142857142 0.08928571428571429 0.11272321428571429