3 0.19642857142857142 0.11049107142857142 0.39174107142857145 0.22098214285714285
13 0.7522321428571429 0.021205357142857144 0.20982142857142858 0.04241071428571429
13 0.6395089285714286 0.14732142857142858 0.26004464285714285 0.22879464285714285
13 0.8883928571428571 0.25223214285714285 0.22321428571428573 0.26004464285714285
6 0.7053571428571429 0.2857142857142857 0.39174107142857145 0.20647321428571427
13 0.03571428571428571 0.4107142857142857 0.07142857142857142 0.044642857142857144
6 0.27455357142857145 0.8169642857142857 0.47098214285714285 0.36495535714285715
13 0.060267857142857144 0.7120535714285714 0.12053571428571429 0.25
13 0.12723214285714285 0.4810267857142857 0.2544642857142857 0.18303571428571427
13 0.06919642857142858 0.9408482142857143 0.13839285714285715 0.11830357142857142
9 0.859375 0.6417410714285714 0.28125 0.5044642857142857