2 0.9029017857142857 0.2689732142857143 0.11272321428571429 0.07700892857142858
2 0.8805803571428571 0.5904017857142857 0.11272321428571429 0.07700892857142858
2 0.8582589285714286 0.859375 0.12053571428571429 0.08705357142857142
2 0.8459821428571429 0.15178571428571427 0.11272321428571429 0.07700892857142858
2 0.8069196428571429 0.45200892857142855 0.11272321428571429 0.07700892857142858
2 0.7645089285714286 0.5133928571428571 0.12053571428571429 0.08370535714285714
2 0.7935267857142857 0.8013392857142857 0.12946428571428573 0.08370535714285714
2 0.5502232142857143 0.6361607142857143 0.11272321428571429 0.07700892857142858
2 0.5256696428571429 0.71875 0.11272321428571429 0.07700892857142858
2 0.49107142857142855 0.8136160714285714 0.13504464285714285 0.09598214285714286
2 0.44308035714285715 0.8962053571428571 0.11272321428571429 0.07700892857142858
2 0.45089285714285715 0.13504464285714285 0.125 0.08147321428571429
2 0.37723214285714285 0.6763392857142857 0.11272321428571429 0.07700892857142858
2 0.3314732142857143 0.7935267857142857 0.125 0.09151785714285714
2 0.27455357142857145 0.0625 0.12276785714285714 0.08705357142857142
2 0.2533482142857143 0.8560267857142857 0.11272321428571429 0.07924107142857142
2 0.18526785714285715 0.7098214285714286 0.125 0.09151785714285714
2 0.125 0.18973214285714285 0.12723214285714285 0.09151785714285714
2 0.08035714285714286 0.5647321428571429 0.13504464285714285 0.09598214285714286
14 0.8950892857142857 0.46205357142857145 0.0625 0.05803571428571429
12 0.15401785714285715 0.9308035714285714 0.04352678571428571 0.029017857142857144