0 0.15401785714285715 0.18638392857142858 0.3080357142857143 0.37276785714285715
10 0.171875 0.10602678571428571 0.27120535714285715 0.21205357142857142
13 0.5591517857142857 0.11383928571428571 0.2611607142857143 0.22767857142857142
13 0.4877232142857143 0.10044642857142858 0.20758928571428573 0.20089285714285715
13 0.7354910714285714 0.16852678571428573 0.26450892857142855 0.25
13 0.34263392857142855 0.09375 0.06919642857142858 0.1875
13 0.3783482142857143 0.1875 0.14174107142857142 0.24553571428571427
13 0.8549107142857143 0.3158482142857143 0.22879464285714285 0.23772321428571427
13 0.9854910714285714 0.14174107142857142 0.029017857142857144 0.23549107142857142
13 0.9319196428571429 0.40736607142857145 0.13616071428571427 0.140625
6 0.5770089285714286 0.30357142857142855 0.5379464285714286 0.3482142857142857
13 0.8258928571428571 0.07142857142857142 0.22879464285714285 0.14174107142857142
0 0.15848214285714285 0.7388392857142857 0.29799107142857145 0.5212053571428571
9 0.10602678571428571 0.5926339285714286 0.21205357142857142 0.22879464285714285
13 0.4341517857142857 0.6573660714285714 0.25223214285714285 0.2767857142857143
13 0.9765625 0.7868303571428571 0.046875 0.24776785714285715
13 0.40848214285714285 0.5491071428571429 0.20200892857142858 0.14174107142857142
13 0.9419642857142857 0.8504464285714286 0.11495535714285714 0.21205357142857142
6 0.5725446428571429 0.8002232142857143 0.5100446428571429 0.39955357142857145
13 0.8482142857142857 0.9408482142857143 0.23102678571428573 0.11830357142857142