3 0.2767857142857143 0.3091517857142857 0.5524553571428571 0.2622767857142857
13 0.6975446428571429 0.4174107142857143 0.11495535714285714 0.04575892857142857
13 0.9475446428571429 0.3794642857142857 0.10491071428571429 0.12053571428571429
13 0.96875 0.12834821428571427 0.0625 0.25669642857142855
0 0.8191964285714286 0.09263392857142858 0.36049107142857145 0.18526785714285715
0 0.31138392857142855 0.6227678571428571 0.49776785714285715 0.36495535714285715
13 0.53125 0.9352678571428571 0.21651785714285715 0.12946428571428573
13 0.056919642857142856 0.890625 0.11272321428571429 0.21875
13 0.5959821428571429 0.734375 0.08705357142857142 0.25223214285714285
13 0.23660714285714285 0.9419642857142857 0.24330357142857142 0.11495535714285714
13 0.37388392857142855 0.8482142857142857 0.27120535714285715 0.24330357142857142
13 0.15066964285714285 0.7767857142857143 0.25223214285714285 0.25223214285714285
13 0.5602678571428571 0.5122767857142857 0.15848214285714285 0.14397321428571427
9 0.7220982142857143 0.625 0.16629464285714285 0.3705357142857143