7 0.5725446428571429 0.38169642857142855 0.11830357142857142 0.09151785714285714
17 0.5502232142857143 0.23772321428571427 0.10044642857142858 0.08147321428571429
17 0.44419642857142855 0.9174107142857143 0.12276785714285714 0.08370535714285714
7 0.6383928571428571 0.6629464285714286 0.11272321428571429 0.09151785714285714
7 0.11049107142857142 0.46651785714285715 0.10602678571428571 0.07700892857142858
13 0.390625 0.40401785714285715 0.10044642857142858 0.08147321428571429
7 0.8180803571428571 0.30691964285714285 0.11495535714285714 0.08928571428571429
7 0.27566964285714285 0.7511160714285714 0.11272321428571429 0.07924107142857142
7 0.11272321428571429 0.5602678571428571 0.10602678571428571 0.08147321428571429
16 0.45424107142857145 0.31808035714285715 0.11495535714285714 0.10044642857142858
7 0.5334821428571429 0.5770089285714286 0.12053571428571429 0.09151785714285714
12 0.46651785714285715 0.5680803571428571 0.03571428571428571 0.03125
12 0.2857142857142857 0.5323660714285714 0.04352678571428571 0.029017857142857144
12 0.48995535714285715 0.4029017857142857 0.033482142857142856 0.033482142857142856