13 0.38504464285714285 0.018973214285714284 0.19196428571428573 0.03794642857142857
13 0.9676339285714286 0.8091517857142857 0.060267857142857144 0.20647321428571427
13 0.7053571428571429 0.3470982142857143 0.22879464285714285 0.20424107142857142
13 0.05915178571428571 0.7645089285714286 0.11049107142857142 0.18526785714285715
0 0.5 0.546875 0.37723214285714285 0.41629464285714285
13 0.06919642857142858 0.10602678571428571 0.13839285714285715 0.20758928571428573
12 0.3470982142857143 0.31026785714285715 0.08928571428571429 0.07924107142857142
13 0.18526785714285715 0.6439732142857143 0.21428571428571427 0.22544642857142858
13 0.12276785714285714 0.9564732142857143 0.19977678571428573 0.08705357142857142
13 0.26674107142857145 0.11049107142857142 0.24553571428571427 0.22098214285714285
13 0.08258928571428571 0.42410714285714285 0.16517857142857142 0.20535714285714285
13 0.8861607142857143 0.22767857142857142 0.21651785714285715 0.21205357142857142
13 0.921875 0.5033482142857143 0.15625 0.24330357142857142
13 0.5412946428571429 0.18638392857142858 0.24776785714285715 0.16852678571428573
13 0.44642857142857145 0.9162946428571429 0.21428571428571427 0.16741071428571427