5 0.5256696428571429 0.75 0.06696428571428571 0.08705357142857142
5 0.47767857142857145 0.8839285714285714 0.06919642857142858 0.10044642857142858
5 0.18526785714285715 0.8247767857142857 0.06696428571428571 0.09375
5 0.15290178571428573 0.42299107142857145 0.06696428571428571 0.08928571428571429
5 0.8415178571428571 0.7979910714285714 0.06919642857142858 0.08928571428571429
5 0.03236607142857143 0.46986607142857145 0.0625 0.08147321428571429
5 0.25 0.23549107142857142 0.07254464285714286 0.08928571428571429
1 0.10044642857142858 0.17857142857142858 0.06696428571428571 0.09151785714285714
5 0.328125 0.32142857142857145 0.07700892857142858 0.11272321428571429
1 0.45089285714285715 0.5524553571428571 0.06696428571428571 0.08705357142857142
5 0.8839285714285714 0.3560267857142857 0.06696428571428571 0.08705357142857142
5 0.7857142857142857 0.6138392857142857 0.06696428571428571 0.09598214285714286
13 0.41964285714285715 0.625 0.060267857142857144 0.07924107142857142
13 0.7220982142857143 0.5993303571428571 0.0625 0.07254464285714286
8 0.5502232142857143 0.47767857142857145 0.05803571428571429 0.08147321428571429
13 0.5245535714285714 0.9386160714285714 0.0625 0.08147321428571429
13 0.9051339285714286 0.8604910714285714 0.05803571428571429 0.08147321428571429
8 0.6986607142857143 0.18415178571428573 0.05803571428571429 0.07700892857142858
5 0.9430803571428571 0.24330357142857142 0.0625 0.09598214285714286
5 0.9564732142857143 0.8058035714285714 0.0625 0.08147321428571429
5 0.5535714285714286 0.8683035714285714 0.06696428571428571 0.09151785714285714
13 0.125 0.5368303571428571 0.0625 0.07477678571428571
8 0.3939732142857143 0.11383928571428571 0.07700892857142858 0.11272321428571429
5 0.09821428571428571 0.3794642857142857 0.0625 0.08147321428571429
5 0.34933035714285715 0.41517857142857145 0.07700892857142858 0.11272321428571429
5 0.5669642857142857 0.11941964285714286 0.06919642857142858 0.09151785714285714
14 0.5513392857142857 0.3080357142857143 0.052455357142857144 0.052455357142857144
1 0.5948660714285714 0.6183035714285714 0.06696428571428571 0.09375
1 0.5982142857142857 0.7053571428571429 0.06473214285714286 0.09151785714285714
1 0.8314732142857143 0.18638392857142858 0.07254464285714286 0.10602678571428571
1 0.7879464285714286 0.8816964285714286 0.0625 0.07700892857142858
17 0.5970982142857143 0.9441964285714286 0.0625 0.09151785714285714
12 0.07924107142857142 0.8537946428571429 0.026785714285714284 0.029017857142857144
12 0.08928571428571429 0.6138392857142857 0.026785714285714284 0.029017857142857144
12 0.30580357142857145 0.48549107142857145 0.018973214285714284 0.029017857142857144
12 0.28125 0.45424107142857145 0.016741071428571428 0.029017857142857144
12 0.29129464285714285 0.41517857142857145 0.016741071428571428 0.029017857142857144
12 0.16964285714285715 0.16741071428571427 0.029017857142857144 0.04352678571428571
12 0.38392857142857145 0.25669642857142855 0.021205357142857144 0.03794642857142857
12 0.18415178571428573 0.04575892857142857 0.033482142857142856 0.05803571428571429
12 0.6975446428571429 0.6808035714285714 0.029017857142857144 0.033482142857142856
12 0.5535714285714286 0.6875 0.018973214285714284 0.029017857142857144
12 0.44419642857142855 0.7834821428571429 0.029017857142857144 0.029017857142857144
1 0.8392857142857143 0.49888392857142855 0.05803571428571429 0.09151785714285714