10 0.171875 0.38169642857142855 0.34375 0.47098214285714285
13 0.5412946428571429 0.5200892857142857 0.22544642857142858 0.19419642857142858
0 0.7600446428571429 0.19866071428571427 0.47544642857142855 0.39620535714285715
13 0.671875 0.5825892857142857 0.26674107142857145 0.06919642857142858
13 0.6383928571428571 0.43861607142857145 0.26004464285714285 0.2689732142857143
13 0.9263392857142857 0.5189732142857143 0.14620535714285715 0.19754464285714285
13 0.31026785714285715 0.7611607142857143 0.23549107142857142 0.22321428571428573
13 0.23883928571428573 0.6897321428571429 0.24330357142857142 0.14397321428571427
0 0.18526785714285715 0.8738839285714286 0.3705357142857143 0.25223214285714285
13 0.36830357142857145 0.9363839285714286 0.12053571428571429 0.12723214285714285
0 0.7879464285714286 0.7991071428571429 0.42299107142857145 0.3627232142857143
13 0.5424107142857143 0.7020089285714286 0.22879464285714285 0.16852678571428573