13 0.8839285714285714 0.11383928571428571 0.22321428571428573 0.22767857142857142
13 0.11941964285714286 0.5558035714285714 0.23772321428571427 0.22098214285714285
13 0.06808035714285714 0.3638392857142857 0.13504464285714285 0.24776785714285715
13 0.8325892857142857 0.052455357142857144 0.3125 0.10491071428571429
13 0.09821428571428571 0.9799107142857143 0.19642857142857142 0.03571428571428571
13 0.5725446428571429 0.21986607142857142 0.28794642857142855 0.22098214285714285
13 0.5535714285714286 0.06808035714285714 0.24330357142857142 0.13169642857142858
13 0.7053571428571429 0.7935267857142857 0.2622767857142857 0.23325892857142858
13 0.7354910714285714 0.5691964285714286 0.25 0.24330357142857142
13 0.23214285714285715 0.40736607142857145 0.24776785714285715 0.22544642857142858
13 0.6160714285714286 0.9241071428571429 0.27901785714285715 0.15178571428571427
13 0.9185267857142857 0.36160714285714285 0.15848214285714285 0.22879464285714285
0 0.48995535714285715 0.49888392857142855 0.39174107142857145 0.4185267857142857
13 0.44754464285714285 0.7857142857142857 0.23325892857142858 0.22321428571428573
13 0.7388392857142857 0.3549107142857143 0.22321428571428573 0.22879464285714285
13 0.3236607142857143 0.19196428571428573 0.25223214285714285 0.24776785714285715
13 0.09263392857142858 0.8125 0.18526785714285715 0.26450892857142855
13 0.8738839285714286 0.9196428571428571 0.24330357142857142 0.16071428571428573
13 0.28013392857142855 0.9095982142857143 0.26674107142857145 0.18080357142857142