17 0.04017857142857143 0.5613839285714286 0.07924107142857142 0.07700892857142858
17 0.16183035714285715 0.8292410714285714 0.11272321428571429 0.07924107142857142
17 0.6785714285714286 0.8582589285714286 0.11272321428571429 0.07924107142857142
17 0.7667410714285714 0.8426339285714286 0.09151785714285714 0.07924107142857142
17 0.8861607142857143 0.7131696428571429 0.11272321428571429 0.07924107142857142
17 0.7377232142857143 0.6595982142857143 0.11272321428571429 0.07924107142857142
17 0.9341517857142857 0.11607142857142858 0.09151785714285714 0.07700892857142858
17 0.9319196428571429 0.029017857142857144 0.11272321428571429 0.05803571428571429
17 0.9285714285714286 0.6395089285714286 0.11272321428571429 0.07700892857142858
17 0.04575892857142857 0.10491071428571429 0.09151785714285714 0.07700892857142858
13 0.22209821428571427 0.27120535714285715 0.11272321428571429 0.07700892857142858
13 0.17633928571428573 0.17745535714285715 0.11272321428571429 0.07700892857142858
13 0.3002232142857143 0.052455357142857144 0.11272321428571429 0.07700892857142858
13 0.7935267857142857 0.7377232142857143 0.11272321428571429 0.07924107142857142
13 0.6283482142857143 0.671875 0.11272321428571429 0.07700892857142858
13 0.8024553571428571 0.40401785714285715 0.11272321428571429 0.07700892857142858
13 0.9040178571428571 0.48660714285714285 0.11272321428571429 0.07700892857142858
13 0.9174107142857143 0.3314732142857143 0.11272321428571429 0.07700892857142858
15 0.43526785714285715 0.3158482142857143 0.11272321428571429 0.07700892857142858
17 0.48660714285714285 0.9676339285714286 0.09598214285714286 0.06473214285714286
13 0.2935267857142857 0.8537946428571429 0.11272321428571429 0.07700892857142858
8 0.24107142857142858 0.7287946428571429 0.11272321428571429 0.07700892857142858
13 0.3325892857142857 0.7767857142857143 0.11272321428571429 0.07700892857142858
17 0.34598214285714285 0.4029017857142857 0.09821428571428571 0.07700892857142858
15 0.8381696428571429 0.9419642857142857 0.09151785714285714 0.06696428571428571
2 0.8102678571428571 0.5513392857142857 0.08705357142857142 0.10044642857142858
2 0.71875 0.46763392857142855 0.06696428571428571 0.09151785714285714
11 0.26674107142857145 0.5401785714285714 0.13504464285714285 0.06696428571428571
11 0.1875 0.37276785714285715 0.12053571428571429 0.06696428571428571
15 0.8337053571428571 0.11049107142857142 0.09821428571428571 0.08705357142857142
15 0.19196428571428573 0.06473214285714286 0.09821428571428571 0.06696428571428571