13 0.31473214285714285 0.013392857142857142 0.22544642857142858 0.026785714285714284
13 0.036830357142857144 0.47433035714285715 0.07366071428571429 0.21205357142857142
13 0.46205357142857145 0.046875 0.11495535714285714 0.09375
3 0.28125 0.4375 0.47544642857142855 0.46205357142857145
13 0.06584821428571429 0.10044642857142858 0.13169642857142858 0.20089285714285715
13 0.37723214285714285 0.13392857142857142 0.25669642857142855 0.22098214285714285
13 0.046875 0.31919642857142855 0.09375 0.23995535714285715
12 0.14397321428571427 0.6495535714285714 0.06696428571428571 0.03794642857142857
13 0.8660714285714286 0.12834821428571427 0.26004464285714285 0.24776785714285715
3 0.65625 0.265625 0.27455357142857145 0.49776785714285715
13 0.8950892857142857 0.30691964285714285 0.20870535714285715 0.2622767857142857
13 0.9241071428571429 0.546875 0.15178571428571427 0.24330357142857142
13 0.6651785714285714 0.041294642857142856 0.27120535714285715 0.08147321428571429
13 0.671875 0.5725446428571429 0.2622767857142857 0.19196428571428573
3 0.7243303571428571 0.8426339285714286 0.4107142857142857 0.31473214285714285