16 0.036830357142857144 0.9352678571428571 0.06919642857142858 0.09598214285714286
16 0.11830357142857142 0.8482142857142857 0.06696428571428571 0.09598214285714286
16 0.15736607142857142 0.921875 0.07254464285714286 0.09151785714285714
16 0.140625 0.7544642857142857 0.06473214285714286 0.09375
16 0.06473214285714286 0.8247767857142857 0.05803571428571429 0.10044642857142858
16 0.3169642857142857 0.796875 0.07477678571428571 0.08705357142857142
16 0.5256696428571429 0.8805803571428571 0.07477678571428571 0.08705357142857142
16 0.7488839285714286 0.7834821428571429 0.07254464285714286 0.09151785714285714
16 0.8091517857142857 0.9542410714285714 0.06919642857142858 0.09151785714285714
16 0.40625 0.7622767857142857 0.07254464285714286 0.09598214285714286
16 0.30245535714285715 0.5591517857142857 0.06919642857142858 0.08928571428571429
16 0.14620535714285715 0.4877232142857143 0.07477678571428571 0.09821428571428571
16 0.3247767857142857 0.37611607142857145 0.0625 0.09151785714285714
16 0.6082589285714286 0.3705357142857143 0.06473214285714286 0.10044642857142858
16 0.7901785714285714 0.25558035714285715 0.0625 0.08705357142857142
16 0.7042410714285714 0.21986607142857142 0.06919642857142858 0.09598214285714286
16 0.5803571428571429 0.08928571428571429 0.06473214285714286 0.09151785714285714
16 0.5881696428571429 0.21875 0.06919642857142858 0.09598214285714286
16 0.44419642857142855 0.2544642857142857 0.06919642857142858 0.09598214285714286
16 0.9720982142857143 0.5558035714285714 0.05580357142857143 0.08705357142857142
16 0.5256696428571429 0.6082589285714286 0.06919642857142858 0.09151785714285714
5 0.6506696428571429 0.5658482142857143 0.07924107142857142 0.11272321428571429
13 0.5524553571428571 0.3247767857142857 0.06919642857142858 0.08705357142857142
13 0.828125 0.19196428571428573 0.06473214285714286 0.09151785714285714
13 0.7589285714285714 0.09151785714285714 0.06696428571428571 0.09598214285714286
16 0.6852678571428571 0.10825892857142858 0.06919642857142858 0.08705357142857142
13 0.5948660714285714 0.6506696428571429 0.06473214285714286 0.08928571428571429
13 0.37723214285714285 0.625 0.06696428571428571 0.09375
13 0.19419642857142858 0.5848214285714286 0.07477678571428571 0.10379464285714286
13 0.05022321428571429 0.5736607142857143 0.06473214285714286 0.08928571428571429
13 0.22544642857142858 0.8839285714285714 0.07477678571428571 0.09375
11 0.8716517857142857 0.6685267857142857 0.07477678571428571 0.09151785714285714
13 0.18191964285714285 0.08816964285714286 0.06919642857142858 0.08928571428571429
13 0.43191964285714285 0.0625 0.06696428571428571 0.09375
13 0.23660714285714285 0.15401785714285715 0.06919642857142858 0.09821428571428571
12 0.026785714285714284 0.8303571428571429 0.018973214285714284 0.024553571428571428