1 0.11160714285714286 0.5647321428571429 0.09151785714285714 0.07254464285714286
1 0.6194196428571429 0.7433035714285714 0.09375 0.07700892857142858
1 0.5212053571428571 0.8683035714285714 0.08705357142857142 0.06919642857142858
1 0.16964285714285715 0.8091517857142857 0.08705357142857142 0.0625
1 0.09151785714285714 0.9720982142857143 0.08370535714285714 0.05580357142857143
1 0.8292410714285714 0.390625 0.09151785714285714 0.06696428571428571
1 0.8649553571428571 0.3169642857142857 0.09151785714285714 0.07254464285714286
1 0.5959821428571429 0.24330357142857142 0.08147321428571429 0.06919642857142858
1 0.5825892857142857 0.30357142857142855 0.08705357142857142 0.05803571428571429
1 0.8136160714285714 0.6037946428571429 0.08928571428571429 0.06473214285714286
1 0.5189732142857143 0.5736607142857143 0.09821428571428571 0.06696428571428571
1 0.390625 0.6540178571428571 0.08705357142857142 0.06473214285714286
17 0.7399553571428571 0.8526785714285714 0.09151785714285714 0.07700892857142858
17 0.734375 0.7756696428571429 0.08147321428571429 0.06919642857142858
17 0.09709821428571429 0.4564732142857143 0.07700892857142858 0.05803571428571429
14 0.8091517857142857 0.7756696428571429 0.09151785714285714 0.07254464285714286
14 0.26785714285714285 0.8069196428571429 0.08705357142857142 0.06473214285714286
11 0.22767857142857142 0.296875 0.09151785714285714 0.07477678571428571
1 0.8058035714285714 0.9341517857142857 0.08147321428571429 0.07254464285714286
12 0.6049107142857143 0.9587053571428571 0.04352678571428571 0.029017857142857144
12 0.5904017857142857 0.7991071428571429 0.03794642857142857 0.029017857142857144
12 0.34375 0.7008928571428571 0.026785714285714284 0.021205357142857144
12 0.19754464285714285 0.6316964285714286 0.024553571428571428 0.029017857142857144
12 0.36049107142857145 0.5189732142857143 0.033482142857142856 0.029017857142857144
12 0.4252232142857143 0.42857142857142855 0.04799107142857143 0.029017857142857144
12 0.45200892857142855 0.34151785714285715 0.052455357142857144 0.033482142857142856
12 0.140625 0.328125 0.04352678571428571 0.024553571428571428
12 0.5089285714285714 0.18080357142857142 0.04352678571428571 0.03571428571428571
12 0.6495535714285714 0.16517857142857142 0.03794642857142857 0.03125
12 0.6785714285714286 0.15290178571428573 0.033482142857142856 0.024553571428571428
12 0.7935267857142857 0.14732142857142858 0.04352678571428571 0.033482142857142856
12 0.8995535714285714 0.29017857142857145 0.03125 0.029017857142857144
12 0.9810267857142857 0.4252232142857143 0.03794642857142857 0.033482142857142856