15 0.6540178571428571 0.3325892857142857 0.11272321428571429 0.07700892857142858
15 0.6908482142857143 0.5770089285714286 0.11272321428571429 0.07700892857142858
15 0.2611607142857143 0.9441964285714286 0.11272321428571429 0.07700892857142858
15 0.49776785714285715 0.6841517857142857 0.11272321428571429 0.07700892857142858
13 0.5814732142857143 0.6450892857142857 0.11272321428571429 0.07700892857142858
13 0.6707589285714286 0.8493303571428571 0.11272321428571429 0.07924107142857142
13 0.6595982142857143 0.9129464285714286 0.11272321428571429 0.07924107142857142
13 0.7276785714285714 0.7600446428571429 0.11272321428571429 0.07924107142857142
13 0.90625 0.6294642857142857 0.11272321428571429 0.07700892857142858
8 0.7834821428571429 0.06361607142857142 0.11272321428571429 0.07700892857142858
13 0.6060267857142857 0.08370535714285714 0.11272321428571429 0.07700892857142858
13 0.5502232142857143 0.19196428571428573 0.11272321428571429 0.07700892857142858
11 0.6082589285714286 0.7745535714285714 0.11272321428571429 0.07700892857142858
11 0.5825892857142857 0.828125 0.11272321428571429 0.07700892857142858
11 0.17075892857142858 0.546875 0.11272321428571429 0.07700892857142858
11 0.4877232142857143 0.8694196428571429 0.11272321428571429 0.07700892857142858
13 0.5658482142857143 0.8962053571428571 0.11272321428571429 0.07700892857142858
13 0.8459821428571429 0.8247767857142857 0.11272321428571429 0.07700892857142858
13 0.7667410714285714 0.5368303571428571 0.11272321428571429 0.07700892857142858
13 0.4810267857142857 0.6082589285714286 0.11272321428571429 0.07700892857142858
13 0.21651785714285715 0.21763392857142858 0.11272321428571429 0.07700892857142858
13 0.20200892857142858 0.31808035714285715 0.11272321428571429 0.07700892857142858
13 0.31808035714285715 0.30245535714285715 0.11272321428571429 0.07700892857142858
8 0.10825892857142858 0.4799107142857143 0.11272321428571429 0.07700892857142858
15 0.060267857142857144 0.43080357142857145 0.11272321428571429 0.07700892857142858
13 0.3247767857142857 0.6183035714285714 0.11272321428571429 0.07700892857142858
13 0.22433035714285715 0.6395089285714286 0.11272321428571429 0.07700892857142858
11 0.3236607142857143 0.078125 0.11272321428571429 0.07700892857142858
13 0.5189732142857143 0.09263392857142858 0.11272321428571429 0.07700892857142858
13 0.8783482142857143 0.28125 0.11272321428571429 0.07700892857142858
13 0.7466517857142857 0.37611607142857145 0.11272321428571429 0.07700892857142858
13 0.9040178571428571 0.36830357142857145 0.11272321428571429 0.07700892857142858
13 0.38950892857142855 0.4799107142857143 0.11272321428571429 0.07700892857142858
18 0.3392857142857143 0.9017857142857143 0.125 0.07254464285714286
18 0.5814732142857143 0.5524553571428571 0.07924107142857142 0.09598214285714286
14 0.6629464285714286 0.6127232142857143 0.0625 0.06696428571428571
14 0.7165178571428571 0.10267857142857142 0.11049107142857142 0.06919642857142858
12 0.3236607142857143 0.45870535714285715 0.033482142857142856 0.03794642857142857
12 0.3470982142857143 0.36160714285714285 0.029017857142857144 0.016741071428571428
12 0.9799107142857143 0.7020089285714286 0.014508928571428572 0.018973214285714284
12 0.8292410714285714 0.33035714285714285 0.026785714285714284 0.024553571428571428