3 0.265625 0.16517857142857142 0.3247767857142857 0.32924107142857145
12 0.22991071428571427 0.33035714285714285 0.08928571428571429 0.07254464285714286
13 0.022321428571428572 0.1171875 0.044642857142857144 0.234375
6 0.7924107142857143 0.11383928571428571 0.3392857142857143 0.22767857142857142
13 0.08482142857142858 0.484375 0.16964285714285715 0.23660714285714285
13 0.11830357142857142 0.8158482142857143 0.23549107142857142 0.22879464285714285
13 0.21316964285714285 0.4017857142857143 0.3247767857142857 0.06696428571428571
6 0.26339285714285715 0.5479910714285714 0.32924107142857145 0.36049107142857145
6 0.20758928571428573 0.9386160714285714 0.31473214285714285 0.12276785714285714
12 0.6350446428571429 0.5200892857142857 0.11272321428571429 0.09598214285714286
13 0.8258928571428571 0.49888392857142855 0.31473214285714285 0.2622767857142857
0 0.5881696428571429 0.7834821428571429 0.31919642857142855 0.4330357142857143
13 0.609375 0.3794642857142857 0.24776785714285715 0.024553571428571428