13 0.03459821428571429 0.29464285714285715 0.06919642857142858 0.3482142857142857
13 0.3169642857142857 0.36049107142857145 0.32254464285714285 0.21651785714285715
13 0.26004464285714285 0.060267857142857144 0.2544642857142857 0.12053571428571429
6 0.36941964285714285 0.16517857142857142 0.21875 0.32924107142857145
12 0.4888392857142857 0.03236607142857143 0.021205357142857144 0.06473214285714286
3 0.8482142857142857 0.32589285714285715 0.30245535714285715 0.2857142857142857
13 0.5959821428571429 0.38392857142857145 0.23549107142857142 0.17075892857142858
13 0.5569196428571429 0.19308035714285715 0.15625 0.26674107142857145
13 0.8013392857142857 0.13727678571428573 0.27455357142857145 0.23549107142857142
0 0.29017857142857145 0.7488839285714286 0.37723214285714285 0.5022321428571429
10 0.6662946428571429 0.6138392857142857 0.375 0.29129464285714285