15 0.26674107142857145 0.23660714285714285 0.05580357142857143 0.07477678571428571
15 0.3549107142857143 0.12834821428571427 0.052455357142857144 0.07477678571428571
15 0.4095982142857143 0.10044642857142858 0.05022321428571429 0.060267857142857144
15 0.22098214285714285 0.20758928571428573 0.052455357142857144 0.06919642857142858
15 0.036830357142857144 0.078125 0.05022321428571429 0.07477678571428571
15 0.18526785714285715 0.4877232142857143 0.05580357142857143 0.07254464285714286
15 0.07142857142857142 0.4486607142857143 0.060267857142857144 0.08928571428571429
15 0.09933035714285714 0.37611607142857145 0.0625 0.08370535714285714
15 0.08816964285714286 0.5959821428571429 0.04799107142857143 0.06919642857142858
15 0.13504464285714285 0.6104910714285714 0.05022321428571429 0.07254464285714286
15 0.16517857142857142 0.5591517857142857 0.052455357142857144 0.08147321428571429
15 0.21205357142857142 0.5435267857142857 0.052455357142857144 0.06919642857142858
15 0.390625 0.42745535714285715 0.05580357142857143 0.07254464285714286
15 0.3482142857142857 0.34375 0.05580357142857143 0.06919642857142858
15 0.48660714285714285 0.20200892857142858 0.05803571428571429 0.07700892857142858
15 0.515625 0.13727678571428573 0.060267857142857144 0.07700892857142858
15 0.625 0.203125 0.05580357142857143 0.07254464285714286
15 0.6462053571428571 0.28125 0.05803571428571429 0.06696428571428571
15 0.5513392857142857 0.45089285714285715 0.05580357142857143 0.07254464285714286
15 0.4966517857142857 0.49107142857142855 0.052455357142857144 0.06919642857142858
15 0.4095982142857143 0.6506696428571429 0.04799107142857143 0.060267857142857144
15 0.7220982142857143 0.4095982142857143 0.04799107142857143 0.06696428571428571
15 0.7723214285714286 0.40513392857142855 0.05022321428571429 0.07254464285714286
15 0.7667410714285714 0.59375 0.05022321428571429 0.06473214285714286
15 0.7020089285714286 0.5491071428571429 0.052455357142857144 0.0625
15 0.6294642857142857 0.42857142857142855 0.05803571428571429 0.07924107142857142
15 0.8448660714285714 0.7366071428571429 0.052455357142857144 0.06473214285714286
15 0.9587053571428571 0.6618303571428571 0.05580357142857143 0.07477678571428571
15 0.140625 0.7756696428571429 0.05580357142857143 0.07700892857142858
15 0.033482142857142856 0.7901785714285714 0.04575892857142857 0.06696428571428571
8 0.14285714285714285 0.9073660714285714 0.05022321428571429 0.06919642857142858
8 0.06138392857142857 0.7042410714285714 0.05803571428571429 0.06473214285714286
8 0.19866071428571427 0.34375 0.05580357142857143 0.07254464285714286
15 0.32924107142857145 0.6462053571428571 0.05803571428571429 0.07477678571428571
15 0.24330357142857142 0.6886160714285714 0.06473214285714286 0.08147321428571429
15 0.45535714285714285 0.6450892857142857 0.05022321428571429 0.07254464285714286
15 0.5959821428571429 0.7444196428571429 0.06473214285714286 0.08928571428571429
15 0.17410714285714285 0.84375 0.06473214285714286 0.08928571428571429
12 0.7087053571428571 0.7522321428571429 0.018973214285714284 0.026785714285714284
12 0.2611607142857143 0.5904017857142857 0.018973214285714284 0.029017857142857144
12 0.48325892857142855 0.7957589285714286 0.026785714285714284 0.04352678571428571
12 0.17857142857142858 0.016741071428571428 0.03125 0.033482142857142856
12 0.38392857142857145 0.14397321428571427 0.018973214285714284 0.033482142857142856
12 0.4330357142857143 0.26450892857142855 0.018973214285714284 0.026785714285714284