3 0.12946428571428573 0.060267857142857144 0.23995535714285715 0.12053571428571429
13 0.8158482142857143 0.28683035714285715 0.23772321428571427 0.06473214285714286
13 0.44419642857142855 0.28348214285714285 0.20647321428571427 0.07254464285714286
13 0.8225446428571429 0.09709821428571429 0.23102678571428573 0.19419642857142858
13 0.46986607142857145 0.11607142857142858 0.19754464285714285 0.20424107142857142
13 0.6361607142857143 0.22991071428571427 0.23325892857142858 0.18080357142857142
13 0.9575892857142857 0.08482142857142858 0.08035714285714286 0.16964285714285715
6 0.6417410714285714 0.044642857142857144 0.4419642857142857 0.08928571428571429
13 0.03459821428571429 0.9609375 0.06919642857142858 0.078125
13 0.19866071428571427 0.8928571428571429 0.10379464285714286 0.20424107142857142
6 0.036830357142857144 0.5479910714285714 0.07366071428571429 0.4575892857142857
13 0.17633928571428573 0.44419642857142855 0.14620535714285715 0.25
13 0.09040178571428571 0.8872767857142857 0.18080357142857142 0.21205357142857142
13 0.16183035714285715 0.7232142857142857 0.17522321428571427 0.21651785714285715
10 0.7198660714285714 0.7366071428571429 0.53125 0.5267857142857143