15 0.3794642857142857 0.3939732142857143 0.06473214285714286 0.10044642857142858
15 0.6194196428571429 0.04799107142857143 0.07924107142857142 0.09598214285714286
13 0.48214285714285715 0.044642857142857144 0.06919642857142858 0.08928571428571429
13 0.8493303571428571 0.6495535714285714 0.060267857142857144 0.09151785714285714
13 0.13839285714285715 0.6551339285714286 0.0625 0.08370535714285714
13 0.5323660714285714 0.2611607142857143 0.08370535714285714 0.10379464285714286
8 0.13616071428571427 0.45424107142857145 0.06696428571428571 0.08705357142857142
13 0.4732142857142857 0.7310267857142857 0.07700892857142858 0.09151785714285714
8 0.6383928571428571 0.28013392857142855 0.06919642857142858 0.08928571428571429
8 0.7165178571428571 0.20870535714285715 0.06919642857142858 0.09151785714285714
8 0.5881696428571429 0.5111607142857143 0.06473214285714286 0.09151785714285714