13 0.9575892857142857 0.3794642857142857 0.07924107142857142 0.23772321428571427
13 0.9073660714285714 0.04799107142857143 0.18080357142857142 0.09598214285714286
12 0.6841517857142857 0.04575892857142857 0.07254464285714286 0.06473214285714286
13 0.40066964285714285 0.056919642857142856 0.23995535714285715 0.11272321428571429
13 0.7075892857142857 0.7566964285714286 0.2622767857142857 0.27120535714285715
3 0.5011160714285714 0.49107142857142855 0.45200892857142855 0.46651785714285715
13 0.12388392857142858 0.29129464285714285 0.24330357142857142 0.28348214285714285
13 0.7589285714285714 0.16629464285714285 0.25 0.23772321428571427
13 0.29129464285714285 0.7455357142857143 0.23549107142857142 0.21875
13 0.32254464285714285 0.19977678571428573 0.2622767857142857 0.21875
13 0.13950892857142858 0.5357142857142857 0.22879464285714285 0.22321428571428573
13 0.8995535714285714 0.6439732142857143 0.19196428571428573 0.22544642857142858
13 0.8314732142857143 0.45089285714285715 0.21428571428571427 0.20647321428571427
13 0.421875 0.9084821428571429 0.23325892857142858 0.18303571428571427
13 0.18638392857142858 0.90625 0.23995535714285715 0.1875