10 0.3158482142857143 0.2533482142857143 0.34375 0.43080357142857145
13 0.8158482142857143 0.41294642857142855 0.21428571428571427 0.17745535714285715
13 0.9441964285714286 0.21428571428571427 0.11049107142857142 0.26450892857142855
13 0.78125 0.5055803571428571 0.20200892857142858 0.10379464285714286
12 0.7845982142857143 0.18638392857142858 0.09151785714285714 0.08370535714285714
6 0.5904017857142857 0.15736607142857142 0.20424107142857142 0.31473214285714285
13 0.9274553571428571 0.47879464285714285 0.14397321428571427 0.15848214285714285
13 0.7611607142857143 0.08370535714285714 0.20089285714285715 0.16741071428571427
13 0.296875 0.8772321428571429 0.24776785714285715 0.22321428571428573
13 0.4419642857142857 0.9419642857142857 0.09151785714285714 0.11495535714285714
13 0.33705357142857145 0.8214285714285714 0.22098214285714285 0.22879464285714285
6 0.11049107142857142 0.8995535714285714 0.22098214285714285 0.20089285714285715
10 0.8002232142857143 0.8225446428571429 0.39955357142857145 0.3549107142857143