16 0.8805803571428571 0.6908482142857143 0.08705357142857142 0.06919642857142858
16 0.7064732142857143 0.7767857142857143 0.08928571428571429 0.07700892857142858
16 0.8883928571428571 0.8738839285714286 0.09375 0.07254464285714286
16 0.65625 0.9587053571428571 0.10044642857142858 0.06696428571428571
16 0.6897321428571429 0.5970982142857143 0.09151785714285714 0.06919642857142858
16 0.6149553571428571 0.45200892857142855 0.08705357142857142 0.06473214285714286
16 0.7868303571428571 0.29799107142857145 0.11272321428571429 0.07700892857142858
16 0.9006696428571429 0.32254464285714285 0.09598214285714286 0.07254464285714286
16 0.6752232142857143 0.12946428571428573 0.09151785714285714 0.06696428571428571
16 0.5948660714285714 0.06361607142857142 0.09375 0.06919642857142858
16 0.45089285714285715 0.15066964285714285 0.08928571428571429 0.06473214285714286
16 0.5 0.37388392857142855 0.09821428571428571 0.07477678571428571
16 0.39174107142857145 0.42075892857142855 0.09598214285714286 0.07254464285714286
16 0.17857142857142858 0.5401785714285714 0.09151785714285714 0.06473214285714286
16 0.08147321428571429 0.5223214285714286 0.09598214285714286 0.07477678571428571
16 0.04799107142857143 0.4486607142857143 0.08705357142857142 0.0625
16 0.09709821428571429 0.375 0.08705357142857142 0.07254464285714286
16 0.11830357142857142 0.31026785714285715 0.09375 0.05803571428571429
16 0.036830357142857144 0.28348214285714285 0.07366071428571429 0.06696428571428571
16 0.03794642857142857 0.9308035714285714 0.07589285714285714 0.06696428571428571
16 0.07366071428571429 0.8616071428571429 0.10825892857142858 0.07254464285714286
16 0.3404017857142857 0.84375 0.09375 0.0625
16 0.44308035714285715 0.8638392857142857 0.09598214285714286 0.06696428571428571
16 0.30580357142857145 0.4642857142857143 0.09598214285714286 0.06696428571428571
13 0.5982142857142857 0.5714285714285714 0.08370535714285714 0.0625
13 0.40736607142857145 0.5658482142857143 0.09821428571428571 0.07924107142857142
13 0.17633928571428573 0.6551339285714286 0.09375 0.07477678571428571
13 0.04575892857142857 0.7622767857142857 0.08705357142857142 0.06473214285714286
13 0.6897321428571429 0.42075892857142855 0.11272321428571429 0.07700892857142858
15 0.7801339285714286 0.6060267857142857 0.07700892857142858 0.06696428571428571
16 0.3325892857142857 0.7232142857142857 0.08705357142857142 0.06919642857142858
13 0.7678571428571429 0.45870535714285715 0.08928571428571429 0.06473214285714286
13 0.8113839285714286 0.53125 0.09151785714285714 0.06696428571428571
13 0.8962053571428571 0.7801339285714286 0.09151785714285714 0.07254464285714286
16 0.7154017857142857 0.34486607142857145 0.11272321428571429 0.07700892857142858
5 0.6160714285714286 0.7801339285714286 0.11272321428571429 0.07700892857142858
13 0.5357142857142857 0.5122767857142857 0.09151785714285714 0.06473214285714286
5 0.609375 0.38504464285714285 0.09821428571428571 0.06696428571428571
16 0.7689732142857143 0.07700892857142858 0.09151785714285714 0.06919642857142858
13 0.38504464285714285 0.7868303571428571 0.09151785714285714 0.06696428571428571
13 0.33816964285714285 0.6517857142857143 0.08705357142857142 0.0625
13 0.6283482142857143 0.8694196428571429 0.10044642857142858 0.07254464285714286
16 0.4419642857142857 0.6473214285714286 0.09598214285714286 0.06696428571428571
11 0.5022321428571429 0.6997767857142857 0.11272321428571429 0.07700892857142858
12 0.5814732142857143 0.6908482142857143 0.033482142857142856 0.024553571428571428
12 0.20089285714285715 0.5 0.026785714285714284 0.018973214285714284
16 0.7767857142857143 0.7834821428571429 0.024553571428571428 0.016741071428571428