13 0.052455357142857144 0.6908482142857143 0.10491071428571429 0.2611607142857143
13 0.7053571428571429 0.9787946428571429 0.26785714285714285 0.04241071428571429
13 0.36830357142857145 0.04352678571428571 0.26450892857142855 0.08705357142857142
13 0.09821428571428571 0.36830357142857145 0.19642857142857142 0.21875
13 0.15178571428571427 0.09151785714285714 0.23102678571428573 0.18303571428571427
12 0.28794642857142855 0.15290178571428573 0.08928571428571429 0.09598214285714286
13 0.9207589285714286 0.11941964285714286 0.15401785714285715 0.23772321428571427
13 0.703125 0.7444196428571429 0.23995535714285715 0.23772321428571427
13 0.8761160714285714 0.9151785714285714 0.24330357142857142 0.16964285714285715
13 0.47098214285714285 0.7678571428571429 0.25223214285714285 0.22098214285714285
13 0.7433035714285714 0.12276785714285714 0.23549107142857142 0.23995535714285715
13 0.31808035714285715 0.29799107142857145 0.24776785714285715 0.22098214285714285
13 0.5435267857142857 0.09375 0.22098214285714285 0.18303571428571427
0 0.49776785714285715 0.49441964285714285 0.36830357142857145 0.3560267857142857
13 0.2533482142857143 0.8984375 0.24330357142857142 0.203125
13 0.22433035714285715 0.5055803571428571 0.23325892857142858 0.23549107142857142
13 0.7645089285714286 0.4330357142857143 0.23995535714285715 0.23325892857142858
13 0.48660714285714285 0.9285714285714286 0.25669642857142855 0.14174107142857142
13 0.19866071428571427 0.7053571428571429 0.22098214285714285 0.20870535714285715