3 0.24330357142857142 0.21875 0.3125 0.4375
12 0.7879464285714286 0.4642857142857143 0.08705357142857142 0.04799107142857143
13 0.9341517857142857 0.37611607142857145 0.13169642857142858 0.22321428571428573
6 0.7667410714285714 0.26785714285714285 0.22879464285714285 0.3314732142857143
13 0.6584821428571429 0.09598214285714286 0.19754464285714285 0.19196428571428573
13 0.9229910714285714 0.021205357142857144 0.15401785714285715 0.04241071428571429
13 0.44419642857142855 0.39620535714285715 0.09151785714285714 0.18303571428571427
13 0.5334821428571429 0.29464285714285715 0.2689732142857143 0.30580357142857145
13 0.9241071428571429 0.15625 0.15178571428571427 0.2544642857142857
13 0.6629464285714286 0.46205357142857145 0.1875 0.052455357142857144
13 0.47544642857142855 0.07366071428571429 0.15401785714285715 0.14620535714285715
13 0.36495535714285715 0.6004464285714286 0.06696428571428571 0.21205357142857142
3 0.15625 0.75 0.3125 0.4185267857142857
13 0.35825892857142855 0.7689732142857143 0.08147321428571429 0.23549107142857142
13 0.11272321428571429 0.5212053571428571 0.22544642857142858 0.06696428571428571
13 0.8337053571428571 0.5044642857142857 0.22098214285714285 0.033482142857142856
13 0.9665178571428571 0.5245535714285714 0.06696428571428571 0.07254464285714286
13 0.4955357142857143 0.5133928571428571 0.19196428571428573 0.05022321428571429
13 0.8058035714285714 0.7232142857142857 0.26004464285714285 0.23995535714285715
13 0.45089285714285715 0.7935267857142857 0.10379464285714286 0.22544642857142858
13 0.9575892857142857 0.7087053571428571 0.08370535714285714 0.23549107142857142
3 0.6618303571428571 0.8794642857142857 0.4252232142857143 0.23995535714285715
13 0.9285714285714286 0.9084821428571429 0.14174107142857142 0.18303571428571427