18 0.19308035714285715 0.2533482142857143 0.05022321428571429 0.09375
18 0.24553571428571427 0.28348214285714285 0.060267857142857144 0.15625
18 0.20758928571428573 0.7801339285714286 0.05022321428571429 0.09375
18 0.8705357142857143 0.5412946428571429 0.09598214285714286 0.07924107142857142
14 0.5580357142857143 0.625 0.041294642857142856 0.06696428571428571
14 0.6037946428571429 0.6049107142857143 0.06473214285714286 0.07254464285714286
14 0.6439732142857143 0.578125 0.05803571428571429 0.06919642857142858
14 0.7935267857142857 0.6517857142857143 0.04799107142857143 0.07254464285714286
14 0.8883928571428571 0.38392857142857145 0.07254464285714286 0.07254464285714286
14 0.8247767857142857 0.11272321428571429 0.04799107142857143 0.09151785714285714
14 0.7622767857142857 0.15401785714285715 0.052455357142857144 0.07700892857142858
14 0.7198660714285714 0.11049107142857142 0.03794642857142857 0.060267857142857144
14 0.47767857142857145 0.08482142857142858 0.05580357142857143 0.09151785714285714
14 0.12723214285714285 0.2857142857142857 0.060267857142857144 0.05803571428571429
14 0.022321428571428572 0.32142857142857145 0.03571428571428571 0.06919642857142858
14 0.22209821428571427 0.484375 0.052455357142857144 0.04575892857142857
14 0.09598214285714286 0.6975446428571429 0.04799107142857143 0.05803571428571429
14 0.15066964285714285 0.6729910714285714 0.04799107142857143 0.05803571428571429
19 0.65625 0.45089285714285715 0.11830357142857142 0.14397321428571427
12 0.11607142857142858 0.04799107142857143 0.029017857142857144 0.03125
12 0.5859375 0.9787946428571429 0.029017857142857144 0.04241071428571429
12 0.033482142857142856 0.25111607142857145 0.026785714285714284 0.041294642857142856
18 0.9542410714285714 0.16517857142857142 0.06473214285714286 0.10379464285714286
12 0.9430803571428571 0.5167410714285714 0.029017857142857144 0.03794642857142857
11 0.27232142857142855 0.060267857142857144 0.08928571428571429 0.07477678571428571