15 0.024553571428571428 0.5736607142857143 0.04799107142857143 0.07924107142857142
15 0.024553571428571428 0.7276785714285714 0.04799107142857143 0.11272321428571429
15 0.07589285714285714 0.6194196428571429 0.0625 0.09598214285714286
15 0.14285714285714285 0.4877232142857143 0.052455357142857144 0.08147321428571429
15 0.16071428571428573 0.5457589285714286 0.0625 0.08147321428571429
15 0.265625 0.33035714285714285 0.05803571428571429 0.07700892857142858
15 0.37388392857142855 0.2611607142857143 0.07924107142857142 0.11272321428571429
15 0.22879464285714285 0.5870535714285714 0.05803571428571429 0.06919642857142858
15 0.23772321428571427 0.6674107142857143 0.06473214285714286 0.09375
15 0.34151785714285715 0.5881696428571429 0.060267857142857144 0.07924107142857142
15 0.15290178571428573 0.09933035714285714 0.07700892857142858 0.11272321428571429
15 0.48214285714285715 0.20870535714285715 0.060267857142857144 0.09151785714285714
15 0.71875 0.09375 0.0625 0.08147321428571429
15 0.8102678571428571 0.203125 0.06473214285714286 0.07477678571428571
15 0.7566964285714286 0.20424107142857142 0.0625 0.08928571428571429
15 0.8102678571428571 0.34933035714285715 0.0625 0.07477678571428571
15 0.7678571428571429 0.3716517857142857 0.052455357142857144 0.07477678571428571
15 0.7142857142857143 0.40736607142857145 0.0625 0.08370535714285714
15 0.6462053571428571 0.4877232142857143 0.07924107142857142 0.11272321428571429
15 0.48549107142857145 0.4107142857142857 0.05580357142857143 0.08147321428571429
15 0.6026785714285714 0.6205357142857143 0.05580357142857143 0.08147321428571429
15 0.7611607142857143 0.6395089285714286 0.06696428571428571 0.08370535714285714
15 0.7622767857142857 0.5770089285714286 0.07924107142857142 0.11272321428571429
15 0.9006696428571429 0.53125 0.0625 0.09598214285714286
15 0.90625 0.47098214285714285 0.05803571428571429 0.07924107142857142
15 0.8895089285714286 0.7276785714285714 0.07924107142857142 0.11272321428571429
15 0.8180803571428571 0.7064732142857143 0.07924107142857142 0.11272321428571429
15 0.7600446428571429 0.8493303571428571 0.07924107142857142 0.11272321428571429
15 0.8470982142857143 0.7667410714285714 0.07924107142857142 0.11272321428571429
15 0.65625 0.8526785714285714 0.05580357142857143 0.07477678571428571
19 0.9464285714285714 0.8738839285714286 0.10714285714285714 0.140625
1 0.46316964285714285 0.8292410714285714 0.05580357142857143 0.08705357142857142
11 0.18526785714285715 0.3325892857142857 0.06919642857142858 0.07700892857142858