10 0.28683035714285715 0.3549107142857143 0.5602678571428571 0.24776785714285715
10 0.8292410714285714 0.19754464285714285 0.34151785714285715 0.3939732142857143
13 0.044642857142857144 0.7745535714285714 0.08928571428571429 0.23102678571428573
13 0.36160714285714285 0.5256696428571429 0.29575892857142855 0.09375
13 0.13727678571428573 0.8962053571428571 0.27455357142857145 0.20647321428571427
13 0.6272321428571429 0.8214285714285714 0.0625 0.2767857142857143
6 0.4375 0.7477678571428571 0.4419642857142857 0.5044642857142857
13 0.6127232142857143 0.9375 0.09151785714285714 0.125
13 0.5535714285714286 0.5424107142857143 0.20870535714285715 0.12723214285714285
13 0.14285714285714285 0.5792410714285714 0.24330357142857142 0.20200892857142858
3 0.8828125 0.6975446428571429 0.234375 0.43973214285714285