5 0.6651785714285714 0.6339285714285714 0.07924107142857142 0.11830357142857142
5 0.7555803571428571 0.35825892857142855 0.07924107142857142 0.11272321428571429
5 0.26339285714285715 0.18526785714285715 0.07700892857142858 0.11049107142857142
18 0.7879464285714286 0.07142857142857142 0.07924107142857142 0.11272321428571429
11 0.8850446428571429 0.7087053571428571 0.08147321428571429 0.09821428571428571
11 0.6808035714285714 0.41517857142857145 0.07924107142857142 0.11272321428571429
11 0.6037946428571429 0.25558035714285715 0.07924107142857142 0.11272321428571429
12 0.6707589285714286 0.5245535714285714 0.033482142857142856 0.04352678571428571
12 0.96875 0.4732142857142857 0.03794642857142857 0.04575892857142857
12 0.3091517857142857 0.32254464285714285 0.024553571428571428 0.03794642857142857
12 0.33816964285714285 0.4810267857142857 0.018973214285714284 0.03794642857142857
12 0.6227678571428571 0.8950892857142857 0.03125 0.03125
12 0.04017857142857143 0.5948660714285714 0.029017857142857144 0.03125
18 0.45870535714285715 0.32589285714285715 0.08147321428571429 0.09151785714285714
18 0.875 0.15401785714285715 0.06696428571428571 0.07254464285714286