7 0.5502232142857143 0.45535714285714285 0.12723214285714285 0.09151785714285714
7 0.6104910714285714 0.2700892857142857 0.125 0.08928571428571429
7 0.6149553571428571 0.7220982142857143 0.12053571428571429 0.09151785714285714
7 0.3013392857142857 0.5290178571428571 0.12053571428571429 0.09151785714285714
7 0.5435267857142857 0.13616071428571427 0.12053571428571429 0.09598214285714286
13 0.9263392857142857 0.7667410714285714 0.11272321428571429 0.07700892857142858
7 0.234375 0.7678571428571429 0.12053571428571429 0.09151785714285714
13 0.15290178571428573 0.25111607142857145 0.11495535714285714 0.08705357142857142
13 0.7823660714285714 0.4575892857142857 0.11049107142857142 0.08370535714285714
15 0.7053571428571429 0.8225446428571429 0.10044642857142858 0.07700892857142858
15 0.7254464285714286 0.07477678571428571 0.10602678571428571 0.07700892857142858