13 0.05133928571428571 0.5591517857142857 0.10267857142857142 0.41294642857142855
13 0.47433035714285715 0.025669642857142856 0.22544642857142858 0.05022321428571429
13 0.9720982142857143 0.484375 0.05580357142857143 0.20870535714285715
12 0.8426339285714286 0.7064732142857143 0.08370535714285714 0.07477678571428571
13 0.12611607142857142 0.8214285714285714 0.25223214285714285 0.19754464285714285
13 0.9386160714285714 0.4408482142857143 0.12276785714285714 0.25
13 0.5200892857142857 0.12388392857142858 0.28348214285714285 0.1875
13 0.7823660714285714 0.5636160714285714 0.21875 0.22098214285714285
6 0.5089285714285714 0.5022321428571429 0.36830357142857145 0.37276785714285715
13 0.8058035714285714 0.11049107142857142 0.25223214285714285 0.17745535714285715
13 0.21205357142857142 0.2779017857142857 0.28125 0.25
13 0.6495535714285714 0.27566964285714285 0.20200892857142858 0.1875