3 0.26004464285714285 0.11160714285714286 0.5189732142857143 0.22321428571428573
9 0.6796875 0.17857142857142858 0.3236607142857143 0.35714285714285715
13 0.46763392857142855 0.4375 0.10379464285714286 0.15848214285714285
12 0.39955357142857145 0.3716517857142857 0.10044642857142858 0.026785714285714284
3 0.19754464285714285 0.6741071428571429 0.3939732142857143 0.5837053571428571
3 0.3861607142857143 0.6841517857142857 0.26674107142857145 0.5558035714285714
13 0.5357142857142857 0.46986607142857145 0.033482142857142856 0.22321428571428573
3 0.8370535714285714 0.6417410714285714 0.32589285714285715 0.5111607142857143
13 0.6417410714285714 0.5145089285714286 0.24553571428571427 0.2544642857142857
13 0.8448660714285714 0.9341517857142857 0.29575892857142855 0.13169642857142858
13 0.7924107142857143 0.421875 0.25223214285714285 0.12723214285714285
13 0.6194196428571429 0.78125 0.19977678571428573 0.23995535714285715