11 0.6875 0.4375 0.07700892857142858 0.11272321428571429
11 0.33035714285714285 0.18973214285714285 0.08928571428571429 0.08370535714285714
11 0.4564732142857143 0.07700892857142858 0.06696428571428571 0.10602678571428571
11 0.13169642857142858 0.7154017857142857 0.07700892857142858 0.11272321428571429
8 0.9330357142857143 0.8191964285714286 0.0625 0.09151785714285714
13 0.19084821428571427 0.3013392857142857 0.06696428571428571 0.08705357142857142
13 0.4017857142857143 0.24776785714285715 0.07700892857142858 0.11272321428571429
13 0.7064732142857143 0.22433035714285715 0.07700892857142858 0.11272321428571429
13 0.11049107142857142 0.5970982142857143 0.07700892857142858 0.11272321428571429
11 0.18638392857142858 0.53125 0.07700892857142858 0.11272321428571429
11 0.14620535714285715 0.20647321428571427 0.07254464285714286 0.10602678571428571
13 0.7020089285714286 0.060267857142857144 0.07700892857142858 0.11272321428571429
13 0.06696428571428571 0.19308035714285715 0.07254464285714286 0.10044642857142858
13 0.8627232142857143 0.18303571428571427 0.07700892857142858 0.11272321428571429
14 0.5691964285714286 0.41517857142857145 0.07254464285714286 0.09375
2 0.13169642857142858 0.33705357142857145 0.05022321428571429 0.12946428571428573
14 0.32254464285714285 0.6975446428571429 0.06696428571428571 0.10044642857142858
11 0.5301339285714286 0.7433035714285714 0.07700892857142858 0.08705357142857142
18 0.9475446428571429 0.18415178571428573 0.07700892857142858 0.10602678571428571
14 0.20424107142857142 0.9520089285714286 0.0625 0.09598214285714286
12 0.8571428571428571 0.34933035714285715 0.03794642857142857 0.04575892857142857
11 0.40736607142857145 0.35044642857142855 0.05580357142857143 0.11495535714285714
14 0.47879464285714285 0.5178571428571429 0.06696428571428571 0.10825892857142858