13 0.8861607142857143 0.07254464285714286 0.22321428571428573 0.13950892857142858
13 0.7845982142857143 0.78125 0.24776785714285715 0.27901785714285715
13 0.5357142857142857 0.7779017857142857 0.24553571428571427 0.18973214285714285
13 0.8839285714285714 0.17522321428571427 0.22879464285714285 0.22879464285714285
13 0.14955357142857142 0.5 0.26004464285714285 0.23995535714285715
13 0.27120535714285715 0.14285714285714285 0.2544642857142857 0.23325892857142858
13 0.43861607142857145 0.9207589285714286 0.21875 0.15848214285714285
13 0.8191964285714286 0.5111607142857143 0.22321428571428573 0.24553571428571427
13 0.9073660714285714 0.9319196428571429 0.17633928571428573 0.13616071428571427
13 0.10491071428571429 0.7935267857142857 0.20870535714285715 0.24330357142857142
3 0.5011160714285714 0.49107142857142855 0.42075892857142855 0.41629464285714285