14 0.8616071428571429 0.6127232142857143 0.09598214285714286 0.05580357142857143
18 0.5747767857142857 0.46986607142857145 0.13727678571428573 0.07700892857142858
17 0.16852678571428573 0.31138392857142855 0.11495535714285714 0.08705357142857142
17 0.5892857142857143 0.07254464285714286 0.10602678571428571 0.08705357142857142
17 0.8973214285714286 0.9341517857142857 0.11495535714285714 0.08928571428571429
7 0.7622767857142857 0.41517857142857145 0.12053571428571429 0.09151785714285714
7 0.7935267857142857 0.5680803571428571 0.11272321428571429 0.07700892857142858
7 0.3158482142857143 0.3794642857142857 0.11272321428571429 0.07700892857142858
7 0.5591517857142857 0.8024553571428571 0.11272321428571429 0.07700892857142858
16 0.8939732142857143 0.5066964285714286 0.11272321428571429 0.08147321428571429
17 0.9497767857142857 0.2611607142857143 0.10044642857142858 0.08928571428571429
17 0.2857142857142857 0.8102678571428571 0.10602678571428571 0.08147321428571429