7 0.48325892857142855 0.6540178571428571 0.07700892857142858 0.11272321428571429
13 0.41964285714285715 0.24665178571428573 0.07700892857142858 0.10044642857142858
7 0.19308035714285715 0.16629464285714285 0.07700892857142858 0.10044642857142858
13 0.3560267857142857 0.6941964285714286 0.07700892857142858 0.10044642857142858
7 0.15178571428571427 0.6104910714285714 0.07700892857142858 0.11272321428571429
17 0.03459821428571429 0.6584821428571429 0.06919642857142858 0.11272321428571429
17 0.39174107142857145 0.9386160714285714 0.09375 0.11049107142857142
13 0.42410714285714285 0.7633928571428571 0.07700892857142858 0.09151785714285714
13 0.9352678571428571 0.29129464285714285 0.07700892857142858 0.09598214285714286
13 0.5189732142857143 0.07477678571428571 0.07700892857142858 0.11272321428571429
17 0.11383928571428571 0.08482142857142858 0.07924107142857142 0.10044642857142858
17 0.6573660714285714 0.9620535714285714 0.08705357142857142 0.07589285714285714
12 0.6852678571428571 0.5323660714285714 0.024553571428571428 0.033482142857142856
17 0.9107142857142857 0.9575892857142857 0.08147321428571429 0.08147321428571429