13 0.234375 0.9174107142857143 0.07700892857142858 0.11272321428571429
13 0.5680803571428571 0.41183035714285715 0.07700892857142858 0.11272321428571429
13 0.6004464285714286 0.5122767857142857 0.07700892857142858 0.11272321428571429
13 0.4419642857142857 0.7310267857142857 0.07700892857142858 0.11272321428571429
13 0.8861607142857143 0.8069196428571429 0.07700892857142858 0.11272321428571429
13 0.8002232142857143 0.8415178571428571 0.07700892857142858 0.11272321428571429
13 0.5513392857142857 0.8404017857142857 0.07700892857142858 0.11272321428571429
13 0.5011160714285714 0.8772321428571429 0.07700892857142858 0.11272321428571429
13 0.43191964285714285 0.9185267857142857 0.07700892857142858 0.11272321428571429
13 0.31919642857142855 0.9319196428571429 0.07700892857142858 0.11272321428571429
13 0.7912946428571429 0.9520089285714286 0.07700892857142858 0.09598214285714286
13 0.8638392857142857 0.9207589285714286 0.07700892857142858 0.11272321428571429
13 0.9631696428571429 0.9375 0.07254464285714286 0.11272321428571429
13 0.7667410714285714 0.7332589285714286 0.07700892857142858 0.11272321428571429
13 0.7566964285714286 0.6127232142857143 0.07700892857142858 0.11272321428571429
13 0.6908482142857143 0.7622767857142857 0.07700892857142858 0.11272321428571429
13 0.6986607142857143 0.5022321428571429 0.07700892857142858 0.11272321428571429
13 0.6395089285714286 0.5658482142857143 0.07700892857142858 0.11272321428571429
13 0.7700892857142857 0.47767857142857145 0.07700892857142858 0.11272321428571429
13 0.8816964285714286 0.43526785714285715 0.07700892857142858 0.09151785714285714
13 0.8404017857142857 0.4654017857142857 0.07700892857142858 0.11272321428571429
13 0.8136160714285714 0.23325892857142858 0.07700892857142858 0.11272321428571429
13 0.8325892857142857 0.15959821428571427 0.07700892857142858 0.11272321428571429
13 0.9006696428571429 0.08816964285714286 0.07700892857142858 0.11272321428571429
13 0.8080357142857143 0.05915178571428571 0.07700892857142858 0.09598214285714286
13 0.9542410714285714 0.04352678571428571 0.07700892857142858 0.08705357142857142
13 0.9676339285714286 0.5279017857142857 0.06473214285714286 0.11272321428571429
13 0.9676339285714286 0.6026785714285714 0.06473214285714286 0.11272321428571429
13 0.6997767857142857 0.3560267857142857 0.07254464285714286 0.09151785714285714
13 0.5502232142857143 0.2533482142857143 0.07700892857142858 0.11272321428571429
13 0.4732142857142857 0.23325892857142858 0.07700892857142858 0.11272321428571429
13 0.45200892857142855 0.03794642857142857 0.078125 0.07589285714285714
13 0.37611607142857145 0.049107142857142856 0.07700892857142858 0.09598214285714286
13 0.38504464285714285 0.39732142857142855 0.07700892857142858 0.11272321428571429
13 0.37611607142857145 0.30691964285714285 0.07700892857142858 0.11272321428571429
13 0.3627232142857143 0.21540178571428573 0.07700892857142858 0.11272321428571429
13 0.7243303571428571 0.9151785714285714 0.07700892857142858 0.11272321428571429
13 0.6316964285714286 0.4497767857142857 0.07700892857142858 0.11272321428571429
13 0.7645089285714286 0.17075892857142858 0.07700892857142858 0.11272321428571429
11 0.6841517857142857 0.17299107142857142 0.07700892857142858 0.11272321428571429
13 0.6941964285714286 0.06919642857142858 0.07700892857142858 0.10602678571428571
13 0.6004464285714286 0.044642857142857144 0.07700892857142858 0.08928571428571429
13 0.5245535714285714 0.5479910714285714 0.07700892857142858 0.11272321428571429
13 0.4564732142857143 0.4966517857142857 0.07700892857142858 0.11272321428571429
13 0.4486607142857143 0.5736607142857143 0.07700892857142858 0.11272321428571429
13 0.5033482142857143 0.45200892857142855 0.07700892857142858 0.11272321428571429
13 0.36049107142857145 0.5033482142857143 0.07700892857142858 0.11272321428571429
13 0.16741071428571427 0.375 0.07700892857142858 0.11272321428571429
13 0.17745535714285715 0.20424107142857142 0.07700892857142858 0.11272321428571429
13 0.2767857142857143 0.06473214285714286 0.07700892857142858 0.11272321428571429
13 0.13058035714285715 0.08816964285714286 0.07700892857142858 0.11272321428571429
13 0.08370535714285714 0.046875 0.07700892857142858 0.09375
13 0.09263392857142858 0.16183035714285715 0.07700892857142858 0.11272321428571429
13 0.08370535714285714 0.25892857142857145 0.07700892857142858 0.11272321428571429
13 0.14620535714285715 0.27566964285714285 0.07700892857142858 0.11272321428571429
13 0.14508928571428573 0.6875 0.07700892857142858 0.11272321428571429
13 0.09040178571428571 0.6194196428571429 0.07700892857142858 0.11272321428571429
13 0.21986607142857142 0.7700892857142857 0.07700892857142858 0.10602678571428571
13 0.14508928571428573 0.8716517857142857 0.07700892857142858 0.11272321428571429
13 0.21986607142857142 0.04017857142857143 0.07700892857142858 0.07924107142857142
13 0.03125 0.5446428571428571 0.0625 0.11272321428571429
13 0.033482142857142856 0.6194196428571429 0.06696428571428571 0.11272321428571429
13 0.8995535714285714 0.7020089285714286 0.07700892857142858 0.11272321428571429
13 0.2689732142857143 0.9620535714285714 0.078125 0.07589285714285714
8 0.4720982142857143 0.9587053571428571 0.07700892857142858 0.08147321428571429
13 0.5267857142857143 0.9609375 0.07589285714285714 0.078125
13 0.9051339285714286 0.96875 0.07700892857142858 0.0625
13 0.11160714285714286 0.9564732142857143 0.07924107142857142 0.08705357142857142
13 0.19196428571428573 0.9564732142857143 0.07700892857142858 0.08705357142857142
13 0.041294642857142856 0.7209821428571429 0.07700892857142858 0.11272321428571429
13 0.13727678571428573 0.5993303571428571 0.07700892857142858 0.11272321428571429
13 0.04017857142857143 0.4095982142857143 0.07924107142857142 0.11272321428571429
13 0.10044642857142858 0.35267857142857145 0.07700892857142858 0.11272321428571429
13 0.23102678571428573 0.46316964285714285 0.07700892857142858 0.11272321428571429
13 0.9709821428571429 0.29799107142857145 0.05803571428571429 0.11272321428571429
8 0.2533482142857143 0.27901785714285715 0.07700892857142858 0.11272321428571429
13 0.030133928571428572 0.25892857142857145 0.05803571428571429 0.11272321428571429
13 0.024553571428571428 0.15848214285714285 0.04799107142857143 0.11272321428571429
13 0.03459821428571429 0.09709821428571429 0.06696428571428571 0.11272321428571429
13 0.3794642857142857 0.11607142857142858 0.07700892857142858 0.11272321428571429
11 0.5636160714285714 0.15848214285714285 0.07700892857142858 0.11272321428571429
13 0.9553571428571429 0.37723214285714285 0.052455357142857144 0.09598214285714286
13 0.9743303571428571 0.12388392857142858 0.05022321428571429 0.11272321428571429
13 0.9720982142857143 0.21986607142857142 0.05580357142857143 0.11272321428571429
13 0.6261160714285714 0.2935267857142857 0.07700892857142858 0.11272321428571429
14 0.48214285714285715 0.6685267857142857 0.06696428571428571 0.11272321428571429
11 0.7991071428571429 0.32254464285714285 0.07700892857142858 0.07700892857142858
2 0.9508928571428571 0.6752232142857143 0.06919642857142858 0.09821428571428571
11 0.8292410714285714 0.5814732142857143 0.07700892857142858 0.11272321428571429
13 0.5881696428571429 0.71875 0.07700892857142858 0.11272321428571429
13 0.6417410714285714 0.8247767857142857 0.07700892857142858 0.11272321428571429
11 0.4497767857142857 0.34598214285714285 0.07700892857142858 0.11272321428571429
13 0.5122767857142857 0.7589285714285714 0.07700892857142858 0.11272321428571429
14 0.42410714285714285 0.8348214285714286 0.07924107142857142 0.09151785714285714
14 0.37611607142857145 0.8024553571428571 0.07477678571428571 0.09375
8 0.36830357142857145 0.6026785714285714 0.07700892857142858 0.11272321428571429
13 0.31808035714285715 0.6618303571428571 0.07700892857142858 0.11272321428571429
11 0.12611607142857142 0.5133928571428571 0.07700892857142858 0.08928571428571429
11 0.09486607142857142 0.4564732142857143 0.07700892857142858 0.11272321428571429
13 0.4486607142857143 0.13616071428571427 0.07700892857142858 0.11272321428571429
13 0.30691964285714285 0.14174107142857142 0.07700892857142858 0.11272321428571429
13 0.23995535714285715 0.12834821428571427 0.07700892857142858 0.11272321428571429
13 0.15625 0.7723214285714286 0.07700892857142858 0.11272321428571429
13 0.07924107142857142 0.7935267857142857 0.07700892857142858 0.11272321428571429
13 0.8805803571428571 0.6138392857142857 0.07700892857142858 0.11272321428571429
13 0.6395089285714286 0.12276785714285714 0.07700892857142858 0.11272321428571429
18 0.31919642857142855 0.7678571428571429 0.07700892857142858 0.11272321428571429
11 0.24441964285714285 0.36941964285714285 0.07700892857142858 0.09821428571428571
13 0.27120535714285715 0.5323660714285714 0.06696428571428571 0.09598214285714286