9 0.43638392857142855 0.49776785714285715 0.46205357142857145 0.4642857142857143
13 0.9207589285714286 0.5055803571428571 0.15848214285714285 0.23325892857142858
13 0.5122767857142857 0.8370535714285714 0.25669642857142855 0.21205357142857142
13 0.7198660714285714 0.8694196428571429 0.15401785714285715 0.23772321428571427
13 0.9006696428571429 0.7790178571428571 0.19196428571428573 0.24776785714285715
13 0.7566964285714286 0.4408482142857143 0.16629464285714285 0.32254464285714285
13 0.5100446428571429 0.15513392857142858 0.25 0.20870535714285715
13 0.7533482142857143 0.13616071428571427 0.21205357142857142 0.20647321428571427
13 0.09709821428571429 0.41294642857142855 0.18303571428571427 0.33370535714285715
13 0.052455357142857144 0.13169642857142858 0.09598214285714286 0.19977678571428573
13 0.17075892857142858 0.9508928571428571 0.18080357142857142 0.09821428571428571
13 0.3627232142857143 0.9464285714285714 0.20758928571428573 0.10714285714285714