13 0.9029017857142857 0.09598214285714286 0.18526785714285715 0.19196428571428573
13 0.6886160714285714 0.13839285714285715 0.30580357142857145 0.2767857142857143
13 0.43861607142857145 0.016741071428571428 0.28794642857142855 0.033482142857142856
13 0.9095982142857143 0.984375 0.18080357142857142 0.03125
13 0.10714285714285714 0.018973214285714284 0.21428571428571427 0.03794642857142857
13 0.5412946428571429 0.9765625 0.265625 0.046875
12 0.19977678571428573 0.18861607142857142 0.07924107142857142 0.07477678571428571
13 0.06808035714285714 0.7488839285714286 0.13504464285714285 0.20870535714285715
13 0.8895089285714286 0.5345982142857143 0.21205357142857142 0.24776785714285715
13 0.7220982142857143 0.09709821428571429 0.18526785714285715 0.18526785714285715
12 0.11272321428571429 0.6283482142857143 0.10379464285714286 0.08147321428571429
3 0.5033482142857143 0.5022321428571429 0.43526785714285715 0.42745535714285715
13 0.8225446428571429 0.35267857142857145 0.23995535714285715 0.22544642857142858
13 0.7410714285714286 0.7354910714285714 0.21651785714285715 0.19977678571428573
13 0.7299107142857143 0.8928571428571429 0.20870535714285715 0.20870535714285715
13 0.234375 0.7589285714285714 0.23549107142857142 0.21875
13 0.4408482142857143 0.8839285714285714 0.21651785714285715 0.21205357142857142