16 0.8035714285714286 0.8638392857142857 0.07477678571428571 0.09151785714285714
16 0.8482142857142857 0.7243303571428571 0.07254464285714286 0.08705357142857142
16 0.9430803571428571 0.7310267857142857 0.07254464285714286 0.10379464285714286
16 0.8995535714285714 0.5993303571428571 0.07254464285714286 0.09598214285714286
16 0.7879464285714286 0.6830357142857143 0.0625 0.08705357142857142
16 0.9508928571428571 0.5200892857142857 0.07254464285714286 0.07700892857142858
16 0.8973214285714286 0.18080357142857142 0.06696428571428571 0.08370535714285714
16 0.7924107142857143 0.20982142857142858 0.0625 0.08705357142857142
16 0.7533482142857143 0.16071428571428573 0.06919642857142858 0.08147321428571429
16 0.6752232142857143 0.18638392857142858 0.06473214285714286 0.08705357142857142
16 0.6595982142857143 0.5848214285714286 0.06696428571428571 0.09598214285714286
16 0.6752232142857143 0.36495535714285715 0.06696428571428571 0.09151785714285714
16 0.7444196428571429 0.34486607142857145 0.06696428571428571 0.08928571428571429
16 0.43973214285714285 0.3080357142857143 0.0625 0.10044642857142858
16 0.41629464285714285 0.18973214285714285 0.06473214285714286 0.09598214285714286
16 0.32254464285714285 0.22321428571428573 0.07254464285714286 0.09151785714285714
16 0.46316964285714285 0.39955357142857145 0.06919642857142858 0.09375
16 0.31919642857142855 0.4955357142857143 0.06696428571428571 0.09598214285714286
16 0.3560267857142857 0.8325892857142857 0.07477678571428571 0.10044642857142858
16 0.42410714285714285 0.9508928571428571 0.07477678571428571 0.09598214285714286
16 0.5022321428571429 0.7131696428571429 0.06696428571428571 0.09821428571428571
16 0.390625 0.7287946428571429 0.07254464285714286 0.09598214285714286
16 0.5189732142857143 0.5926339285714286 0.06919642857142858 0.10044642857142858
16 0.5792410714285714 0.5502232142857143 0.060267857142857144 0.09821428571428571
16 0.15290178571428573 0.3002232142857143 0.06696428571428571 0.09375
16 0.13504464285714285 0.21875 0.06696428571428571 0.08705357142857142
16 0.13839285714285715 0.13839285714285715 0.07700892857142858 0.07700892857142858
16 0.05133928571428571 0.34933035714285715 0.07700892857142858 0.11272321428571429
16 0.033482142857142856 0.6607142857142857 0.0625 0.09151785714285714
16 0.07366071428571429 0.7700892857142857 0.06919642857142858 0.08705357142857142
16 0.12611607142857142 0.9185267857142857 0.07254464285714286 0.09821428571428571
16 0.7991071428571429 0.41629464285714285 0.09151785714285714 0.11049107142857142
13 0.5758928571428571 0.6696428571428571 0.06473214285714286 0.09375
11 0.6283482142857143 0.43526785714285715 0.06696428571428571 0.10602678571428571
13 0.6428571428571429 0.2845982142857143 0.06696428571428571 0.09151785714285714
16 0.9386160714285714 0.2533482142857143 0.07254464285714286 0.09151785714285714
5 0.6808035714285714 0.8928571428571429 0.07924107142857142 0.10044642857142858
5 0.15290178571428573 0.4877232142857143 0.06696428571428571 0.09151785714285714
1 0.7433035714285714 0.07700892857142858 0.06696428571428571 0.08705357142857142
12 0.22321428571428573 0.7220982142857143 0.029017857142857144 0.03794642857142857