17 0.71875 0.7098214285714286 0.07700892857142858 0.11272321428571429
17 0.9397321428571429 0.265625 0.07254464285714286 0.09821428571428571
17 0.6049107142857143 0.3013392857142857 0.07700892857142858 0.11272321428571429
17 0.8805803571428571 0.04799107142857143 0.07924107142857142 0.09598214285714286
17 0.21540178571428573 0.5714285714285714 0.07700892857142858 0.11272321428571429
17 0.12723214285714285 0.45089285714285715 0.08705357142857142 0.11272321428571429
17 0.10379464285714286 0.09151785714285714 0.07700892857142858 0.11272321428571429
17 0.27120535714285715 0.8694196428571429 0.08705357142857142 0.11495535714285714
14 0.3325892857142857 0.7589285714285714 0.06696428571428571 0.10044642857142858
13 0.19866071428571427 0.10044642857142858 0.08370535714285714 0.10602678571428571
7 0.2611607142857143 0.22209821428571427 0.07700892857142858 0.11272321428571429
17 0.30691964285714285 0.3314732142857143 0.07700892857142858 0.11272321428571429
7 0.38392857142857145 0.3158482142857143 0.07700892857142858 0.11272321428571429
13 0.3716517857142857 0.19642857142857142 0.07254464285714286 0.09821428571428571
13 0.43191964285714285 0.14732142857142858 0.06696428571428571 0.09598214285714286
7 0.5022321428571429 0.2622767857142857 0.09151785714285714 0.11495535714285714
7 0.6763392857142857 0.24107142857142858 0.07700892857142858 0.11272321428571429
13 0.7935267857142857 0.14285714285714285 0.07700892857142858 0.11272321428571429
7 0.8258928571428571 0.421875 0.08705357142857142 0.11049107142857142
11 0.7254464285714286 0.43861607142857145 0.08705357142857142 0.09598214285714286
13 0.9151785714285714 0.5424107142857143 0.07477678571428571 0.10825892857142858
13 0.9631696428571429 0.6395089285714286 0.07254464285714286 0.10825892857142858
7 0.9486607142857143 0.7488839285714286 0.08705357142857142 0.11495535714285714
13 0.8214285714285714 0.7511160714285714 0.07700892857142858 0.11272321428571429
13 0.5982142857142857 0.4877232142857143 0.07254464285714286 0.09375
13 0.47879464285714285 0.484375 0.07700892857142858 0.09598214285714286
13 0.6205357142857143 0.6305803571428571 0.07254464285714286 0.10044642857142858
13 0.6495535714285714 0.4029017857142857 0.07700892857142858 0.11272321428571429
13 0.24441964285714285 0.4720982142857143 0.07700892857142858 0.10044642857142858
13 0.15959821428571427 0.34263392857142855 0.07700892857142858 0.09598214285714286
7 0.7332589285714286 0.9073660714285714 0.07700892857142858 0.11272321428571429
11 0.6160714285714286 0.7857142857142857 0.07700892857142858 0.125
13 0.6372767857142857 0.90625 0.07700892857142858 0.11272321428571429
7 0.5502232142857143 0.6060267857142857 0.07700892857142858 0.11272321428571429
7 0.48549107142857145 0.6383928571428571 0.08705357142857142 0.12053571428571429
7 0.40625 0.5948660714285714 0.08705357142857142 0.10602678571428571
13 0.546875 0.16071428571428573 0.07700892857142858 0.09151785714285714
7 0.14620535714285715 0.671875 0.08705357142857142 0.11049107142857142
7 0.06138392857142857 0.765625 0.08370535714285714 0.12053571428571429
13 0.3392857142857143 0.9252232142857143 0.07700892857142858 0.11272321428571429
13 0.18191964285714285 0.7745535714285714 0.07924107142857142 0.10379464285714286
13 0.5457589285714286 0.7533482142857143 0.07700892857142858 0.11272321428571429