2 0.07477678571428571 0.4564732142857143 0.12053571428571429 0.08705357142857142
2 0.0625 0.15290178571428573 0.11272321428571429 0.07700892857142858
2 0.23102678571428573 0.5814732142857143 0.125 0.09151785714285714
2 0.23325892857142858 0.828125 0.11272321428571429 0.07924107142857142
2 0.2622767857142857 0.4330357142857143 0.11272321428571429 0.07700892857142858
2 0.36941964285714285 0.7377232142857143 0.12723214285714285 0.10044642857142858
2 0.37723214285714285 0.36941964285714285 0.11272321428571429 0.07700892857142858
2 0.4575892857142857 0.7399553571428571 0.11495535714285714 0.09598214285714286
2 0.6049107142857143 0.5870535714285714 0.11272321428571429 0.07700892857142858
2 0.6495535714285714 0.5212053571428571 0.11830357142857142 0.08705357142857142
2 0.6819196428571429 0.6875 0.11272321428571429 0.07700892857142858
2 0.6819196428571429 0.3783482142857143 0.11272321428571429 0.07700892857142858
2 0.7455357142857143 0.8627232142857143 0.12053571428571429 0.08370535714285714
2 0.7555803571428571 0.056919642857142856 0.11272321428571429 0.07700892857142858
2 0.8169642857142857 0.18861607142857142 0.12723214285714285 0.09151785714285714
2 0.8470982142857143 0.8392857142857143 0.11272321428571429 0.07924107142857142
2 0.9185267857142857 0.04352678571428571 0.11272321428571429 0.07700892857142858
14 0.3482142857142857 0.6205357142857143 0.09151785714285714 0.0625
12 0.6037946428571429 0.8839285714285714 0.033482142857142856 0.026785714285714284
12 0.36830357142857145 0.875 0.04799107142857143 0.033482142857142856
12 0.8058035714285714 0.41629464285714285 0.05022321428571429 0.03571428571428571
12 0.38839285714285715 0.8939732142857143 0.021205357142857144 0.024553571428571428
12 0.19084821428571427 0.9375 0.03794642857142857 0.029017857142857144
12 0.15736607142857142 0.9352678571428571 0.033482142857142856 0.024553571428571428
12 0.18080357142857142 0.9542410714285714 0.024553571428571428 0.024553571428571428