12 0.35714285714285715 0.359375 0.08705357142857142 0.08705357142857142
13 0.15401785714285715 0.25558035714285715 0.24776785714285715 0.23102678571428573
6 0.3783482142857143 0.15401785714285715 0.22879464285714285 0.3080357142857143
13 0.15290178571428573 0.6629464285714286 0.22879464285714285 0.09151785714285714
13 0.078125 0.21875 0.15625 0.23549107142857142
13 0.48325892857142855 0.033482142857142856 0.19196428571428573 0.06696428571428571
13 0.5290178571428571 0.16964285714285715 0.10044642857142858 0.30580357142857145
13 0.34598214285714285 0.5959821428571429 0.27901785714285715 0.22544642857142858
13 0.08035714285714286 0.4419642857142857 0.16071428571428573 0.24553571428571427
13 0.15178571428571427 0.07924107142857142 0.28794642857142855 0.15848214285714285
13 0.48325892857142855 0.4375 0.1875 0.2544642857142857
13 0.04017857142857143 0.6194196428571429 0.07924107142857142 0.18080357142857142
13 0.5200892857142857 0.6183035714285714 0.11830357142857142 0.18303571428571427
10 0.8404017857142857 0.28236607142857145 0.31919642857142855 0.47879464285714285
9 0.203125 0.8805803571428571 0.40625 0.23772321428571427
13 0.8683035714285714 0.9363839285714286 0.1875 0.12723214285714285
13 0.6685267857142857 0.9129464285714286 0.17745535714285715 0.17299107142857142