8 0.4955357142857143 0.06584821428571429 0.05803571428571429 0.08147321428571429
8 0.7142857142857143 0.21763392857142858 0.05803571428571429 0.09151785714285714
1 0.8191964285714286 0.056919642857142856 0.07254464285714286 0.08147321428571429
1 0.8325892857142857 0.14620535714285715 0.06696428571428571 0.09151785714285714
1 0.7165178571428571 0.7064732142857143 0.06919642857142858 0.10602678571428571
1 0.9330357142857143 0.5223214285714286 0.07254464285714286 0.09151785714285714
1 0.19419642857142858 0.125 0.0625 0.07924107142857142
1 0.07254464285714286 0.13169642857142858 0.07924107142857142 0.09598214285714286
1 0.09375 0.5457589285714286 0.07477678571428571 0.10044642857142858
1 0.35714285714285715 0.8727678571428571 0.06696428571428571 0.08147321428571429
1 0.6696428571428571 0.421875 0.06696428571428571 0.09151785714285714
12 0.4642857142857143 0.24665178571428573 0.03125 0.033482142857142856
12 0.5212053571428571 0.19196428571428573 0.024553571428571428 0.029017857142857144
12 0.5915178571428571 0.13392857142857142 0.029017857142857144 0.029017857142857144
12 0.65625 0.19866071428571427 0.018973214285714284 0.029017857142857144
12 0.6160714285714286 0.22879464285714285 0.016741071428571428 0.024553571428571428
12 0.7544642857142857 0.2767857142857143 0.024553571428571428 0.029017857142857144
12 0.6383928571428571 0.36049107142857145 0.018973214285714284 0.033482142857142856
12 0.44754464285714285 0.5111607142857143 0.024553571428571428 0.03794642857142857
12 0.5982142857142857 0.6830357142857143 0.026785714285714284 0.033482142857142856
12 0.7544642857142857 0.48660714285714285 0.018973214285714284 0.03125
12 0.7946428571428571 0.5881696428571429 0.021205357142857144 0.029017857142857144
12 0.32589285714285715 0.6216517857142857 0.018973214285714284 0.024553571428571428
12 0.3950892857142857 0.6160714285714286 0.024553571428571428 0.033482142857142856
12 0.19084821428571427 0.5245535714285714 0.029017857142857144 0.029017857142857144
12 0.2779017857142857 0.7254464285714286 0.024553571428571428 0.03125
12 0.08705357142857142 0.7712053571428571 0.021205357142857144 0.029017857142857144
12 0.24441964285714285 0.984375 0.029017857142857144 0.03125
12 0.5111607142857143 0.9642857142857143 0.021205357142857144 0.029017857142857144
12 0.4654017857142857 0.9654017857142857 0.024553571428571428 0.024553571428571428
12 0.8314732142857143 0.42075892857142855 0.024553571428571428 0.024553571428571428
12 0.96875 0.5658482142857143 0.018973214285714284 0.029017857142857144
13 0.234375 0.42745535714285715 0.06919642857142858 0.08705357142857142
13 0.3158482142857143 0.11272321428571429 0.06696428571428571 0.09151785714285714
13 0.18973214285714285 0.044642857142857144 0.06696428571428571 0.08705357142857142
13 0.5379464285714286 0.45089285714285715 0.07254464285714286 0.09375
13 0.5948660714285714 0.5055803571428571 0.0625 0.07924107142857142
13 0.6026785714285714 0.41183035714285715 0.07254464285714286 0.09151785714285714
13 0.6752232142857143 0.29575892857142855 0.0625 0.08147321428571429
13 0.6852678571428571 0.6037946428571429 0.07254464285714286 0.09598214285714286
13 0.2924107142857143 0.8058035714285714 0.06473214285714286 0.09151785714285714
13 0.23772321428571427 0.5345982142857143 0.06696428571428571 0.08705357142857142
13 0.5680803571428571 0.7276785714285714 0.0625 0.07924107142857142
1 0.8727678571428571 0.6462053571428571 0.08705357142857142 0.09375
14 0.8136160714285714 0.6540178571428571 0.052455357142857144 0.05803571428571429
1 0.9017857142857143 0.9207589285714286 0.06696428571428571 0.08147321428571429
1 0.9095982142857143 0.8158482142857143 0.06473214285714286 0.07924107142857142
1 0.32924107142857145 0.35267857142857145 0.10044642857142858 0.07254464285714286
13 0.3638392857142857 0.28013392857142855 0.07254464285714286 0.09375
13 0.42745535714285715 0.28013392857142855 0.06696428571428571 0.08147321428571429
14 0.65625 0.10267857142857142 0.07924107142857142 0.052455357142857144
13 0.4642857142857143 0.6841517857142857 0.07477678571428571 0.08705357142857142
13 0.5 0.6729910714285714 0.0625 0.08705357142857142
13 0.38839285714285715 0.5267857142857143 0.06696428571428571 0.07700892857142858
13 0.03794642857142857 0.25223214285714285 0.0625 0.08147321428571429
13 0.078125 0.4564732142857143 0.07477678571428571 0.08705357142857142
13 0.04575892857142857 0.37611607142857145 0.06696428571428571 0.09151785714285714
13 0.07366071428571429 0.7131696428571429 0.06919642857142858 0.08705357142857142
13 0.11383928571428571 0.6294642857142857 0.07700892857142858 0.09598214285714286
13 0.17745535714285715 0.7154017857142857 0.07254464285714286 0.09598214285714286