1 0.8895089285714286 0.6819196428571429 0.09151785714285714 0.06696428571428571
1 0.9430803571428571 0.5736607142857143 0.09151785714285714 0.06696428571428571
1 0.9386160714285714 0.49888392857142855 0.09151785714285714 0.07700892857142858
14 0.4185267857142857 0.5189732142857143 0.07700892857142858 0.04799107142857143
1 0.171875 0.48549107142857145 0.11272321428571429 0.05803571428571429
11 0.8761160714285714 0.033482142857142856 0.09375 0.06696428571428571
14 0.17745535714285715 0.9598214285714286 0.0625 0.07924107142857142
17 0.8080357142857143 0.6272321428571429 0.08370535714285714 0.06696428571428571
15 0.49441964285714285 0.5055803571428571 0.05803571428571429 0.04575892857142857
17 0.36830357142857145 0.15959821428571427 0.09598214285714286 0.06696428571428571
17 0.022321428571428572 0.25 0.044642857142857144 0.06696428571428571
17 0.8415178571428571 0.19866071428571427 0.08705357142857142 0.07477678571428571
17 0.8995535714285714 0.25 0.08147321428571429 0.06919642857142858
17 0.6473214285714286 0.18191964285714285 0.07700892857142858 0.06696428571428571
1 0.27455357142857145 0.46205357142857145 0.09151785714285714 0.06696428571428571
1 0.6964285714285714 0.5636160714285714 0.08705357142857142 0.06473214285714286
17 0.09151785714285714 0.022321428571428572 0.08928571428571429 0.04352678571428571
1 0.5479910714285714 0.05803571428571429 0.09598214285714286 0.060267857142857144
1 0.049107142857142856 0.10044642857142858 0.08705357142857142 0.07254464285714286
1 0.14174107142857142 0.22433035714285715 0.09151785714285714 0.07254464285714286
1 0.049107142857142856 0.43526785714285715 0.09598214285714286 0.07477678571428571
1 0.25 0.24107142857142858 0.08705357142857142 0.0625
1 0.20870535714285715 0.18861607142857142 0.09151785714285714 0.06696428571428571
1 0.34151785714285715 0.7131696428571429 0.08705357142857142 0.06473214285714286
1 0.6138392857142857 0.8180803571428571 0.08147321428571429 0.060267857142857144
1 0.6573660714285714 0.7979910714285714 0.08370535714285714 0.0625
15 0.33816964285714285 0.5691964285714286 0.07254464285714286 0.05803571428571429
15 0.9732142857142857 0.4408482142857143 0.052455357142857144 0.05803571428571429
8 0.29129464285714285 0.8783482142857143 0.07700892857142858 0.0625
8 0.3013392857142857 0.19084821428571427 0.07700892857142858 0.052455357142857144
1 0.9196428571428571 0.8370535714285714 0.08147321428571429 0.05803571428571429
15 0.9308035714285714 0.7767857142857143 0.08705357142857142 0.0625
11 0.6595982142857143 0.33482142857142855 0.09151785714285714 0.0625
1 0.36607142857142855 0.09709821428571429 0.07700892857142858 0.06473214285714286
8 0.056919642857142856 0.20982142857142858 0.07254464285714286 0.06696428571428571
5 0.7377232142857143 0.48325892857142855 0.11272321428571429 0.07700892857142858
15 0.9252232142857143 0.10267857142857142 0.08928571428571429 0.07254464285714286
15 0.13839285714285715 0.09709821428571429 0.09151785714285714 0.06919642857142858
15 0.24330357142857142 0.13727678571428573 0.08705357142857142 0.06473214285714286
13 0.25892857142857145 0.32142857142857145 0.09151785714285714 0.06696428571428571
13 0.328125 0.26674107142857145 0.08147321428571429 0.07254464285714286
13 0.4017857142857143 0.24665178571428573 0.08147321428571429 0.06473214285714286
13 0.45089285714285715 0.08928571428571429 0.08705357142857142 0.07254464285714286
13 0.5558035714285714 0.12611607142857142 0.08705357142857142 0.0625
13 0.5133928571428571 0.18973214285714285 0.09375 0.07700892857142858
13 0.7053571428571429 0.13504464285714285 0.08147321428571429 0.06696428571428571
13 0.44419642857142855 0.42299107142857145 0.09375 0.06696428571428571
13 0.17633928571428573 0.42745535714285715 0.11272321428571429 0.07700892857142858
13 0.06361607142857142 0.3560267857142857 0.08705357142857142 0.06696428571428571
13 0.08705357142857142 0.27455357142857145 0.08370535714285714 0.06696428571428571
13 0.27232142857142855 0.7589285714285714 0.10044642857142858 0.06696428571428571
15 0.23549107142857142 0.7008928571428571 0.09375 0.0625
13 0.5993303571428571 0.578125 0.08370535714285714 0.06696428571428571
13 0.6428571428571429 0.5133928571428571 0.07924107142857142 0.06473214285714286
13 0.7232142857142857 0.6930803571428571 0.07700892857142858 0.06473214285714286
13 0.6149553571428571 0.9520089285714286 0.08705357142857142 0.08147321428571429
13 0.48214285714285715 0.9229910714285714 0.08705357142857142 0.06696428571428571
13 0.44642857142857145 0.7991071428571429 0.09151785714285714 0.07254464285714286
13 0.11160714285714286 0.8917410714285714 0.08705357142857142 0.06473214285714286
13 0.12946428571428573 0.8270089285714286 0.08147321428571429 0.06473214285714286
13 0.078125 0.7433035714285714 0.08705357142857142 0.0625
13 0.11272321428571429 0.6785714285714286 0.08705357142857142 0.05803571428571429
13 0.08258928571428571 0.6238839285714286 0.08147321428571429 0.05803571428571429
11 0.2767857142857143 0.5212053571428571 0.10044642857142858 0.060267857142857144
13 0.7957589285714286 0.3404017857142857 0.08705357142857142 0.06696428571428571
13 0.7377232142857143 0.40736607142857145 0.08370535714285714 0.06473214285714286
13 0.8214285714285714 0.5212053571428571 0.09151785714285714 0.06473214285714286
13 0.7767857142857143 0.8839285714285714 0.08147321428571429 0.060267857142857144
11 0.5323660714285714 0.8683035714285714 0.10602678571428571 0.06696428571428571
13 0.7198660714285714 0.8370535714285714 0.08928571428571429 0.06696428571428571
13 0.9575892857142857 0.35267857142857145 0.08147321428571429 0.06696428571428571
1 0.19196428571428573 0.5435267857142857 0.08147321428571429 0.06473214285714286
1 0.8694196428571429 0.3794642857142857 0.09151785714285714 0.060267857142857144