15 0.9553571428571429 0.9029017857142857 0.08928571428571429 0.07924107142857142
15 0.8928571428571429 0.9185267857142857 0.09151785714285714 0.060267857142857144
15 0.8024553571428571 0.8727678571428571 0.08370535714285714 0.0625
15 0.6919642857142857 0.9408482142857143 0.08705357142857142 0.0625
15 0.7332589285714286 0.8872767857142857 0.08705357142857142 0.0625
15 0.6595982142857143 0.8694196428571429 0.08705357142857142 0.06473214285714286
15 0.7700892857142857 0.7042410714285714 0.11272321428571429 0.07700892857142858
15 0.7946428571428571 0.59375 0.08147321428571429 0.0625
15 0.7198660714285714 0.6049107142857143 0.08705357142857142 0.0625
15 0.5200892857142857 0.7767857142857143 0.11272321428571429 0.07700892857142858
15 0.48549107142857145 0.7243303571428571 0.08705357142857142 0.060267857142857144
15 0.41294642857142855 0.7243303571428571 0.08147321428571429 0.060267857142857144
15 0.3861607142857143 0.6808035714285714 0.07477678571428571 0.05580357142857143
15 0.34263392857142855 0.640625 0.09598214285714286 0.0625
15 0.3560267857142857 0.5658482142857143 0.08370535714285714 0.06696428571428571
15 0.36941964285714285 0.43638392857142855 0.11272321428571429 0.07700892857142858
15 0.4341517857142857 0.42745535714285715 0.11272321428571429 0.07700892857142858
15 0.5625 0.4375 0.11272321428571429 0.07700892857142858
15 0.6975446428571429 0.5535714285714286 0.07477678571428571 0.052455357142857144
15 0.7522321428571429 0.4955357142857143 0.11272321428571429 0.07700892857142858
15 0.9475446428571429 0.3627232142857143 0.08705357142857142 0.06473214285714286
15 0.8939732142857143 0.31808035714285715 0.09598214285714286 0.0625
15 0.7645089285714286 0.25558035714285715 0.11272321428571429 0.07700892857142858
15 0.7779017857142857 0.18861607142857142 0.11272321428571429 0.07700892857142858
15 0.65625 0.13504464285714285 0.11272321428571429 0.07700892857142858
15 0.5680803571428571 0.26674107142857145 0.11272321428571429 0.07700892857142858
15 0.36830357142857145 0.3950892857142857 0.08147321428571429 0.060267857142857144
15 0.4095982142857143 0.35379464285714285 0.08705357142857142 0.0625
15 0.4095982142857143 0.29464285714285715 0.07477678571428571 0.05803571428571429
15 0.34933035714285715 0.2622767857142857 0.09375 0.06473214285714286
15 0.39732142857142855 0.21986607142857142 0.08147321428571429 0.052455357142857144
15 0.31808035714285715 0.21651785714285715 0.08928571428571429 0.04575892857142857
15 0.4029017857142857 0.16964285714285715 0.07924107142857142 0.07254464285714286
15 0.3080357142857143 0.09486607142857142 0.07700892857142858 0.0625
15 0.15625 0.37611607142857145 0.11272321428571429 0.07700892857142858
15 0.24441964285714285 0.8560267857142857 0.11272321428571429 0.07924107142857142
15 0.21763392857142858 0.5959821428571429 0.08705357142857142 0.0625
15 0.33705357142857145 0.16964285714285715 0.09151785714285714 0.060267857142857144