15 0.21763392857142858 0.5424107142857143 0.04352678571428571 0.0625
15 0.3404017857142857 0.7198660714285714 0.052455357142857144 0.06696428571428571
15 0.6071428571428571 0.6819196428571429 0.052455357142857144 0.0625
15 0.5613839285714286 0.7064732142857143 0.04799107142857143 0.06473214285714286
15 0.8526785714285714 0.6450892857142857 0.05803571428571429 0.06919642857142858
15 0.6696428571428571 0.9319196428571429 0.052455357142857144 0.06696428571428571
15 0.21986607142857142 0.8426339285714286 0.04575892857142857 0.05803571428571429
15 0.16852678571428573 0.19196428571428573 0.05803571428571429 0.0625
15 0.31808035714285715 0.13058035714285715 0.05803571428571429 0.06473214285714286
15 0.41517857142857145 0.13950892857142858 0.0625 0.06696428571428571
15 0.6294642857142857 0.23883928571428573 0.06696428571428571 0.05803571428571429
15 0.640625 0.29910714285714285 0.052455357142857144 0.06919642857142858
15 0.6941964285714286 0.30245535714285715 0.04575892857142857 0.0625
15 0.7745535714285714 0.46875 0.052455357142857144 0.08928571428571429
15 0.6417410714285714 0.5424107142857143 0.04799107142857143 0.07254464285714286
15 0.4252232142857143 0.6607142857142857 0.05803571428571429 0.07254464285714286
15 0.84375 0.07366071428571429 0.052455357142857144 0.0625
15 0.8504464285714286 0.13616071428571427 0.05022321428571429 0.0625
15 0.9430803571428571 0.09598214285714286 0.052455357142857144 0.07254464285714286
15 0.4877232142857143 0.28794642857142855 0.052455357142857144 0.07254464285714286
8 0.033482142857142856 0.6886160714285714 0.05580357142857143 0.06696428571428571
8 0.17522321428571427 0.9029017857142857 0.052455357142857144 0.07254464285714286
8 0.8191964285714286 0.7979910714285714 0.052455357142857144 0.07254464285714286
8 0.7332589285714286 0.7924107142857143 0.052455357142857144 0.07254464285714286
8 0.37723214285714285 0.32700892857142855 0.05580357142857143 0.07924107142857142
8 0.11830357142857142 0.5 0.05022321428571429 0.08147321428571429
8 0.44419642857142855 0.5970982142857143 0.05803571428571429 0.06696428571428571
13 0.6227678571428571 0.46763392857142855 0.05580357142857143 0.07700892857142858
15 0.9341517857142857 0.8236607142857143 0.052455357142857144 0.07254464285714286
15 0.9252232142857143 0.6071428571428571 0.052455357142857144 0.06919642857142858
15 0.8727678571428571 0.5613839285714286 0.052455357142857144 0.0625
15 0.7979910714285714 0.5993303571428571 0.04799107142857143 0.0625
12 0.4497767857142857 0.7678571428571429 0.018973214285714284 0.029017857142857144
12 0.43638392857142855 0.7767857142857143 0.018973214285714284 0.021205357142857144
12 0.44642857142857145 0.8258928571428571 0.021205357142857144 0.029017857142857144
12 0.4497767857142857 0.8024553571428571 0.018973214285714284 0.024553571428571428
12 0.43191964285714285 0.8024553571428571 0.016741071428571428 0.03125
12 0.42745535714285715 0.8292410714285714 0.016741071428571428 0.021205357142857144
12 0.8370535714285714 0.6071428571428571 0.024553571428571428 0.04352678571428571
12 0.6763392857142857 0.5959821428571429 0.024553571428571428 0.029017857142857144
12 0.08482142857142858 0.18080357142857142 0.024553571428571428 0.03125
12 0.14285714285714285 0.31138392857142855 0.018973214285714284 0.029017857142857144
12 0.15736607142857142 0.6127232142857143 0.014508928571428572 0.018973214285714284
12 0.04241071428571429 0.9341517857142857 0.021205357142857144 0.03125