7 0.44419642857142855 0.47879464285714285 0.125 0.09598214285714286
17 0.40848214285714285 0.6116071428571429 0.11049107142857142 0.09151785714285714
17 0.7220982142857143 0.6395089285714286 0.11495535714285714 0.08928571428571429
17 0.8727678571428571 0.4486607142857143 0.12053571428571429 0.08705357142857142
17 0.5122767857142857 0.22991071428571427 0.12053571428571429 0.08705357142857142
7 0.7957589285714286 0.38504464285714285 0.12053571428571429 0.10044642857142858
11 0.31361607142857145 0.060267857142857144 0.12946428571428573 0.08370535714285714
14 0.31919642857142855 0.515625 0.08705357142857142 0.07700892857142858
13 0.7555803571428571 0.5290178571428571 0.10602678571428571 0.08147321428571429
7 0.35267857142857145 0.18191964285714285 0.11049107142857142 0.08370535714285714
11 0.23325892857142858 0.3861607142857143 0.12946428571428573 0.08928571428571429
18 0.6216517857142857 0.18973214285714285 0.11049107142857142 0.09375
12 0.5 0.5613839285714286 0.04575892857142857 0.029017857142857144
12 0.31361607142857145 0.7098214285714286 0.04352678571428571 0.03125