15 0.3325892857142857 0.34598214285714285 0.07700892857142858 0.11272321428571429
15 0.5770089285714286 0.3091517857142857 0.07700892857142858 0.11272321428571429
15 0.9441964285714286 0.7388392857142857 0.07700892857142858 0.11272321428571429
15 0.6841517857142857 0.5022321428571429 0.07700892857142858 0.11272321428571429
13 0.6450892857142857 0.4185267857142857 0.07700892857142858 0.11272321428571429
13 0.8493303571428571 0.32924107142857145 0.07700892857142858 0.11272321428571429
13 0.9129464285714286 0.3404017857142857 0.07700892857142858 0.11272321428571429
13 0.7600446428571429 0.27232142857142855 0.07700892857142858 0.11272321428571429
13 0.6294642857142857 0.09375 0.07700892857142858 0.11272321428571429
8 0.06361607142857142 0.21651785714285715 0.07700892857142858 0.11272321428571429
13 0.08370535714285714 0.3939732142857143 0.07700892857142858 0.11272321428571429
13 0.19196428571428573 0.4497767857142857 0.07700892857142858 0.11272321428571429
11 0.7745535714285714 0.39174107142857145 0.07700892857142858 0.11272321428571429
11 0.828125 0.4174107142857143 0.07700892857142858 0.11272321428571429
11 0.546875 0.8292410714285714 0.07700892857142858 0.11272321428571429
11 0.8694196428571429 0.5122767857142857 0.07700892857142858 0.11272321428571429
13 0.8962053571428571 0.4341517857142857 0.07700892857142858 0.11272321428571429
13 0.8247767857142857 0.15401785714285715 0.07700892857142858 0.11272321428571429
13 0.5368303571428571 0.23325892857142858 0.07700892857142858 0.11272321428571429
13 0.6082589285714286 0.5189732142857143 0.07700892857142858 0.11272321428571429
13 0.21763392857142858 0.7834821428571429 0.07700892857142858 0.11272321428571429
13 0.31808035714285715 0.7979910714285714 0.07700892857142858 0.11272321428571429
13 0.30245535714285715 0.6819196428571429 0.07700892857142858 0.11272321428571429
8 0.4799107142857143 0.8917410714285714 0.07700892857142858 0.11272321428571429
15 0.43080357142857145 0.9397321428571429 0.07700892857142858 0.11272321428571429
13 0.6183035714285714 0.6752232142857143 0.07700892857142858 0.11272321428571429
13 0.6395089285714286 0.7756696428571429 0.07700892857142858 0.11272321428571429
11 0.078125 0.6763392857142857 0.07700892857142858 0.11272321428571429
13 0.09263392857142858 0.4810267857142857 0.07700892857142858 0.11272321428571429
13 0.28125 0.12165178571428571 0.07700892857142858 0.11272321428571429
13 0.37611607142857145 0.2533482142857143 0.07700892857142858 0.11272321428571429
13 0.36830357142857145 0.09598214285714286 0.07700892857142858 0.11272321428571429
13 0.4799107142857143 0.6104910714285714 0.07700892857142858 0.11272321428571429
18 0.9017857142857143 0.6607142857142857 0.07254464285714286 0.125
18 0.5524553571428571 0.4185267857142857 0.09598214285714286 0.07924107142857142
14 0.6127232142857143 0.33705357142857145 0.06696428571428571 0.0625
14 0.10267857142857142 0.28348214285714285 0.06919642857142858 0.11049107142857142
12 0.45870535714285715 0.6763392857142857 0.03794642857142857 0.033482142857142856
12 0.36160714285714285 0.6529017857142857 0.016741071428571428 0.029017857142857144
12 0.7020089285714286 0.020089285714285716 0.018973214285714284 0.014508928571428572
12 0.33035714285714285 0.17075892857142858 0.024553571428571428 0.026785714285714284