13 0.9341517857142857 0.9665178571428571 0.13169642857142858 0.0625
13 0.9732142857142857 0.390625 0.052455357142857144 0.18973214285714285
13 0.9520089285714286 0.16852678571428573 0.09598214285714286 0.21205357142857142
13 0.390625 0.9375 0.25223214285714285 0.12053571428571429
13 0.8805803571428571 0.49888392857142855 0.21651785714285715 0.22098214285714285
6 0.4888392857142857 0.5424107142857143 0.40625 0.40401785714285715
13 0.06473214285714286 0.11160714285714286 0.12946428571428573 0.21875
13 0.8470982142857143 0.28236607142857145 0.22098214285714285 0.21428571428571427
13 0.31808035714285715 0.31138392857142855 0.23102678571428573 0.21651785714285715
13 0.41629464285714285 0.14508928571428573 0.19754464285714285 0.1875
13 0.7845982142857143 0.5457589285714286 0.20647321428571427 0.21875