13 0.48325892857142855 0.07477678571428571 0.23325892857142858 0.14955357142857142
13 0.07477678571428571 0.9520089285714286 0.14955357142857142 0.09598214285714286
13 0.9162946428571429 0.4408482142857143 0.16294642857142858 0.24776785714285715
13 0.06138392857142857 0.43638392857142855 0.12276785714285714 0.25223214285714285
13 0.5591517857142857 0.78125 0.25669642857142855 0.2622767857142857
13 0.7611607142857143 0.6852678571428571 0.23325892857142858 0.23549107142857142
13 0.8671875 0.052455357142857144 0.22098214285714285 0.10491071428571429
13 0.7622767857142857 0.8381696428571429 0.23549107142857142 0.24330357142857142
13 0.6294642857142857 0.9620535714285714 0.23660714285714285 0.07589285714285714
13 0.734375 0.31361607142857145 0.23102678571428573 0.22098214285714285
12 0.6863839285714286 0.171875 0.08370535714285714 0.09151785714285714
13 0.3314732142857143 0.7254464285714286 0.25223214285714285 0.22879464285714285
13 0.18191964285714285 0.10379464285714286 0.22544642857142858 0.20647321428571427
13 0.47098214285714285 0.16629464285714285 0.23102678571428573 0.23772321428571427
13 0.21316964285714285 0.30580357142857145 0.25223214285714285 0.23549107142857142
13 0.21763392857142858 0.890625 0.25223214285714285 0.21875
13 0.22544642857142858 0.5279017857142857 0.20870535714285715 0.25223214285714285
0 0.49888392857142855 0.48995535714285715 0.40401785714285715 0.41294642857142855