14 0.8616071428571429 0.3872767857142857 0.09598214285714286 0.05580357142857143
18 0.5747767857142857 0.5301339285714286 0.13727678571428573 0.07700892857142858
17 0.16852678571428573 0.6886160714285714 0.11495535714285714 0.08705357142857142
17 0.5892857142857143 0.9274553571428571 0.10602678571428571 0.08705357142857142
17 0.8973214285714286 0.06584821428571429 0.11495535714285714 0.08928571428571429
7 0.7622767857142857 0.5848214285714286 0.12053571428571429 0.09151785714285714
7 0.7935267857142857 0.43191964285714285 0.11272321428571429 0.07700892857142858
7 0.3158482142857143 0.6205357142857143 0.11272321428571429 0.07700892857142858
7 0.5591517857142857 0.19754464285714285 0.11272321428571429 0.07700892857142858
16 0.8939732142857143 0.49330357142857145 0.11272321428571429 0.08147321428571429
17 0.9497767857142857 0.7388392857142857 0.10044642857142858 0.08928571428571429
17 0.2857142857142857 0.18973214285714285 0.10602678571428571 0.08147321428571429