5 0.26339285714285715 0.09151785714285714 0.09151785714285714 0.07254464285714286
5 0.15178571428571427 0.2845982142857143 0.09151785714285714 0.07254464285714286
5 0.12723214285714285 0.21651785714285715 0.08705357142857142 0.07254464285714286
5 0.53125 0.26674107142857145 0.09151785714285714 0.07254464285714286
5 0.7220982142857143 0.12834821428571427 0.08928571428571429 0.07700892857142858
5 0.8415178571428571 0.3125 0.09151785714285714 0.06696428571428571
12 0.8950892857142857 0.7466517857142857 0.024553571428571428 0.018973214285714284
12 0.8404017857142857 0.7466517857142857 0.026785714285714284 0.016741071428571428
12 0.8247767857142857 0.7712053571428571 0.033482142857142856 0.021205357142857144
12 0.6841517857142857 0.8091517857142857 0.029017857142857144 0.024553571428571428
12 0.6227678571428571 0.859375 0.024553571428571428 0.021205357142857144
12 0.5736607142857143 0.5725446428571429 0.024553571428571428 0.018973214285714284
12 0.8236607142857143 0.11160714285714286 0.024553571428571428 0.016741071428571428
12 0.47098214285714285 0.025669642857142856 0.03125 0.018973214285714284
12 0.40513392857142855 0.13058035714285715 0.033482142857142856 0.024553571428571428
12 0.45200892857142855 0.17075892857142858 0.024553571428571428 0.014508928571428572
12 0.44642857142857145 0.22991071428571427 0.029017857142857144 0.018973214285714284
12 0.18526785714285715 0.08035714285714286 0.029017857142857144 0.018973214285714284
12 0.39285714285714285 0.78125 0.024553571428571428 0.021205357142857144
1 0.43526785714285715 0.5145089285714286 0.09151785714285714 0.06473214285714286
1 0.3392857142857143 0.39620535714285715 0.07700892857142858 0.07254464285714286
1 0.45982142857142855 0.7444196428571429 0.08705357142857142 0.07254464285714286
1 0.4732142857142857 0.5881696428571429 0.08147321428571429 0.06696428571428571
1 0.17299107142857142 0.7745535714285714 0.08705357142857142 0.06696428571428571
1 0.09151785714285714 0.7377232142857143 0.09151785714285714 0.060267857142857144
1 0.06584821428571429 0.8415178571428571 0.07254464285714286 0.07924107142857142
1 0.7120535714285714 0.7276785714285714 0.09151785714285714 0.0625
1 0.7243303571428571 0.6618303571428571 0.08147321428571429 0.0625
1 0.8002232142857143 0.9196428571428571 0.09151785714285714 0.07254464285714286
1 0.9654017857142857 0.6674107142857143 0.06919642857142858 0.06696428571428571
1 0.8962053571428571 0.36830357142857145 0.08147321428571429 0.0625
1 0.7544642857142857 0.4654017857142857 0.08705357142857142 0.06919642857142858
1 0.6584821428571429 0.36607142857142855 0.09151785714285714 0.07700892857142858
1 0.6819196428571429 0.29910714285714285 0.09151785714285714 0.06696428571428571
1 0.5993303571428571 0.31026785714285715 0.08370535714285714 0.0625
1 0.8270089285714286 0.052455357142857144 0.09151785714285714 0.08147321428571429