15 0.8872767857142857 0.9486607142857143 0.11272321428571429 0.07924107142857142
15 0.5502232142857143 0.9073660714285714 0.11272321428571429 0.07700892857142858
15 0.6272321428571429 0.8939732142857143 0.11272321428571429 0.07700892857142858
15 0.6227678571428571 0.8136160714285714 0.11272321428571429 0.07700892857142858
15 0.4877232142857143 0.6595982142857143 0.11272321428571429 0.07700892857142858
15 0.6707589285714286 0.5837053571428571 0.09375 0.06696428571428571
15 0.6729910714285714 0.4955357142857143 0.11272321428571429 0.07700892857142858
15 0.7589285714285714 0.49330357142857145 0.11272321428571429 0.07700892857142858
15 0.8582589285714286 0.5 0.11272321428571429 0.07700892857142858
15 0.9185267857142857 0.46875 0.11272321428571429 0.07700892857142858
15 0.9006696428571429 0.5479910714285714 0.11272321428571429 0.07700892857142858
15 0.5848214285714286 0.36830357142857145 0.11272321428571429 0.07700892857142858
15 0.4497767857142857 0.359375 0.11272321428571429 0.07700892857142858
15 0.40848214285714285 0.3013392857142857 0.11272321428571429 0.07700892857142858
15 0.26450892857142855 0.28013392857142855 0.11272321428571429 0.07700892857142858
15 0.3716517857142857 0.43191964285714285 0.11272321428571429 0.07700892857142858
15 0.3861607142857143 0.5658482142857143 0.11272321428571429 0.07700892857142858
15 0.40401785714285715 0.6283482142857143 0.11272321428571429 0.07700892857142858
15 0.2845982142857143 0.5111607142857143 0.11272321428571429 0.07700892857142858
15 0.19642857142857142 0.4375 0.11272321428571429 0.07700892857142858
15 0.17075892857142858 0.12611607142857142 0.11272321428571429 0.07700892857142858
15 0.04017857142857143 0.49888392857142855 0.07924107142857142 0.07700892857142858
15 0.04352678571428571 0.5613839285714286 0.08705357142857142 0.07700892857142858
15 0.05022321428571429 0.7220982142857143 0.10044642857142858 0.07924107142857142
15 0.17522321428571427 0.7198660714285714 0.11272321428571429 0.07924107142857142
15 0.13392857142857142 0.8002232142857143 0.11272321428571429 0.07700892857142858
15 0.11941964285714286 0.8917410714285714 0.11272321428571429 0.07700892857142858
15 0.10602678571428571 0.9542410714285714 0.11272321428571429 0.07924107142857142
15 0.1875 0.8995535714285714 0.11272321428571429 0.07700892857142858
15 0.36607142857142855 0.9185267857142857 0.11272321428571429 0.07700892857142858
15 0.46651785714285715 0.96875 0.11272321428571429 0.0625
15 0.36049107142857145 0.7354910714285714 0.08370535714285714 0.07254464285714286
15 0.47098214285714285 0.8236607142857143 0.11272321428571429 0.07700892857142858
15 0.44642857142857145 0.8939732142857143 0.11272321428571429 0.07700892857142858
15 0.5435267857142857 0.22433035714285715 0.11272321428571429 0.07700892857142858
15 0.5055803571428571 0.19084821428571427 0.11272321428571429 0.07700892857142858
15 0.8582589285714286 0.4419642857142857 0.11272321428571429 0.07700892857142858
15 0.7555803571428571 0.29799107142857145 0.11272321428571429 0.07700892857142858
15 0.6272321428571429 0.20200892857142858 0.11272321428571429 0.07700892857142858
15 0.7845982142857143 0.1875 0.11272321428571429 0.07700892857142858
15 0.28348214285714285 0.46316964285714285 0.11272321428571429 0.07700892857142858
15 0.22209821428571427 0.5524553571428571 0.11272321428571429 0.07700892857142858
15 0.8247767857142857 0.33705357142857145 0.11272321428571429 0.07700892857142858
15 0.8939732142857143 0.890625 0.11272321428571429 0.07924107142857142
15 0.5959821428571429 0.7332589285714286 0.11272321428571429 0.07700892857142858
11 0.8381696428571429 0.23325892857142858 0.11272321428571429 0.07700892857142858
15 0.8102678571428571 0.9363839285714286 0.11272321428571429 0.07700892857142858
1 0.6473214285714286 0.765625 0.11272321428571429 0.07700892857142858
15 0.25558035714285715 0.9017857142857143 0.11272321428571429 0.07700892857142858
15 0.25558035714285715 0.8069196428571429 0.09821428571428571 0.07477678571428571
15 0.31808035714285715 0.8549107142857143 0.11272321428571429 0.07924107142857142
15 0.056919642857142856 0.6216517857142857 0.11272321428571429 0.07700892857142858
15 0.8604910714285714 0.37388392857142855 0.11272321428571429 0.07700892857142858
15 0.8917410714285714 0.29575892857142855 0.11272321428571429 0.07700892857142858
15 0.5747767857142857 0.30245535714285715 0.11272321428571429 0.07700892857142858
15 0.7176339285714286 0.41517857142857145 0.09375 0.07700892857142858
15 0.5848214285714286 0.42299107142857145 0.11272321428571429 0.07700892857142858
15 0.5 0.48549107142857145 0.11272321428571429 0.07700892857142858
15 0.4408482142857143 0.43080357142857145 0.11272321428571429 0.07700892857142858
15 0.38392857142857145 0.359375 0.11272321428571429 0.07700892857142858
15 0.20758928571428573 0.22321428571428573 0.11272321428571429 0.07700892857142858
1 0.16629464285714285 0.3013392857142857 0.11272321428571429 0.07700892857142858
15 0.35714285714285715 0.03571428571428571 0.11160714285714286 0.07142857142857142
15 0.2622767857142857 0.09263392857142858 0.11272321428571429 0.07700892857142858
15 0.10825892857142858 0.025669642857142856 0.11272321428571429 0.05022321428571429
15 0.05022321428571429 0.33816964285714285 0.10044642857142858 0.07700892857142858
15 0.6841517857142857 0.26785714285714285 0.09598214285714286 0.06919642857142858
15 0.7075892857142857 0.19754464285714285 0.11272321428571429 0.07700892857142858
15 0.6305803571428571 0.033482142857142856 0.11272321428571429 0.06696428571428571
15 0.6852678571428571 0.08035714285714286 0.11272321428571429 0.07700892857142858
15 0.6685267857142857 0.14955357142857142 0.11272321428571429 0.07700892857142858
15 0.8024553571428571 0.08928571428571429 0.11272321428571429 0.07700892857142858
15 0.3549107142857143 0.23102678571428573 0.11272321428571429 0.07700892857142858
15 0.4720982142857143 0.05580357142857143 0.11272321428571429 0.07700892857142858
15 0.21651785714285715 0.17745535714285715 0.11272321428571429 0.07700892857142858
15 0.125 0.22991071428571427 0.11272321428571429 0.07700892857142858
15 0.13392857142857142 0.5256696428571429 0.11272321428571429 0.07700892857142858
15 0.26450892857142855 0.640625 0.11272321428571429 0.07700892857142858
15 0.17075892857142858 0.640625 0.11272321428571429 0.07700892857142858
15 0.4497767857142857 0.7287946428571429 0.11272321428571429 0.07700892857142858
15 0.5044642857142857 0.5870535714285714 0.10602678571428571 0.07700892857142858
15 0.8348214285714286 0.8169642857142857 0.11272321428571429 0.07924107142857142
1 0.7756696428571429 0.7544642857142857 0.11272321428571429 0.07924107142857142
15 0.7209821428571429 0.703125 0.11272321428571429 0.07700892857142858
15 0.8381696428571429 0.6808035714285714 0.11272321428571429 0.07700892857142858