10 0.1875 0.19084821428571427 0.375 0.38169642857142855
13 0.9185267857142857 0.078125 0.16294642857142858 0.15625
6 0.7299107142857143 0.11160714285714286 0.37723214285714285 0.22321428571428573
13 0.5959821428571429 0.25223214285714285 0.11495535714285714 0.2935267857142857
13 0.8370535714285714 0.28348214285714285 0.27120535714285715 0.23772321428571427
13 0.4799107142857143 0.6439732142857143 0.11830357142857142 0.23102678571428573
13 0.03125 0.6450892857142857 0.0625 0.23325892857142858
13 0.10825892857142858 0.96875 0.21651785714285715 0.0625
6 0.3247767857142857 0.875 0.42745535714285715 0.25
13 0.09709821428571429 0.8515625 0.19419642857142858 0.296875
13 0.4888392857142857 0.8147321428571429 0.09821428571428571 0.22098214285714285
0 0.6540178571428571 0.8381696428571429 0.23214285714285715 0.3236607142857143