8 0.2533482142857143 0.5491071428571429 0.07477678571428571 0.0625
1 0.39285714285714285 0.06696428571428571 0.09151785714285714 0.06919642857142858
1 0.28125 0.16517857142857142 0.09598214285714286 0.06696428571428571
1 0.22433035714285715 0.21986607142857142 0.08705357142857142 0.060267857142857144
1 0.5948660714285714 0.5011160714285714 0.08705357142857142 0.06696428571428571
1 0.45982142857142855 0.5044642857142857 0.08147321428571429 0.06696428571428571
14 0.6886160714285714 0.546875 0.07254464285714286 0.04575892857142857
1 0.13392857142857142 0.7131696428571429 0.08705357142857142 0.06473214285714286
1 0.5033482142857143 0.44308035714285715 0.08705357142857142 0.06696428571428571
1 0.703125 0.46651785714285715 0.08147321428571429 0.0625
1 0.4017857142857143 0.23102678571428573 0.09151785714285714 0.06696428571428571
1 0.3705357142857143 0.14397321428571427 0.09375 0.07477678571428571
12 0.7991071428571429 0.9430803571428571 0.029017857142857144 0.018973214285714284
12 0.7477678571428571 0.9285714285714286 0.026785714285714284 0.021205357142857144
12 0.8236607142857143 0.8392857142857143 0.029017857142857144 0.016741071428571428
12 0.9654017857142857 0.9162946428571429 0.026785714285714284 0.018973214285714284
12 0.7901785714285714 0.6082589285714286 0.029017857142857144 0.021205357142857144
12 0.765625 0.6127232142857143 0.026785714285714284 0.024553571428571428
12 0.9174107142857143 0.3236607142857143 0.029017857142857144 0.018973214285714284
12 0.7756696428571429 0.28683035714285715 0.024553571428571428 0.014508928571428572
12 0.6729910714285714 0.2544642857142857 0.029017857142857144 0.018973214285714284
12 0.4330357142857143 0.30691964285714285 0.029017857142857144 0.021205357142857144
12 0.4252232142857143 0.26450892857142855 0.029017857142857144 0.018973214285714284
12 0.34933035714285715 0.26004464285714285 0.014508928571428572 0.014508928571428572
12 0.18303571428571427 0.078125 0.029017857142857144 0.024553571428571428
12 0.04241071428571429 0.08928571428571429 0.026785714285714284 0.021205357142857144
12 0.014508928571428572 0.056919642857142856 0.029017857142857144 0.026785714285714284
12 0.7511160714285714 0.024553571428571428 0.033482142857142856 0.024553571428571428
12 0.2544642857142857 0.8091517857142857 0.033482142857142856 0.021205357142857144
12 0.25892857142857145 0.7087053571428571 0.024553571428571428 0.018973214285714284
12 0.25223214285714285 0.6685267857142857 0.029017857142857144 0.024553571428571428
12 0.14285714285714285 0.8694196428571429 0.029017857142857144 0.018973214285714284
12 0.32142857142857145 0.8962053571428571 0.029017857142857144 0.024553571428571428
12 0.13058035714285715 0.9854910714285714 0.024553571428571428 0.021205357142857144
12 0.6607142857142857 0.9408482142857143 0.029017857142857144 0.029017857142857144
12 0.6361607142857143 0.9386160714285714 0.024553571428571428 0.024553571428571428
12 0.6071428571428571 0.6897321428571429 0.029017857142857144 0.021205357142857144
12 0.6272321428571429 0.6495535714285714 0.018973214285714284 0.018973214285714284
12 0.5970982142857143 0.6116071428571429 0.024553571428571428 0.018973214285714284
12 0.5825892857142857 0.5613839285714286 0.018973214285714284 0.014508928571428572
13 0.2845982142857143 0.39955357142857145 0.09598214285714286 0.06696428571428571
13 0.37611607142857145 0.578125 0.09375 0.06473214285714286
13 0.3939732142857143 0.6540178571428571 0.08705357142857142 0.06919642857142858
13 0.27232142857142855 0.6138392857142857 0.08705357142857142 0.06696428571428571
13 0.140625 0.5435267857142857 0.07700892857142858 0.05803571428571429
13 0.5792410714285714 0.35714285714285715 0.07924107142857142 0.07254464285714286
13 0.8560267857142857 0.25 0.08705357142857142 0.06919642857142858
13 0.8705357142857143 0.45870535714285715 0.08705357142857142 0.0625
13 0.9542410714285714 0.4330357142857143 0.09151785714285714 0.06919642857142858
13 0.8705357142857143 0.7366071428571429 0.07700892857142858 0.0625
13 0.890625 0.671875 0.08147321428571429 0.0625
13 0.40625 0.8816964285714286 0.08147321428571429 0.0625
12 0.4408482142857143 0.9196428571428571 0.03794642857142857 0.021205357142857144
13 0.041294642857142856 0.7209821428571429 0.08147321428571429 0.06919642857142858
13 0.05915178571428571 0.6272321428571429 0.08147321428571429 0.07254464285714286
13 0.07142857142857142 0.4330357142857143 0.07924107142857142 0.0625
13 0.05580357142857143 0.5334821428571429 0.09151785714285714 0.06696428571428571
13 0.0625 0.49107142857142855 0.08147321428571429 0.05803571428571429
13 0.34598214285714285 0.3325892857142857 0.08705357142857142 0.0625
13 0.5323660714285714 0.9274553571428571 0.08705357142857142 0.07254464285714286
13 0.9564732142857143 0.9654017857142857 0.08705357142857142 0.06473214285714286
13 0.9631696428571429 0.6540178571428571 0.07366071428571429 0.08035714285714286
13 0.8627232142857143 0.6116071428571429 0.08705357142857142 0.0625
13 0.796875 0.5345982142857143 0.08705357142857142 0.06696428571428571