10 0.20200892857142858 0.24107142857142858 0.40401785714285715 0.37276785714285715
13 0.9051339285714286 0.3002232142857143 0.18973214285714285 0.2544642857142857
0 0.7890625 0.140625 0.421875 0.28125
13 0.14620535714285715 0.5479910714285714 0.26450892857142855 0.23995535714285715
13 0.06584821428571429 0.9341517857142857 0.13169642857142858 0.11830357142857142
0 0.37388392857142855 0.609375 0.4107142857142857 0.3627232142857143
13 0.45535714285714285 0.8426339285714286 0.24776785714285715 0.25223214285714285
13 0.171875 0.8582589285714286 0.25669642857142855 0.28348214285714285
13 0.8526785714285714 0.6116071428571429 0.23772321428571427 0.29575892857142855
12 0.8348214285714286 0.8939732142857143 0.10044642857142858 0.11049107142857142
0 0.6964285714285714 0.6517857142857143 0.23325892857142858 0.44754464285714285
13 0.8493303571428571 0.48214285714285715 0.2622767857142857 0.10825892857142858
13 0.9252232142857143 0.8772321428571429 0.14955357142857142 0.24553571428571427
13 0.953125 0.6417410714285714 0.09375 0.26450892857142855
13 0.6629464285714286 0.9129464285714286 0.16852678571428573 0.17299107142857142