12 0.8895089285714286 0.7444196428571429 0.06473214285714286 0.0625
13 0.9754464285714286 0.8091517857142857 0.04799107142857143 0.21205357142857142
13 0.9095982142857143 0.9665178571428571 0.17522321428571427 0.06696428571428571
13 0.30580357142857145 0.6462053571428571 0.23772321428571427 0.19419642857142858
13 0.7354910714285714 0.041294642857142856 0.21205357142857142 0.08147321428571429
13 0.7377232142857143 0.9464285714285714 0.22544642857142858 0.10714285714285714
12 0.8415178571428571 0.6607142857142857 0.10044642857142858 0.10044642857142858
13 0.2611607142857143 0.43638392857142855 0.21205357142857142 0.23325892857142858
13 0.21316964285714285 0.06361607142857142 0.21428571428571427 0.12723214285714285
6 0.5189732142857143 0.4966517857142857 0.38950892857142855 0.3794642857142857
13 0.40848214285714285 0.25892857142857145 0.24553571428571427 0.17075892857142858
13 0.6305803571428571 0.8627232142857143 0.20647321428571427 0.17075892857142858
13 0.9029017857142857 0.3950892857142857 0.18973214285714285 0.21428571428571427
13 0.15513392857142858 0.8136160714285714 0.25 0.19419642857142858
13 0.08035714285714286 0.5435267857142857 0.16071428571428573 0.1875
13 0.3325892857142857 0.9229910714285714 0.24553571428571427 0.15401785714285715
13 0.6808035714285714 0.23995535714285715 0.18526785714285715 0.24776785714285715
13 0.16071428571428573 0.23102678571428573 0.21651785714285715 0.21205357142857142