10 0.2689732142857143 0.48325892857142855 0.42745535714285715 0.4330357142857143
13 0.5558035714285714 0.027901785714285716 0.052455357142857144 0.05580357142857143
13 0.6941964285714286 0.6707589285714286 0.2544642857142857 0.05803571428571429
13 0.8928571428571429 0.14174107142857142 0.21428571428571427 0.1875
13 0.8002232142857143 0.6049107142857143 0.25 0.18973214285714285
3 0.6417410714285714 0.47767857142857145 0.22544642857142858 0.44419642857142855
13 0.6104910714285714 0.18861607142857142 0.16294642857142858 0.2622767857142857
0 0.29575892857142855 0.9241071428571429 0.4185267857142857 0.15178571428571427
13 0.39285714285714285 0.7388392857142857 0.25223214285714285 0.07924107142857142
13 0.04575892857142857 0.7924107142857143 0.09151785714285714 0.18526785714285715
13 0.18191964285714285 0.7979910714285714 0.24330357142857142 0.19754464285714285