2 0.4263392857142857 0.7555803571428571 0.060267857142857144 0.08705357142857142
11 0.32700892857142855 0.8024553571428571 0.06696428571428571 0.09375
2 0.328125 0.8727678571428571 0.07924107142857142 0.07924107142857142
2 0.19866071428571427 0.8604910714285714 0.05022321428571429 0.09151785714285714
11 0.3783482142857143 0.9118303571428571 0.06473214285714286 0.09151785714285714
2 0.43973214285714285 0.9207589285714286 0.06919642857142858 0.09151785714285714
11 0.5122767857142857 0.8872767857142857 0.060267857142857144 0.08928571428571429
11 0.6361607142857143 0.8504464285714286 0.06696428571428571 0.09598214285714286
2 0.7008928571428571 0.8337053571428571 0.0625 0.10602678571428571
2 0.8136160714285714 0.6674107142857143 0.06473214285714286 0.10044642857142858
14 0.7544642857142857 0.6551339285714286 0.07254464285714286 0.08928571428571429
2 0.7946428571428571 0.5513392857142857 0.07924107142857142 0.08370535714285714
11 0.8850446428571429 0.7700892857142857 0.07477678571428571 0.08928571428571429
11 0.9375 0.12276785714285714 0.07924107142857142 0.11272321428571429
2 0.4966517857142857 0.22879464285714285 0.07924107142857142 0.11272321428571429
11 0.6194196428571429 0.19642857142857142 0.0625 0.10044642857142858
2 0.48660714285714285 0.12946428571428573 0.07477678571428571 0.10379464285714286
2 0.17857142857142858 0.18861607142857142 0.07924107142857142 0.08370535714285714
2 0.030133928571428572 0.14174107142857142 0.060267857142857144 0.09151785714285714
2 0.056919642857142856 0.08370535714285714 0.05022321428571429 0.10379464285714286
11 0.16741071428571427 0.05803571428571429 0.07924107142857142 0.08370535714285714
11 0.23325892857142858 0.09263392857142858 0.05580357142857143 0.10044642857142858
2 0.3002232142857143 0.05803571428571429 0.07924107142857142 0.08370535714285714
2 0.7455357142857143 0.04017857142857143 0.07924107142857142 0.07924107142857142
11 0.8091517857142857 0.13058035714285715 0.0625 0.08370535714285714
11 0.9654017857142857 0.5647321428571429 0.06919642857142858 0.11272321428571429
11 0.9553571428571429 0.7020089285714286 0.07924107142857142 0.07924107142857142
11 0.8415178571428571 0.8604910714285714 0.05803571428571429 0.09151785714285714
11 0.6741071428571429 0.6529017857142857 0.07924107142857142 0.07700892857142858
11 0.8962053571428571 0.3950892857142857 0.06919642857142858 0.07700892857142858
2 0.828125 0.3470982142857143 0.06919642857142858 0.10379464285714286
11 0.5223214285714286 0.703125 0.06696428571428571 0.07700892857142858
11 0.029017857142857144 0.6919642857142857 0.05580357142857143 0.09821428571428571
11 0.19977678571428573 0.47544642857142855 0.07924107142857142 0.07924107142857142
11 0.14620535714285715 0.29464285714285715 0.060267857142857144 0.09151785714285714
11 0.18526785714285715 0.20424107142857142 0.07924107142857142 0.07477678571428571
11 0.43973214285714285 0.3861607142857143 0.07254464285714286 0.07700892857142858
11 0.43973214285714285 0.2622767857142857 0.06473214285714286 0.09151785714285714
11 0.42075892857142855 0.18191964285714285 0.06473214285714286 0.10602678571428571
14 0.4107142857142857 0.5636160714285714 0.07924107142857142 0.052455357142857144
13 0.9542410714285714 0.04017857142857143 0.07924107142857142 0.07924107142857142
13 0.8694196428571429 0.07477678571428571 0.07924107142857142 0.11272321428571429
13 0.6875 0.22544642857142858 0.06919642857142858 0.09375
11 0.6517857142857143 0.30245535714285715 0.06919642857142858 0.07924107142857142
11 0.9475446428571429 0.22544642857142858 0.0625 0.09598214285714286
11 0.5714285714285714 0.37388392857142855 0.060267857142857144 0.08928571428571429
11 0.6183035714285714 0.43526785714285715 0.07924107142857142 0.07254464285714286
11 0.46651785714285715 0.5368303571428571 0.05803571428571429 0.09598214285714286
11 0.20870535714285715 0.33482142857142855 0.0625 0.09598214285714286
11 0.2935267857142857 0.6584821428571429 0.07924107142857142 0.07477678571428571
11 0.5814732142857143 0.9017857142857143 0.07700892857142858 0.08147321428571429
2 0.11160714285714286 0.8013392857142857 0.07254464285714286 0.09598214285714286
13 0.8861607142857143 0.3125 0.06696428571428571 0.09598214285714286
13 0.8348214285714286 0.26004464285714285 0.06696428571428571 0.09151785714285714
13 0.6595982142857143 0.052455357142857144 0.06696428571428571 0.08705357142857142
13 0.5993303571428571 0.09709821428571429 0.06473214285714286 0.08370535714285714
13 0.5792410714285714 0.28348214285714285 0.06473214285714286 0.08705357142857142
13 0.3950892857142857 0.09151785714285714 0.06696428571428571 0.08705357142857142
13 0.3470982142857143 0.2611607142857143 0.07254464285714286 0.09375
13 0.09486607142857142 0.44308035714285715 0.06473214285714286 0.09151785714285714
13 0.09486607142857142 0.34933035714285715 0.0625 0.08370535714285714
13 0.07589285714285714 0.2700892857142857 0.06919642857142858 0.08370535714285714
13 0.08035714285714286 0.6049107142857143 0.06696428571428571 0.07477678571428571
11 0.31473214285714285 0.5825892857142857 0.06696428571428571 0.08705357142857142
11 0.21651785714285715 0.6149553571428571 0.06473214285714286 0.08705357142857142
13 0.19754464285714285 0.7544642857142857 0.06919642857142858 0.08370535714285714
11 0.06696428571428571 0.8426339285714286 0.0625 0.08147321428571429
11 0.03125 0.9475446428571429 0.05803571428571429 0.07700892857142858
11 0.22433035714285715 0.9654017857142857 0.0625 0.06919642857142858
13 0.5212053571428571 0.5848214285714286 0.07477678571428571 0.10602678571428571
16 0.49441964285714285 0.43973214285714285 0.0625 0.08147321428571429
13 0.6573660714285714 0.5803571428571429 0.07477678571428571 0.10044642857142858
11 0.6830357142857143 0.75 0.0625 0.10044642857142858
13 0.7700892857142857 0.8337053571428571 0.07924107142857142 0.09375
11 0.39174107142857145 0.8236607142857143 0.07924107142857142 0.11272321428571429
13 0.6372767857142857 0.5033482142857143 0.06473214285714286 0.09151785714285714
13 0.9017857142857143 0.6160714285714286 0.07924107142857142 0.09598214285714286
13 0.29799107142857145 0.20982142857142858 0.06919642857142858 0.10044642857142858
13 0.05133928571428571 0.53125 0.06696428571428571 0.08370535714285714
13 0.6127232142857143 0.7087053571428571 0.06919642857142858 0.10044642857142858
13 0.75 0.18861607142857142 0.06696428571428571 0.09821428571428571
13 0.36049107142857145 0.17857142857142858 0.06696428571428571 0.09821428571428571
11 0.7455357142857143 0.7377232142857143 0.06473214285714286 0.10044642857142858
11 0.029017857142857144 0.3392857142857143 0.05803571428571429 0.10044642857142858
11 0.08705357142857142 0.19084821428571427 0.07477678571428571 0.07477678571428571
2 0.7723214285714286 0.26674107142857145 0.052455357142857144 0.07924107142857142
11 0.48549107142857145 0.32700892857142855 0.07254464285714286 0.08370535714285714
11 0.5569196428571429 0.65625 0.06473214285714286 0.07700892857142858