13 0.044642857142857144 0.8169642857142857 0.08928571428571429 0.3125
13 0.9553571428571429 0.25558035714285715 0.08370535714285714 0.2544642857142857
13 0.0625 0.39732142857142855 0.125 0.25223214285714285
13 0.5290178571428571 0.026785714285714284 0.22544642857142858 0.052455357142857144
12 0.2533482142857143 0.05803571428571429 0.19754464285714285 0.11495535714285714
0 0.49330357142857145 0.49776785714285715 0.43526785714285715 0.4497767857142857
13 0.43526785714285715 0.7935267857142857 0.24776785714285715 0.23549107142857142
13 0.7678571428571429 0.6071428571428571 0.24776785714285715 0.22879464285714285
13 0.9174107142857143 0.47098214285714285 0.16071428571428573 0.22544642857142858
13 0.8493303571428571 0.09375 0.28794642857142855 0.1875
13 0.20758928571428573 0.8325892857142857 0.25669642857142855 0.25669642857142855