1 0.8582589285714286 0.4419642857142857 0.07700892857142858 0.09598214285714286
1 0.5658482142857143 0.6216517857142857 0.07477678571428571 0.09598214285714286
1 0.7020089285714286 0.5323660714285714 0.06696428571428571 0.08705357142857142
1 0.796875 0.6506696428571429 0.07477678571428571 0.08147321428571429
13 0.75 0.17633928571428573 0.07700892857142858 0.08705357142857142
13 0.65625 0.04575892857142857 0.06473214285714286 0.07924107142857142
13 0.6651785714285714 0.21316964285714285 0.07700892857142858 0.09151785714285714
13 0.5524553571428571 0.12276785714285714 0.07254464285714286 0.08147321428571429
13 0.47544642857142855 0.10602678571428571 0.0625 0.07924107142857142
13 0.30691964285714285 0.09151785714285714 0.05803571428571429 0.09151785714285714
13 0.23102678571428573 0.20424107142857142 0.07254464285714286 0.10044642857142858
13 0.296875 0.5122767857142857 0.0625 0.08705357142857142
13 0.37388392857142855 0.46875 0.06696428571428571 0.08147321428571429
13 0.4017857142857143 0.3705357142857143 0.06919642857142858 0.08705357142857142
13 0.36049107142857145 0.27901785714285715 0.07254464285714286 0.09151785714285714
13 0.42745535714285715 0.24107142857142858 0.06696428571428571 0.08705357142857142
13 0.4955357142857143 0.2622767857142857 0.07924107142857142 0.10044642857142858
13 0.5212053571428571 0.36049107142857145 0.07254464285714286 0.08705357142857142
13 0.5680803571428571 0.29017857142857145 0.06473214285714286 0.07477678571428571
13 0.7689732142857143 0.31138392857142855 0.07254464285714286 0.08705357142857142
13 0.8526785714285714 0.34375 0.07254464285714286 0.08705357142857142
13 0.7611607142857143 0.48549107142857145 0.06919642857142858 0.08147321428571429
13 0.7299107142857143 0.6930803571428571 0.06919642857142858 0.08147321428571429
13 0.5569196428571429 0.7845982142857143 0.06919642857142858 0.09151785714285714
13 0.7633928571428571 0.8270089285714286 0.07700892857142858 0.09598214285714286
13 0.8404017857142857 0.8270089285714286 0.06696428571428571 0.08705357142857142
13 0.8459821428571429 0.7310267857142857 0.06919642857142858 0.09151785714285714
15 0.7154017857142857 0.3638392857142857 0.0625 0.08147321428571429
2 0.09709821428571429 0.18526785714285715 0.05803571428571429 0.11272321428571429