9 0.25669642857142855 0.20982142857142858 0.5133928571428571 0.2767857142857143
9 0.8604910714285714 0.17410714285714285 0.27901785714285715 0.3482142857142857
13 0.11272321428571429 0.40401785714285715 0.22544642857142858 0.11049107142857142
13 0.10379464285714286 0.45982142857142855 0.20647321428571427 0.22321428571428573
13 0.09709821428571429 0.9073660714285714 0.19419642857142858 0.15178571428571427
13 0.09821428571428571 0.7321428571428571 0.19642857142857142 0.28125
13 0.5379464285714286 0.9084821428571429 0.08147321428571429 0.18303571428571427
9 0.3314732142857143 0.5881696428571429 0.4955357142857143 0.47879464285714285
13 0.9084821428571429 0.35825892857142855 0.18303571428571427 0.018973214285714284
13 0.7232142857142857 0.6138392857142857 0.2689732142857143 0.2689732142857143
6 0.8270089285714286 0.8102678571428571 0.31473214285714285 0.35044642857142855
13 0.9620535714285714 0.47098214285714285 0.07589285714285714 0.24553571428571427