0 0.13504464285714285 0.21986607142857142 0.2689732142857143 0.43973214285714285
13 0.9620535714285714 0.27566964285714285 0.07589285714285714 0.22991071428571427
13 0.7276785714285714 0.39955357142857145 0.26674107142857145 0.12053571428571429
13 0.34598214285714285 0.056919642857142856 0.15401785714285715 0.11272321428571429
13 0.4029017857142857 0.35825892857142855 0.26674107142857145 0.20200892857142858
13 0.8125 0.06361607142857142 0.23995535714285715 0.12723214285714285
0 0.5569196428571429 0.19084821428571427 0.4252232142857143 0.38169642857142855
13 0.19084821428571427 0.4810267857142857 0.15625 0.04352678571428571
13 0.044642857142857144 0.47098214285714285 0.08928571428571429 0.024553571428571428
13 0.19419642857142858 0.6272321428571429 0.14955357142857142 0.27901785714285715
0 0.13504464285714285 0.8482142857142857 0.2689732142857143 0.30245535714285715
13 0.7377232142857143 0.5245535714285714 0.34151785714285715 0.12946428571428573
13 0.7321428571428571 0.9709821428571429 0.20870535714285715 0.05803571428571429
13 0.28236607142857145 0.6082589285714286 0.026785714285714284 0.24553571428571427
13 0.41629464285714285 0.9854910714285714 0.20647321428571427 0.029017857142857144
13 0.9553571428571429 0.7689732142857143 0.08928571428571429 0.2544642857142857
13 0.9319196428571429 0.5491071428571429 0.13616071428571427 0.18303571428571427
6 0.6975446428571429 0.5825892857142857 0.3169642857142857 0.24776785714285715
13 0.37388392857142855 0.7399553571428571 0.20870535714285715 0.23549107142857142
13 0.5625 0.8950892857142857 0.23549107142857142 0.20870535714285715