17 0.59375 0.10602678571428571 0.08928571428571429 0.06919642857142858
17 0.2935267857142857 0.6752232142857143 0.08928571428571429 0.07254464285714286
1 0.21205357142857142 0.8861607142857143 0.07700892857142858 0.08147321428571429
1 0.07477678571428571 0.9207589285714286 0.08370535714285714 0.06919642857142858
1 0.78125 0.7310267857142857 0.08928571428571429 0.07477678571428571
13 0.9441964285714286 0.9676339285714286 0.08370535714285714 0.06473214285714286
13 0.859375 0.9620535714285714 0.08482142857142858 0.07589285714285714
13 0.9430803571428571 0.9017857142857143 0.08705357142857142 0.0625
13 0.9229910714285714 0.859375 0.08370535714285714 0.0625
13 0.8973214285714286 0.7600446428571429 0.09151785714285714 0.06919642857142858
13 0.8459821428571429 0.7957589285714286 0.11272321428571429 0.07700892857142858
13 0.78125 0.9285714285714286 0.08928571428571429 0.06696428571428571
13 0.6785714285714286 0.9341517857142857 0.09151785714285714 0.07254464285714286
13 0.6149553571428571 0.9308035714285714 0.09151785714285714 0.06696428571428571
13 0.6383928571428571 0.8158482142857143 0.09375 0.06696428571428571
13 0.59375 0.8694196428571429 0.08705357142857142 0.05803571428571429
13 0.5334821428571429 0.9497767857142857 0.08928571428571429 0.06473214285714286
15 0.7209821428571429 0.7879464285714286 0.08147321428571429 0.0625
13 0.6138392857142857 0.7488839285714286 0.08370535714285714 0.06696428571428571
13 0.6774553571428571 0.6462053571428571 0.08705357142857142 0.06696428571428571
13 0.8337053571428571 0.6517857142857143 0.08147321428571429 0.06696428571428571
13 0.9151785714285714 0.5904017857142857 0.08928571428571429 0.07254464285714286
13 0.8493303571428571 0.5066964285714286 0.08147321428571429 0.06696428571428571
13 0.9196428571428571 0.5 0.08928571428571429 0.06696428571428571
13 0.9185267857142857 0.4330357142857143 0.09151785714285714 0.06696428571428571
13 0.9319196428571429 0.36941964285714285 0.08370535714285714 0.0625
13 0.8448660714285714 0.34598214285714285 0.08928571428571429 0.06696428571428571
13 0.9375 0.29464285714285715 0.08147321428571429 0.06696428571428571
13 0.8504464285714286 0.29464285714285715 0.08928571428571429 0.06919642857142858
13 0.9006696428571429 0.21651785714285715 0.08705357142857142 0.07254464285714286
13 0.8169642857142857 0.23549107142857142 0.09151785714285714 0.06696428571428571
13 0.9665178571428571 0.19308035714285715 0.06696428571428571 0.0625
13 0.9419642857142857 0.09933035714285714 0.09598214285714286 0.07700892857142858
13 0.6852678571428571 0.11160714285714286 0.09598214285714286 0.07254464285714286
13 0.6618303571428571 0.19977678571428573 0.09598214285714286 0.06696428571428571
13 0.734375 0.23995535714285715 0.08147321428571429 0.06696428571428571
13 0.6551339285714286 0.27455357142857145 0.09375 0.06696428571428571
13 0.7399553571428571 0.31919642857142855 0.09598214285714286 0.06696428571428571
13 0.5479910714285714 0.37276785714285715 0.08705357142857142 0.07700892857142858
1 0.5625 0.2611607142857143 0.09151785714285714 0.07254464285714286
13 0.46875 0.45870535714285715 0.08147321428571429 0.06473214285714286
13 0.38392857142857145 0.4564732142857143 0.07924107142857142 0.06919642857142858
13 0.4419642857142857 0.5334821428571429 0.08705357142857142 0.0625
13 0.35379464285714285 0.5256696428571429 0.08147321428571429 0.0625
13 0.38169642857142855 0.5814732142857143 0.08147321428571429 0.06696428571428571
13 0.3482142857142857 0.6238839285714286 0.09151785714285714 0.06919642857142858
13 0.42857142857142855 0.6551339285714286 0.08370535714285714 0.0625
7 0.4966517857142857 0.5959821428571429 0.10044642857142858 0.07700892857142858
13 0.4966517857142857 0.6930803571428571 0.08705357142857142 0.06696428571428571
13 0.4497767857142857 0.8470982142857143 0.09598214285714286 0.06919642857142858
13 0.4263392857142857 0.9040178571428571 0.10044642857142858 0.06696428571428571
13 0.3470982142857143 0.9553571428571429 0.10044642857142858 0.06696428571428571
13 0.29017857142857145 0.8950892857142857 0.08705357142857142 0.06473214285714286
13 0.3482142857142857 0.8426339285714286 0.08928571428571429 0.06919642857142858
13 0.26450892857142855 0.8270089285714286 0.08705357142857142 0.07254464285714286
13 0.32700892857142855 0.7332589285714286 0.09598214285714286 0.06696428571428571
13 0.22209821428571427 0.640625 0.08928571428571429 0.07254464285714286
13 0.13727678571428573 0.6428571428571429 0.08705357142857142 0.06696428571428571
13 0.16071428571428573 0.5803571428571429 0.08370535714285714 0.0625
13 0.18080357142857142 0.5167410714285714 0.08705357142857142 0.06696428571428571
13 0.22991071428571427 0.3794642857142857 0.09151785714285714 0.07254464285714286
13 0.3392857142857143 0.36607142857142855 0.08705357142857142 0.0625
13 0.35714285714285715 0.28794642857142855 0.08705357142857142 0.0625
13 0.26450892857142855 0.25558035714285715 0.07700892857142858 0.05803571428571429
13 0.33705357142857145 0.22433035714285715 0.07700892857142858 0.0625
13 0.36607142857142855 0.15848214285714285 0.09375 0.06696428571428571
13 0.2544642857142857 0.16852678571428573 0.09598214285714286 0.06919642857142858
13 0.20758928571428573 0.11049107142857142 0.09598214285714286 0.06919642857142858
13 0.19642857142857142 0.04575892857142857 0.08705357142857142 0.0625
13 0.27901785714285715 0.052455357142857144 0.08147321428571429 0.0625
13 0.32924107142857145 0.022321428571428572 0.09151785714285714 0.044642857142857144
13 0.41517857142857145 0.024553571428571428 0.08147321428571429 0.04799107142857143
13 0.5256696428571429 0.025669642857142856 0.09151785714285714 0.05022321428571429
13 0.11830357142857142 0.20200892857142858 0.08705357142857142 0.06696428571428571
13 0.18526785714285715 0.24665178571428573 0.08370535714285714 0.0625
13 0.12165178571428571 0.2924107142857143 0.09151785714285714 0.06696428571428571
13 0.04575892857142857 0.2779017857142857 0.08705357142857142 0.06696428571428571
13 0.06584821428571429 0.34486607142857145 0.07700892857142858 0.06696428571428571
13 0.11941964285714286 0.39732142857142855 0.08705357142857142 0.0625
13 0.05357142857142857 0.10714285714285714 0.08928571428571429 0.0625
13 0.05580357142857143 0.49776785714285715 0.08147321428571429 0.0625
13 0.07366071428571429 0.5837053571428571 0.08705357142857142 0.0625
5 0.11830357142857142 0.7455357142857143 0.09151785714285714 0.06696428571428571
13 0.20089285714285715 0.7633928571428571 0.08705357142857142 0.06696428571428571
13 0.09486607142857142 0.8102678571428571 0.08705357142857142 0.06473214285714286
13 0.05580357142857143 0.8392857142857143 0.08705357142857142 0.06919642857142858
13 0.036830357142857144 0.7265625 0.07366071428571429 0.06919642857142858
13 0.6071428571428571 0.578125 0.09151785714285714 0.06696428571428571
13 0.5725446428571429 0.4732142857142857 0.08705357142857142 0.06696428571428571
13 0.6607142857142857 0.48995535714285715 0.08928571428571429 0.05803571428571429
5 0.8939732142857143 0.14955357142857142 0.07254464285714286 0.06696428571428571
13 0.5680803571428571 0.6350446428571429 0.08147321428571429 0.05803571428571429
13 0.578125 0.6964285714285714 0.08705357142857142 0.05580357142857143
13 0.6305803571428571 0.36607142857142855 0.08370535714285714 0.06696428571428571
13 0.5792410714285714 0.17299107142857142 0.08705357142857142 0.06696428571428571