1 0.8950892857142857 0.25669642857142855 0.09598214285714286 0.07477678571428571
1 0.8002232142857143 0.2533482142857143 0.10602678571428571 0.07700892857142858
1 0.7220982142857143 0.26339285714285715 0.09375 0.06919642857142858
1 0.5982142857142857 0.25 0.09598214285714286 0.09151785714285714
1 0.6450892857142857 0.28013392857142855 0.08370535714285714 0.07700892857142858
1 0.6082589285714286 0.5145089285714286 0.09151785714285714 0.06919642857142858
1 0.43861607142857145 0.38839285714285715 0.09151785714285714 0.07477678571428571
1 0.578125 0.8247767857142857 0.08370535714285714 0.07254464285714286
1 0.29017857142857145 0.8325892857142857 0.08928571428571429 0.06919642857142858
1 0.37388392857142855 0.5066964285714286 0.09598214285714286 0.06696428571428571
1 0.625 0.6529017857142857 0.08705357142857142 0.0625
1 0.6305803571428571 0.71875 0.08705357142857142 0.05803571428571429
1 0.53125 0.3794642857142857 0.09151785714285714 0.060267857142857144
1 0.5133928571428571 0.5714285714285714 0.08147321428571429 0.0625
1 0.5279017857142857 0.515625 0.07254464285714286 0.0625
1 0.9419642857142857 0.6707589285714286 0.08147321428571429 0.052455357142857144
1 0.8950892857142857 0.7354910714285714 0.10602678571428571 0.0625
17 0.8035714285714286 0.47879464285714285 0.08705357142857142 0.05803571428571429
17 0.8381696428571429 0.9698660714285714 0.08147321428571429 0.060267857142857144
1 0.16183035714285715 0.8314732142857143 0.09151785714285714 0.052455357142857144
1 0.06361607142857142 0.6127232142857143 0.08705357142857142 0.06696428571428571
11 0.03794642857142857 0.29910714285714285 0.07589285714285714 0.0625
15 0.35044642857142855 0.41294642857142855 0.09151785714285714 0.0625
15 0.2935267857142857 0.6339285714285714 0.08705357142857142 0.06696428571428571
15 0.3002232142857143 0.5558035714285714 0.07700892857142858 0.05803571428571429
15 0.21875 0.11607142857142858 0.09598214285714286 0.06696428571428571
11 0.49776785714285715 0.3169642857142857 0.09151785714285714 0.07254464285714286
15 0.8214285714285714 0.1875 0.07700892857142858 0.07254464285714286
15 0.5770089285714286 0.125 0.07700892857142858 0.060267857142857144
11 0.5502232142857143 0.056919642857142856 0.10044642857142858 0.06696428571428571
17 0.49776785714285715 0.12723214285714285 0.08705357142857142 0.06696428571428571
1 0.7098214285714286 0.40848214285714285 0.10044642857142858 0.06696428571428571
12 0.7689732142857143 0.39285714285714285 0.03794642857142857 0.029017857142857144
12 0.8470982142857143 0.04017857142857143 0.04352678571428571 0.029017857142857144