15 0.19308035714285715 0.20535714285714285 0.07924107142857142 0.0625
15 0.328125 0.22433035714285715 0.07254464285714286 0.05580357142857143
15 0.23660714285714285 0.6573660714285714 0.07700892857142858 0.05803571428571429
14 0.6082589285714286 0.5881696428571429 0.08147321428571429 0.052455357142857144
13 0.07589285714285714 0.25223214285714285 0.09151785714285714 0.06919642857142858
5 0.7243303571428571 0.6305803571428571 0.09151785714285714 0.07700892857142858
15 0.6975446428571429 0.9095982142857143 0.07254464285714286 0.0625
17 0.18638392857142858 0.05357142857142857 0.09375 0.06919642857142858
17 0.28125 0.06361607142857142 0.09151785714285714 0.06919642857142858
17 0.36607142857142855 0.08258928571428571 0.09598214285714286 0.07700892857142858
17 0.32700892857142855 0.15736607142857142 0.09598214285714286 0.07254464285714286
17 0.40848214285714285 0.24776785714285715 0.09598214285714286 0.06696428571428571
17 0.11383928571428571 0.18080357142857142 0.10044642857142858 0.06696428571428571
17 0.17857142857142858 0.2857142857142857 0.11272321428571429 0.07700892857142858
17 0.17075892857142858 0.36941964285714285 0.11272321428571429 0.07700892857142858
17 0.12834821428571427 0.37276785714285715 0.10602678571428571 0.07700892857142858
17 0.29129464285714285 0.3794642857142857 0.09151785714285714 0.07700892857142858
17 0.37611607142857145 0.34598214285714285 0.08370535714285714 0.0625
17 0.43191964285714285 0.39955357142857145 0.08705357142857142 0.07254464285714286
17 0.43973214285714285 0.3247767857142857 0.11272321428571429 0.07700892857142858
17 0.09709821428571429 0.5279017857142857 0.11272321428571429 0.07700892857142858
17 0.04352678571428571 0.5558035714285714 0.08705357142857142 0.07700892857142858
14 0.19308035714285715 0.7198660714285714 0.09151785714285714 0.06919642857142858
17 0.3091517857142857 0.6004464285714286 0.09598214285714286 0.07700892857142858
17 0.4810267857142857 0.6517857142857143 0.11272321428571429 0.07700892857142858
17 0.44754464285714285 0.49441964285714285 0.09598214285714286 0.06696428571428571
17 0.5334821428571429 0.5256696428571429 0.11272321428571429 0.07700892857142858
17 0.5948660714285714 0.5133928571428571 0.08370535714285714 0.09375
17 0.640625 0.41629464285714285 0.09151785714285714 0.07254464285714286
17 0.6930803571428571 0.4888392857142857 0.10044642857142858 0.07700892857142858
17 0.8370535714285714 0.6026785714285714 0.09821428571428571 0.07254464285714286
17 0.9162946428571429 0.5457589285714286 0.09821428571428571 0.07254464285714286
17 0.8816964285714286 0.484375 0.09151785714285714 0.06696428571428571
17 0.9430803571428571 0.2611607142857143 0.11272321428571429 0.08370535714285714
17 0.7087053571428571 0.28013392857142855 0.10602678571428571 0.08370535714285714
17 0.9654017857142857 0.4419642857142857 0.06696428571428571 0.07700892857142858
17 0.9508928571428571 0.6863839285714286 0.09598214285714286 0.07700892857142858
17 0.8783482142857143 0.6875 0.09598214285714286 0.0625
17 0.7946428571428571 0.7287946428571429 0.08705357142857142 0.07254464285714286
17 0.6194196428571429 0.6417410714285714 0.11272321428571429 0.07700892857142858
17 0.4575892857142857 0.7712053571428571 0.09598214285714286 0.07254464285714286
17 0.6205357142857143 0.9174107142857143 0.09151785714285714 0.07700892857142858
17 0.7399553571428571 0.9520089285714286 0.09151785714285714 0.06696428571428571
17 0.890625 0.8191964285714286 0.08705357142857142 0.07254464285714286
17 0.9285714285714286 0.9095982142857143 0.10044642857142858 0.07254464285714286
17 0.9363839285714286 0.18638392857142858 0.09151785714285714 0.0625
17 0.8872767857142857 0.13392857142857142 0.10044642857142858 0.06919642857142858
17 0.7712053571428571 0.15736607142857142 0.11272321428571429 0.07700892857142858
17 0.6785714285714286 0.17633928571428573 0.10044642857142858 0.07477678571428571
17 0.6595982142857143 0.20758928571428573 0.10379464285714286 0.07254464285714286
17 0.47544642857142855 0.078125 0.10602678571428571 0.07700892857142858
17 0.5524553571428571 0.03459821428571429 0.10379464285714286 0.06473214285714286
17 0.03459821428571429 0.8783482142857143 0.06696428571428571 0.07700892857142858
17 0.4174107142857143 0.8370535714285714 0.11272321428571429 0.07254464285714286
17 0.5122767857142857 0.8694196428571429 0.11272321428571429 0.07700892857142858
5 0.5379464285714286 0.8080357142857143 0.09151785714285714 0.07254464285714286
17 0.8325892857142857 0.9676339285714286 0.11272321428571429 0.06473214285714286
17 0.34151785714285715 0.9397321428571429 0.08147321428571429 0.06473214285714286
17 0.44642857142857145 0.9073660714285714 0.11272321428571429 0.07700892857142858
17 0.9631696428571429 0.3404017857142857 0.07254464285714286 0.09151785714285714
14 0.9609375 0.7924107142857143 0.078125 0.0625
14 0.29799107142857145 0.25 0.08147321428571429 0.07700892857142858
5 0.40736607142857145 0.6183035714285714 0.09598214285714286 0.07700892857142858
5 0.578125 0.35044642857142855 0.10044642857142858 0.06696428571428571
5 0.5111607142857143 0.38058035714285715 0.08705357142857142 0.07477678571428571
14 0.8147321428571429 0.08147321428571429 0.08705357142857142 0.06696428571428571
17 0.7645089285714286 0.5424107142857143 0.10044642857142858 0.07700892857142858
5 0.07700892857142858 0.9754464285714286 0.09598214285714286 0.04799107142857143
11 0.09263392857142858 0.026785714285714284 0.10602678571428571 0.052455357142857144