3 0.28236607142857145 0.3091517857142857 0.43526785714285715 0.43973214285714285
13 0.05915178571428571 0.09151785714285714 0.11830357142857142 0.18303571428571427
13 0.4174107142857143 0.049107142857142856 0.16629464285714285 0.09821428571428571
13 0.15736607142857142 0.11495535714285714 0.27455357142857145 0.22991071428571427
13 0.05133928571428571 0.35267857142857145 0.10267857142857142 0.23660714285714285
13 0.9441964285714286 0.07589285714285714 0.11049107142857142 0.15178571428571427
13 0.5959821428571429 0.5055803571428571 0.19196428571428573 0.04575892857142857
3 0.7064732142857143 0.17857142857142858 0.4174107142857143 0.35714285714285715
13 0.9006696428571429 0.23995535714285715 0.19866071428571427 0.2611607142857143
13 0.609375 0.34598214285714285 0.21875 0.2544642857142857
13 0.8247767857142857 0.4174107142857143 0.26450892857142855 0.22321428571428573
13 0.9754464285714286 0.375 0.04799107142857143 0.21205357142857142
0 0.21875 0.8180803571428571 0.4375 0.3627232142857143
3 0.7433035714285714 0.8102678571428571 0.48549107142857145 0.3794642857142857