2 0.28683035714285715 0.9453125 0.078125 0.109375
2 0.041294642857142856 0.9207589285714286 0.07924107142857142 0.11272321428571429
2 0.5580357142857143 0.9162946428571429 0.07924107142857142 0.11272321428571429
2 0.7388392857142857 0.8649553571428571 0.10044642857142858 0.12946428571428573
2 0.6350446428571429 0.8694196428571429 0.07924107142857142 0.11272321428571429
2 0.14174107142857142 0.8660714285714286 0.07924107142857142 0.11272321428571429
2 0.6997767857142857 0.7957589285714286 0.07924107142857142 0.11272321428571429
2 0.48995535714285715 0.7924107142857143 0.07924107142857142 0.11272321428571429
2 0.1875 0.7935267857142857 0.07924107142857142 0.11272321428571429
2 0.4263392857142857 0.7332589285714286 0.07924107142857142 0.11272321428571429
2 0.37388392857142855 0.7388392857142857 0.07924107142857142 0.11272321428571429
2 0.2857142857142857 0.7020089285714286 0.07924107142857142 0.11272321428571429
2 0.7388392857142857 0.6729910714285714 0.07924107142857142 0.11272321428571429
2 0.6082589285714286 0.6540178571428571 0.07924107142857142 0.11272321428571429
2 0.5189732142857143 0.6450892857142857 0.07924107142857142 0.11272321428571429
2 0.9408482142857143 0.6305803571428571 0.07924107142857142 0.11272321428571429
2 0.20200892857142858 0.6026785714285714 0.07924107142857142 0.11272321428571429
2 0.8761160714285714 0.6272321428571429 0.07924107142857142 0.11272321428571429
2 0.6819196428571429 0.5959821428571429 0.07924107142857142 0.11272321428571429
2 0.18303571428571427 0.4877232142857143 0.07924107142857142 0.11272321428571429
2 0.4185267857142857 0.4877232142857143 0.07924107142857142 0.11272321428571429
2 0.6595982142857143 0.4654017857142857 0.08928571428571429 0.125
2 0.07924107142857142 0.46316964285714285 0.07924107142857142 0.11272321428571429
2 0.5926339285714286 0.4497767857142857 0.07924107142857142 0.11272321428571429
2 0.8794642857142857 0.45424107142857145 0.07924107142857142 0.11272321428571429
2 0.46316964285714285 0.4174107142857143 0.07924107142857142 0.11272321428571429
2 0.6763392857142857 0.37723214285714285 0.07924107142857142 0.11272321428571429
2 0.9319196428571429 0.38950892857142855 0.07924107142857142 0.11272321428571429
2 0.15401785714285715 0.35825892857142855 0.08705357142857142 0.11830357142857142
2 0.0625 0.36941964285714285 0.07924107142857142 0.11272321428571429
2 0.515625 0.3325892857142857 0.07924107142857142 0.11272321428571429
2 0.6138392857142857 0.32589285714285715 0.08928571428571429 0.11830357142857142
2 0.78125 0.30691964285714285 0.07924107142857142 0.11272321428571429
2 0.35714285714285715 0.32589285714285715 0.08705357142857142 0.12276785714285714
2 0.6529017857142857 0.25111607142857145 0.09151785714285714 0.11830357142857142
2 0.08147321428571429 0.25669642857142855 0.08928571428571429 0.12276785714285714
2 0.9620535714285714 0.23660714285714285 0.07589285714285714 0.11160714285714286
2 0.7857142857142857 0.19866071428571427 0.07924107142857142 0.11272321428571429
2 0.19196428571428573 0.1875 0.07700892857142858 0.11272321428571429
2 0.48995535714285715 0.17299107142857142 0.07924107142857142 0.11272321428571429
2 0.9229910714285714 0.13058035714285715 0.07924107142857142 0.11272321428571429
2 0.84375 0.11607142857142858 0.07924107142857142 0.11272321428571429
2 0.3716517857142857 0.10379464285714286 0.08705357142857142 0.12053571428571429
2 0.7912946428571429 0.08147321428571429 0.07924107142857142 0.11272321428571429
2 0.24553571428571427 0.06919642857142858 0.08705357142857142 0.11830357142857142
12 0.9430803571428571 0.3482142857142857 0.03125 0.04575892857142857
8 0.6272321428571429 0.20089285714285715 0.052455357142857144 0.07477678571428571
15 0.6674107142857143 0.05133928571428571 0.03794642857142857 0.05803571428571429
12 0.25223214285714285 0.5647321428571429 0.03571428571428571 0.04575892857142857
12 0.32589285714285715 0.5803571428571429 0.03125 0.04799107142857143
2 0.5223214285714286 0.8928571428571429 0.08705357142857142 0.10602678571428571