17 0.7154017857142857 0.3169642857142857 0.11272321428571429 0.07700892857142858
17 0.4966517857142857 0.4341517857142857 0.11272321428571429 0.07700892857142858
17 0.07366071428571429 0.8683035714285714 0.11272321428571429 0.07700892857142858
17 0.31026785714285715 0.8013392857142857 0.11272321428571429 0.07700892857142858
17 0.47098214285714285 0.859375 0.11272321428571429 0.07700892857142858
17 0.5647321428571429 0.8783482142857143 0.11272321428571429 0.07700892857142858
17 0.7622767857142857 0.16852678571428573 0.11272321428571429 0.07700892857142858
17 0.6540178571428571 0.45424107142857145 0.11272321428571429 0.07700892857142858
17 0.6785714285714286 0.3872767857142857 0.11272321428571429 0.07700892857142858
17 0.5401785714285714 0.07924107142857142 0.11272321428571429 0.07700892857142858
17 0.40625 0.20758928571428573 0.11272321428571429 0.07700892857142858
17 0.4810267857142857 0.28125 0.11272321428571429 0.07700892857142858
17 0.6082589285714286 0.30580357142857145 0.11272321428571429 0.07700892857142858
17 0.3939732142857143 0.46875 0.11272321428571429 0.07700892857142858
17 0.4029017857142857 0.7912946428571429 0.11272321428571429 0.07700892857142858
17 0.3002232142857143 0.8604910714285714 0.11272321428571429 0.07700892857142858
17 0.22433035714285715 0.7544642857142857 0.11272321428571429 0.07924107142857142
17 0.041294642857142856 0.6049107142857143 0.08147321428571429 0.07700892857142858
17 0.3950892857142857 0.5926339285714286 0.11272321428571429 0.07700892857142858
17 0.5569196428571429 0.640625 0.11272321428571429 0.07700892857142858
17 0.9029017857142857 0.9620535714285714 0.11383928571428571 0.07589285714285714
14 0.8582589285714286 0.5212053571428571 0.11272321428571429 0.07700892857142858
11 0.29575892857142855 0.27120535714285715 0.11272321428571429 0.07700892857142858
14 0.6595982142857143 0.18191964285714285 0.11272321428571429 0.07700892857142858
11 0.7075892857142857 0.6618303571428571 0.11272321428571429 0.07700892857142858
17 0.5502232142857143 0.3549107142857143 0.11272321428571429 0.07700892857142858
5 0.5200892857142857 0.5926339285714286 0.11272321428571429 0.07700892857142858
17 0.20647321428571427 0.17745535714285715 0.11272321428571429 0.07700892857142858
17 0.65625 0.12611607142857142 0.11272321428571429 0.07700892857142858
17 0.5435267857142857 0.22209821428571427 0.11272321428571429 0.07700892857142858
14 0.21651785714285715 0.32924107142857145 0.11272321428571429 0.07700892857142858
11 0.16517857142857142 0.09821428571428571 0.11272321428571429 0.07700892857142858
8 0.18526785714285715 0.5558035714285714 0.11272321428571429 0.07700892857142858
16 0.16852678571428573 0.9564732142857143 0.11272321428571429 0.07700892857142858
13 0.5770089285714286 0.9575892857142857 0.10602678571428571 0.06696428571428571
5 0.2935267857142857 0.5145089285714286 0.11272321428571429 0.07700892857142858
5 0.10825892857142858 0.31919642857142855 0.11272321428571429 0.07700892857142858
11 0.31808035714285715 0.18191964285714285 0.11272321428571429 0.07700892857142858