17 0.8470982142857143 0.4252232142857143 0.11272321428571429 0.07700892857142858
5 0.7589285714285714 0.38950892857142855 0.11272321428571429 0.07700892857142858
1 0.6395089285714286 0.29575892857142855 0.11272321428571429 0.07700892857142858
5 0.6350446428571429 0.10714285714285714 0.09821428571428571 0.06696428571428571
5 0.5770089285714286 0.21763392857142858 0.09151785714285714 0.06696428571428571
5 0.38392857142857145 0.37276785714285715 0.08370535714285714 0.06696428571428571
5 0.31026785714285715 0.34151785714285715 0.09151785714285714 0.06473214285714286
5 0.22209821428571427 0.3705357142857143 0.08705357142857142 0.07254464285714286
5 0.19866071428571427 0.5279017857142857 0.08705357142857142 0.06696428571428571
5 0.22544642857142858 0.5814732142857143 0.08705357142857142 0.0625
5 0.1875 0.6294642857142857 0.08147321428571429 0.0625
5 0.12834821428571427 0.9029017857142857 0.08370535714285714 0.07700892857142858
5 0.8772321428571429 0.7087053571428571 0.11272321428571429 0.07924107142857142
5 0.6205357142857143 0.7220982142857143 0.11272321428571429 0.07700892857142858
1 0.09709821428571429 0.05022321428571429 0.09821428571428571 0.06696428571428571
5 0.18191964285714285 0.13616071428571427 0.09598214285714286 0.06696428571428571
1 0.29017857142857145 0.48995535714285715 0.09151785714285714 0.0625
5 0.8337053571428571 0.18861607142857142 0.09151785714285714 0.06919642857142858
1 0.4955357142857143 0.5379464285714286 0.10044642857142858 0.06696428571428571
1 0.265625 0.8058035714285714 0.09375 0.06696428571428571
1 0.8314732142857143 0.6071428571428571 0.08928571428571429 0.07254464285714286
1 0.7220982142857143 0.5055803571428571 0.08370535714285714 0.07477678571428571
1 0.6919642857142857 0.4341517857142857 0.10602678571428571 0.060267857142857144
1 0.8069196428571429 0.5033482142857143 0.08147321428571429 0.08147321428571429
1 0.33705357142857145 0.42075892857142855 0.09151785714285714 0.0625