14 0.71875 0.18973214285714285 0.08147321428571429 0.05803571428571429
14 0.8392857142857143 0.2767857142857143 0.08705357142857142 0.05803571428571429
14 0.6149553571428571 0.060267857142857144 0.08928571428571429 0.05803571428571429
14 0.4252232142857143 0.8638392857142857 0.07924107142857142 0.05580357142857143
14 0.8236607142857143 0.041294642857142856 0.09151785714285714 0.06473214285714286
14 0.37276785714285715 0.6339285714285714 0.08705357142857142 0.0625
14 0.20982142857142858 0.6004464285714286 0.09151785714285714 0.07254464285714286
18 0.9073660714285714 0.8404017857142857 0.125 0.08705357142857142
18 0.8214285714285714 0.46205357142857145 0.11272321428571429 0.07700892857142858
5 0.22098214285714285 0.18191964285714285 0.11272321428571429 0.07700892857142858
5 0.27120535714285715 0.4341517857142857 0.11495535714285714 0.08705357142857142
5 0.05357142857142857 0.7801339285714286 0.10602678571428571 0.08705357142857142
18 0.8102678571428571 0.38839285714285715 0.11272321428571429 0.07700892857142858
8 0.28794642857142855 0.6651785714285714 0.07700892857142858 0.052455357142857144