6 0.17075892857142858 0.12276785714285714 0.34151785714285715 0.24553571428571427
6 0.6551339285714286 0.16517857142857142 0.35379464285714285 0.32924107142857145
9 0.29464285714285715 0.5848214285714286 0.36830357142857145 0.5122767857142857
12 0.49330357142857145 0.7131696428571429 0.029017857142857144 0.10825892857142858
12 0.859375 0.6674107142857143 0.07924107142857142 0.06473214285714286
13 0.6607142857142857 0.9665178571428571 0.25 0.06696428571428571
13 0.8125 0.9375 0.23549107142857142 0.125
13 0.9118303571428571 0.609375 0.17522321428571427 0.24330357142857142
13 0.9453125 0.43526785714285715 0.109375 0.21428571428571427
3 0.7142857142857143 0.49330357142857145 0.47098214285714285 0.32700892857142855
13 0.5625 0.8828125 0.16964285714285715 0.234375
13 0.921875 0.84375 0.15625 0.26450892857142855
13 0.6383928571428571 0.7087053571428571 0.25223214285714285 0.22879464285714285