13 0.43861607142857145 0.53125 0.14174107142857142 0.11495535714285714
13 0.16517857142857142 0.19642857142857142 0.20200892857142858 0.21205357142857142
13 0.26674107142857145 0.15178571428571427 0.21205357142857142 0.19196428571428573
13 0.05580357142857143 0.5357142857142857 0.11049107142857142 0.10602678571428571
13 0.41964285714285715 0.10825892857142858 0.18080357142857142 0.21651785714285715
13 0.05357142857142857 0.26674107142857145 0.10714285714285714 0.21651785714285715
13 0.07589285714285714 0.09933035714285714 0.15178571428571427 0.19866071428571427
13 0.07477678571428571 0.4330357142857143 0.14955357142857142 0.21205357142857142
0 0.35714285714285715 0.35044642857142855 0.30580357142857145 0.40848214285714285
0 0.8616071428571429 0.2924107142857143 0.2767857142857143 0.53125
10 0.20758928571428573 0.6975446428571429 0.38169642857142855 0.21651785714285715
6 0.6975446428571429 0.8482142857142857 0.375 0.30245535714285715