15 0.14955357142857142 0.38169642857142855 0.06919642857142858 0.10044642857142858
15 0.18638392857142858 0.17522321428571427 0.07924107142857142 0.10044642857142858
18 0.6082589285714286 0.36160714285714285 0.060267857142857144 0.08705357142857142
18 0.6026785714285714 0.6584821428571429 0.08147321428571429 0.11495535714285714
14 0.12723214285714285 0.5212053571428571 0.06473214285714286 0.08928571428571429
14 0.3783482142857143 0.21316964285714285 0.04799107142857143 0.07477678571428571
18 0.6037946428571429 0.05133928571428571 0.06696428571428571 0.08705357142857142
18 0.9118303571428571 0.5457589285714286 0.09151785714285714 0.11049107142857142
7 0.5714285714285714 0.5714285714285714 0.08928571428571429 0.11495535714285714
11 0.43191964285714285 0.17633928571428573 0.08705357142857142 0.13169642857142858
11 0.35044642857142855 0.3950892857142857 0.07924107142857142 0.11272321428571429
11 0.20982142857142858 0.33705357142857145 0.08705357142857142 0.11830357142857142
18 0.06919642857142858 0.16741071428571427 0.07924107142857142 0.11272321428571429
13 0.3236607142857143 0.8247767857142857 0.07924107142857142 0.11272321428571429
5 0.7354910714285714 0.5959821428571429 0.07924107142857142 0.11272321428571429
5 0.8705357142857143 0.7064732142857143 0.07924107142857142 0.11272321428571429
12 0.6372767857142857 0.13950892857142858 0.03125 0.04799107142857143
12 0.734375 0.49776785714285715 0.03571428571428571 0.052455357142857144
12 0.9698660714285714 0.5881696428571429 0.033482142857142856 0.041294642857142856
12 0.7142857142857143 0.7801339285714286 0.033482142857142856 0.04799107142857143
12 0.41964285714285715 0.7310267857142857 0.03125 0.041294642857142856
12 0.24107142857142858 0.7053571428571429 0.03571428571428571 0.052455357142857144