15 0.6450892857142857 0.29017857142857145 0.07254464285714286 0.05803571428571429
15 0.5401785714285714 0.19419642857142858 0.06696428571428571 0.04799107142857143
15 0.3392857142857143 0.5323660714285714 0.07700892857142858 0.052455357142857144
15 0.9229910714285714 0.15848214285714285 0.08705357142857142 0.060267857142857144
18 0.48549107142857145 0.5747767857142857 0.11272321428571429 0.07700892857142858
18 0.15959821428571427 0.48660714285714285 0.07477678571428571 0.09598214285714286
14 0.4486607142857143 0.06473214285714286 0.08147321428571429 0.05803571428571429
14 0.4408482142857143 0.75 0.07254464285714286 0.04352678571428571
17 0.5412946428571429 0.7466517857142857 0.09151785714285714 0.06696428571428571
17 0.6763392857142857 0.8861607142857143 0.12946428571428573 0.08705357142857142
17 0.5625 0.9497767857142857 0.11272321428571429 0.07700892857142858
17 0.49107142857142855 0.8136160714285714 0.10044642857142858 0.06473214285714286
17 0.42745535714285715 0.9620535714285714 0.11383928571428571 0.07589285714285714
17 0.3325892857142857 0.8571428571428571 0.10044642857142858 0.07924107142857142
17 0.08258928571428571 0.890625 0.09151785714285714 0.08147321428571429
17 0.033482142857142856 0.7801339285714286 0.06696428571428571 0.07700892857142858
17 0.37388392857142855 0.48660714285714285 0.09151785714285714 0.07254464285714286
17 0.5 0.3638392857142857 0.11272321428571429 0.07700892857142858
17 0.6082589285714286 0.41629464285714285 0.10044642857142858 0.07477678571428571
17 0.6517857142857143 0.484375 0.09821428571428571 0.06696428571428571
17 0.8459821428571429 0.7299107142857143 0.11272321428571429 0.07700892857142858
17 0.8370535714285714 0.37723214285714285 0.09151785714285714 0.060267857142857144
17 0.9330357142857143 0.3638392857142857 0.09151785714285714 0.06696428571428571
17 0.8303571428571429 0.4877232142857143 0.08705357142857142 0.06696428571428571
17 0.8683035714285714 0.25111607142857145 0.10044642857142858 0.07700892857142858
17 0.7600446428571429 0.09263392857142858 0.10044642857142858 0.07700892857142858
17 0.7064732142857143 0.15290178571428573 0.11272321428571429 0.07700892857142858
17 0.6830357142857143 0.033482142857142856 0.09151785714285714 0.06696428571428571
17 0.6305803571428571 0.17299107142857142 0.11272321428571429 0.07700892857142858
17 0.5200892857142857 0.08147321428571429 0.11272321428571429 0.07700892857142858
17 0.5959821428571429 0.33705357142857145 0.11272321428571429 0.07700892857142858
17 0.43861607142857145 0.27455357142857145 0.10044642857142858 0.06696428571428571
17 0.3627232142857143 0.03794642857142857 0.11383928571428571 0.07589285714285714
17 0.26450892857142855 0.16294642857142858 0.10044642857142858 0.06919642857142858
17 0.3325892857142857 0.328125 0.09151785714285714 0.06696428571428571
17 0.21875 0.26450892857142855 0.09151785714285714 0.06919642857142858
17 0.18191964285714285 0.21986607142857142 0.08705357142857142 0.07254464285714286
17 0.10379464285714286 0.19419642857142858 0.09151785714285714 0.06473214285714286
17 0.13392857142857142 0.36495535714285715 0.10044642857142858 0.07700892857142858
17 0.9575892857142857 0.8526785714285714 0.08147321428571429 0.07477678571428571
17 0.7310267857142857 0.9709821428571429 0.09598214285714286 0.05803571428571429
17 0.6774553571428571 0.9765625 0.11383928571428571 0.046875
5 0.2845982142857143 0.6651785714285714 0.08705357142857142 0.06696428571428571
5 0.4095982142857143 0.796875 0.11272321428571429 0.07700892857142858
5 0.07589285714285714 0.4575892857142857 0.07700892857142858 0.0625
17 0.9263392857142857 0.03459821428571429 0.10044642857142858 0.06696428571428571
15 0.7154017857142857 0.6651785714285714 0.09598214285714286 0.07254464285714286
17 0.7745535714285714 0.5569196428571429 0.10044642857142858 0.0625
15 0.7756696428571429 0.7678571428571429 0.09598214285714286 0.07924107142857142
17 0.14174107142857142 0.6160714285714286 0.09151785714285714 0.07700892857142858
15 0.6662946428571429 0.7243303571428571 0.08147321428571429 0.0625
15 0.9207589285714286 0.7377232142857143 0.07700892857142858 0.06919642857142858
5 0.7611607142857143 0.19196428571428573 0.09151785714285714 0.07254464285714286
17 0.8549107142857143 0.14955357142857142 0.11272321428571429 0.07700892857142858
5 0.296875 0.45535714285714285 0.07924107142857142 0.06696428571428571
11 0.19196428571428573 0.6462053571428571 0.09151785714285714 0.07700892857142858
15 0.43861607142857145 0.859375 0.07254464285714286 0.05803571428571429
14 0.8035714285714286 0.8482142857142857 0.11272321428571429 0.07924107142857142