13 0.07142857142857142 0.05357142857142857 0.14285714285714285 0.10714285714285714
13 0.9508928571428571 0.9051339285714286 0.09821428571428571 0.18973214285714285
13 0.06919642857142858 0.9375 0.13839285714285715 0.125
13 0.8325892857142857 0.033482142857142856 0.28794642857142855 0.06696428571428571
12 0.6283482142857143 0.2544642857142857 0.08705357142857142 0.07924107142857142
13 0.6127232142857143 0.9598214285714286 0.23102678571428573 0.07477678571428571
13 0.09040178571428571 0.24665178571428573 0.18080357142857142 0.24553571428571427
13 0.9341517857142857 0.16964285714285715 0.12723214285714285 0.25223214285714285
13 0.9263392857142857 0.7020089285714286 0.14620535714285715 0.23772321428571427
13 0.9185267857142857 0.39955357142857145 0.16294642857142858 0.23325892857142858
13 0.8147321428571429 0.9241071428571429 0.23549107142857142 0.15178571428571427
12 0.3013392857142857 0.5200892857142857 0.08705357142857142 0.09375
13 0.13504464285714285 0.6383928571428571 0.22098214285714285 0.25223214285714285
13 0.7845982142857143 0.24665178571428573 0.23102678571428573 0.23995535714285715
13 0.8214285714285714 0.5435267857142857 0.25223214285714285 0.24330357142857142
3 0.5089285714285714 0.5 0.38504464285714285 0.4497767857142857
13 0.36495535714285715 0.17522321428571427 0.23102678571428573 0.25
3 0.3783482142857143 0.8270089285714286 0.39174107142857145 0.34598214285714285