17 0.6540178571428571 0.6674107142857143 0.09151785714285714 0.11830357142857142
17 0.35825892857142855 0.16741071428571427 0.08705357142857142 0.11495535714285714
17 0.5491071428571429 0.26450892857142855 0.07924107142857142 0.11272321428571429
17 0.5948660714285714 0.15066964285714285 0.07700892857142858 0.11272321428571429
17 0.049107142857142856 0.10491071428571429 0.07924107142857142 0.11272321428571429
14 0.5959821428571429 0.9207589285714286 0.05803571428571429 0.06919642857142858
14 0.11830357142857142 0.36941964285714285 0.04799107142857143 0.06919642857142858
14 0.35267857142857145 0.41294642857142855 0.05803571428571429 0.08370535714285714
14 0.20758928571428573 0.11272321428571429 0.07924107142857142 0.11272321428571429
14 0.9486607142857143 0.3158482142857143 0.07924107142857142 0.11272321428571429
14 0.09598214285714286 0.8225446428571429 0.06696428571428571 0.09821428571428571
14 0.06138392857142857 0.30580357142857145 0.06696428571428571 0.07700892857142858
5 0.7299107142857143 0.8772321428571429 0.07924107142857142 0.11272321428571429
5 0.15178571428571427 0.7857142857142857 0.07924107142857142 0.11272321428571429
5 0.5881696428571429 0.5825892857142857 0.07924107142857142 0.11272321428571429
14 0.3125 0.32142857142857145 0.07924107142857142 0.11272321428571429
5 0.31808035714285715 0.2622767857142857 0.07924107142857142 0.11272321428571429
18 0.34486607142857145 0.5625 0.07924107142857142 0.11272321428571429
18 0.14955357142857142 0.17633928571428573 0.09821428571428571 0.13169642857142858
18 0.9185267857142857 0.5502232142857143 0.07924107142857142 0.11272321428571429
7 0.11160714285714286 0.22321428571428573 0.06696428571428571 0.08147321428571429
14 0.018973214285714284 0.2779017857142857 0.03794642857142857 0.05580357142857143
12 0.09933035714285714 0.12723214285714285 0.029017857142857144 0.03125
8 0.8214285714285714 0.6372767857142857 0.052455357142857144 0.06919642857142858
12 0.8470982142857143 0.640625 0.03125 0.033482142857142856
11 0.6450892857142857 0.09263392857142858 0.09821428571428571 0.11830357142857142