13 0.7544642857142857 0.08482142857142858 0.07700892857142858 0.11272321428571429
13 0.6707589285714286 0.10602678571428571 0.07700892857142858 0.11272321428571429
11 0.6350446428571429 0.16741071428571427 0.07700892857142858 0.08928571428571429
13 0.7700892857142857 0.17633928571428573 0.07700892857142858 0.11272321428571429
13 0.8627232142857143 0.22433035714285715 0.07254464285714286 0.09598214285714286
13 0.78125 0.3627232142857143 0.07700892857142858 0.11272321428571429
1 0.32700892857142855 0.5167410714285714 0.07700892857142858 0.11272321428571429
11 0.28236607142857145 0.3002232142857143 0.07700892857142858 0.11272321428571429
2 0.16294642857142858 0.09933035714285714 0.07700892857142858 0.11272321428571429
2 0.12165178571428571 0.6651785714285714 0.07700892857142858 0.11272321428571429
11 0.26004464285714285 0.09375 0.07700892857142858 0.11272321428571429
13 0.9375 0.08370535714285714 0.06696428571428571 0.09151785714285714
13 0.9408482142857143 0.32700892857142855 0.07700892857142858 0.11272321428571429
13 0.9587053571428571 0.41964285714285715 0.0625 0.08705357142857142
13 0.859375 0.5044642857142857 0.07700892857142858 0.11272321428571429
13 0.9363839285714286 0.5602678571428571 0.07700892857142858 0.11272321428571429
13 0.9732142857142857 0.6104910714285714 0.052455357142857144 0.11272321428571429
13 0.9430803571428571 0.6975446428571429 0.07700892857142858 0.08928571428571429
13 0.9341517857142857 0.953125 0.07700892857142858 0.09375
13 0.8627232142857143 0.9051339285714286 0.07700892857142858 0.08370535714285714
13 0.8683035714285714 0.7924107142857143 0.07700892857142858 0.11272321428571429
13 0.8370535714285714 0.7533482142857143 0.07700892857142858 0.11272321428571429
13 0.8125 0.6651785714285714 0.07700892857142858 0.11272321428571429
13 0.7645089285714286 0.7589285714285714 0.07700892857142858 0.11272321428571429
13 0.78125 0.8158482142857143 0.07700892857142858 0.11272321428571429
13 0.6863839285714286 0.9419642857142857 0.07700892857142858 0.09151785714285714
13 0.6261160714285714 0.9430803571428571 0.07700892857142858 0.11272321428571429
13 0.5970982142857143 0.8872767857142857 0.07700892857142858 0.11272321428571429
13 0.5770089285714286 0.9575892857142857 0.07700892857142858 0.08147321428571429
13 0.6194196428571429 0.8247767857142857 0.07700892857142858 0.11272321428571429
13 0.6395089285714286 0.7165178571428571 0.07700892857142858 0.11272321428571429
13 0.6819196428571429 0.6529017857142857 0.07700892857142858 0.11272321428571429
13 0.7488839285714286 0.6674107142857143 0.07700892857142858 0.11272321428571429
13 0.7700892857142857 0.5881696428571429 0.07700892857142858 0.11272321428571429
13 0.7477678571428571 0.4654017857142857 0.07700892857142858 0.11272321428571429
13 0.8080357142857143 0.42745535714285715 0.07700892857142858 0.11272321428571429
11 0.5569196428571429 0.6060267857142857 0.07700892857142858 0.08705357142857142
13 0.47433035714285715 0.8158482142857143 0.07700892857142858 0.11272321428571429
13 0.4654017857142857 0.8627232142857143 0.07700892857142858 0.11272321428571429
13 0.43191964285714285 0.9352678571428571 0.07700892857142858 0.11272321428571429
13 0.37388392857142855 0.9207589285714286 0.07700892857142858 0.11272321428571429
13 0.3236607142857143 0.8459821428571429 0.07700892857142858 0.11272321428571429
13 0.24553571428571427 0.8470982142857143 0.07700892857142858 0.11272321428571429
13 0.24441964285714285 0.8214285714285714 0.07700892857142858 0.11272321428571429
13 0.13616071428571427 0.8783482142857143 0.07700892857142858 0.11272321428571429
13 0.08258928571428571 0.9207589285714286 0.07700892857142858 0.11272321428571429
1 0.07700892857142858 0.8058035714285714 0.07700892857142858 0.09598214285714286
13 0.03125 0.8883928571428571 0.0625 0.11272321428571429
13 0.04575892857142857 0.6439732142857143 0.07700892857142858 0.11272321428571429
11 0.26004464285714285 0.7310267857142857 0.07700892857142858 0.11272321428571429
13 0.3169642857142857 0.7064732142857143 0.07700892857142858 0.11272321428571429
13 0.3716517857142857 0.6283482142857143 0.07700892857142858 0.11272321428571429
13 0.4174107142857143 0.7834821428571429 0.07700892857142858 0.11272321428571429
13 0.515625 0.5747767857142857 0.07700892857142858 0.11272321428571429
13 0.6529017857142857 0.41294642857142855 0.07700892857142858 0.08147321428571429
13 0.6696428571428571 0.32589285714285715 0.0625 0.09598214285714286
13 0.6082589285714286 0.3470982142857143 0.06696428571428571 0.09598214285714286
13 0.4654017857142857 0.4486607142857143 0.07700892857142858 0.11272321428571429
13 0.47544642857142855 0.35267857142857145 0.07700892857142858 0.11272321428571429
13 0.3549107142857143 0.4252232142857143 0.07700892857142858 0.11272321428571429
13 0.33370535714285715 0.4888392857142857 0.07700892857142858 0.11272321428571429
13 0.21986607142857142 0.5792410714285714 0.07700892857142858 0.11272321428571429
13 0.22544642857142858 0.45982142857142855 0.07700892857142858 0.11272321428571429
13 0.17522321428571427 0.4720982142857143 0.07700892857142858 0.11272321428571429
13 0.08928571428571429 0.5279017857142857 0.07700892857142858 0.11272321428571429
13 0.04575892857142857 0.5479910714285714 0.07700892857142858 0.11272321428571429
13 0.036830357142857144 0.47098214285714285 0.07254464285714286 0.11272321428571429
13 0.036830357142857144 0.38504464285714285 0.07366071428571429 0.11383928571428571
13 0.12834821428571427 0.33482142857142855 0.07700892857142858 0.11272321428571429
13 0.22433035714285715 0.3325892857142857 0.07700892857142858 0.11272321428571429
13 0.33370535714285715 0.27566964285714285 0.07700892857142858 0.11272321428571429
13 0.30580357142857145 0.23325892857142858 0.07700892857142858 0.11272321428571429
13 0.39174107142857145 0.20758928571428573 0.07700892857142858 0.11272321428571429
13 0.484375 0.21651785714285715 0.07700892857142858 0.11272321428571429
13 0.5736607142857143 0.036830357142857144 0.07589285714285714 0.07366071428571429
13 0.6930803571428571 0.044642857142857144 0.07924107142857142 0.08928571428571429
13 0.2533482142857143 0.18415178571428573 0.07700892857142858 0.11272321428571429
13 0.19308035714285715 0.16852678571428573 0.07700892857142858 0.11272321428571429
13 0.16741071428571427 0.2611607142857143 0.07700892857142858 0.11272321428571429
11 0.10491071428571429 0.18861607142857142 0.07700892857142858 0.11272321428571429
13 0.08705357142857142 0.10602678571428571 0.07700892857142858 0.11272321428571429
13 0.20758928571428573 0.05133928571428571 0.07589285714285714 0.10267857142857142
13 0.08370535714285714 0.2700892857142857 0.07700892857142858 0.11272321428571429
13 0.04799107142857143 0.30691964285714285 0.07700892857142858 0.11272321428571429
13 0.024553571428571428 0.31473214285714285 0.04799107142857143 0.11272321428571429
13 0.8404017857142857 0.04575892857142857 0.07700892857142858 0.09151785714285714
13 0.9743303571428571 0.14732142857142858 0.05022321428571429 0.07924107142857142
11 0.34263392857142855 0.07700892857142858 0.07700892857142858 0.11272321428571429
8 0.515625 0.8783482142857143 0.06696428571428571 0.08370535714285714
13 0.3549107142857143 0.33482142857142855 0.07700892857142858 0.11272321428571429
11 0.1875 0.6997767857142857 0.08147321428571429 0.09375
11 0.8962053571428571 0.42299107142857145 0.07700892857142858 0.11272321428571429
13 0.40625 0.37276785714285715 0.07700892857142858 0.11272321428571429
11 0.5100446428571429 0.13058035714285715 0.07700892857142858 0.09821428571428571
13 0.036830357142857144 0.18191964285714285 0.07254464285714286 0.11272321428571429
13 0.8013392857142857 0.24776785714285715 0.07700892857142858 0.11272321428571429
13 0.7511160714285714 0.8805803571428571 0.07700892857142858 0.11272321428571429
13 0.7120535714285714 0.5647321428571429 0.07700892857142858 0.11272321428571429
13 0.6194196428571429 0.48660714285714285 0.05803571428571429 0.08928571428571429
13 0.45424107142857145 0.6060267857142857 0.07700892857142858 0.11272321428571429
13 0.4330357142857143 0.5256696428571429 0.07700892857142858 0.11272321428571429
13 0.046875 0.71875 0.07700892857142858 0.11272321428571429
13 0.453125 0.28125 0.07700892857142858 0.11272321428571429
11 0.6908482142857143 0.23772321428571427 0.07700892857142858 0.11272321428571429
15 0.15066964285714285 0.5993303571428571 0.060267857142857144 0.07700892857142858
13 0.8616071428571429 0.8627232142857143 0.07700892857142858 0.07700892857142858
13 0.9497767857142857 0.8292410714285714 0.06473214285714286 0.09375
15 0.2622767857142857 0.4408482142857143 0.07254464285714286 0.09821428571428571