18 0.7779017857142857 0.7220982142857143 0.07924107142857142 0.07254464285714286
18 0.2689732142857143 0.6261160714285714 0.09598214285714286 0.08147321428571429
18 0.08816964285714286 0.6785714285714286 0.09151785714285714 0.10602678571428571
18 0.17299107142857142 0.6752232142857143 0.05803571428571429 0.08147321428571429
18 0.4888392857142857 0.28348214285714285 0.05803571428571429 0.11495535714285714
18 0.6852678571428571 0.12723214285714285 0.06919642857142858 0.09151785714285714
14 0.46875 0.38169642857142855 0.07700892857142858 0.06696428571428571
14 0.5435267857142857 0.3638392857142857 0.052455357142857144 0.07924107142857142
14 0.4408482142857143 0.3013392857142857 0.05022321428571429 0.10044642857142858
14 0.34151785714285715 0.5357142857142857 0.05803571428571429 0.052455357142857144
14 0.17410714285714285 0.8348214285714286 0.052455357142857144 0.05022321428571429
14 0.22767857142857142 0.6997767857142857 0.05803571428571429 0.05803571428571429
14 0.21986607142857142 0.6573660714285714 0.0625 0.06473214285714286
14 0.8058035714285714 0.8839285714285714 0.0625 0.05803571428571429
14 0.7511160714285714 0.4029017857142857 0.05803571428571429 0.06696428571428571
14 0.8069196428571429 0.41964285714285715 0.04575892857142857 0.08147321428571429
14 0.6350446428571429 0.11272321428571429 0.07924107142857142 0.06696428571428571
7 0.3638392857142857 0.3950892857142857 0.08705357142857142 0.11495535714285714
17 0.04352678571428571 0.5055803571428571 0.08705357142857142 0.11272321428571429
17 0.14620535714285715 0.9040178571428571 0.0625 0.09151785714285714
2 0.6138392857142857 0.46651785714285715 0.052455357142857144 0.13504464285714285
17 0.9587053571428571 0.6116071428571429 0.07924107142857142 0.09598214285714286