17 0.40625 0.8939732142857143 0.08928571428571429 0.06919642857142858
17 0.7064732142857143 0.3247767857142857 0.08928571428571429 0.07254464285714286
1 0.7879464285714286 0.11383928571428571 0.07700892857142858 0.08147321428571429
1 0.9252232142857143 0.07924107142857142 0.08370535714285714 0.06696428571428571
1 0.21875 0.2689732142857143 0.08928571428571429 0.07254464285714286
13 0.05580357142857143 0.03236607142857143 0.08370535714285714 0.06473214285714286
13 0.13950892857142858 0.036830357142857144 0.08370535714285714 0.07254464285714286
13 0.056919642857142856 0.09821428571428571 0.08705357142857142 0.0625
13 0.07700892857142858 0.140625 0.08370535714285714 0.0625
13 0.10267857142857142 0.23995535714285715 0.09151785714285714 0.06919642857142858
13 0.15401785714285715 0.20424107142857142 0.11272321428571429 0.07700892857142858
13 0.21875 0.07142857142857142 0.08928571428571429 0.06696428571428571
13 0.32142857142857145 0.06584821428571429 0.09151785714285714 0.07254464285714286
13 0.38504464285714285 0.06919642857142858 0.09151785714285714 0.06696428571428571
13 0.36160714285714285 0.18415178571428573 0.09375 0.06696428571428571
13 0.40625 0.13058035714285715 0.08705357142857142 0.05803571428571429
13 0.46651785714285715 0.05022321428571429 0.08928571428571429 0.06473214285714286
15 0.27901785714285715 0.21205357142857142 0.08147321428571429 0.0625
13 0.3861607142857143 0.25111607142857145 0.08370535714285714 0.06696428571428571
13 0.32254464285714285 0.35379464285714285 0.08705357142857142 0.06696428571428571
13 0.16629464285714285 0.3482142857142857 0.08147321428571429 0.06696428571428571
13 0.08482142857142858 0.4095982142857143 0.08928571428571429 0.07254464285714286
13 0.15066964285714285 0.49330357142857145 0.08147321428571429 0.06696428571428571
13 0.08035714285714286 0.5 0.08928571428571429 0.06696428571428571
13 0.08147321428571429 0.5669642857142857 0.09151785714285714 0.06696428571428571
13 0.06808035714285714 0.6305803571428571 0.08370535714285714 0.0625
13 0.15513392857142858 0.6540178571428571 0.08928571428571429 0.06696428571428571
13 0.0625 0.7053571428571429 0.08147321428571429 0.06696428571428571
13 0.14955357142857142 0.7053571428571429 0.08928571428571429 0.06919642857142858
13 0.09933035714285714 0.7834821428571429 0.08705357142857142 0.07254464285714286
13 0.18303571428571427 0.7645089285714286 0.09151785714285714 0.06919642857142858
13 0.033482142857142856 0.8069196428571429 0.06696428571428571 0.0625
13 0.05803571428571429 0.9006696428571429 0.09598214285714286 0.07924107142857142
13 0.31473214285714285 0.8883928571428571 0.09598214285714286 0.07254464285714286
13 0.33816964285714285 0.8002232142857143 0.09598214285714286 0.06696428571428571
13 0.265625 0.7600446428571429 0.08147321428571429 0.06696428571428571
13 0.34486607142857145 0.7254464285714286 0.09375 0.06696428571428571
13 0.26004464285714285 0.6808035714285714 0.09598214285714286 0.06696428571428571
13 0.45200892857142855 0.6272321428571429 0.08705357142857142 0.07700892857142858
1 0.4375 0.7388392857142857 0.09151785714285714 0.07254464285714286
13 0.53125 0.5412946428571429 0.08147321428571429 0.06473214285714286
13 0.6160714285714286 0.5435267857142857 0.07924107142857142 0.06919642857142858
13 0.5580357142857143 0.46651785714285715 0.08705357142857142 0.0625
13 0.6462053571428571 0.47433035714285715 0.08147321428571429 0.0625
13 0.6183035714285714 0.4185267857142857 0.08147321428571429 0.06696428571428571
13 0.6517857142857143 0.37611607142857145 0.09151785714285714 0.06919642857142858
13 0.5714285714285714 0.34486607142857145 0.08370535714285714 0.0625
7 0.5033482142857143 0.40401785714285715 0.10044642857142858 0.07700892857142858
13 0.5033482142857143 0.30691964285714285 0.08705357142857142 0.06696428571428571
13 0.5502232142857143 0.15290178571428573 0.09598214285714286 0.06919642857142858
13 0.5736607142857143 0.09598214285714286 0.10044642857142858 0.06696428571428571
13 0.6529017857142857 0.044642857142857144 0.10044642857142858 0.06696428571428571
13 0.7098214285714286 0.10491071428571429 0.08705357142857142 0.06473214285714286
13 0.6517857142857143 0.15736607142857142 0.08928571428571429 0.06919642857142858
13 0.7354910714285714 0.17299107142857142 0.08705357142857142 0.07254464285714286
13 0.6729910714285714 0.26674107142857145 0.09598214285714286 0.06696428571428571
13 0.7779017857142857 0.359375 0.08928571428571429 0.07254464285714286
13 0.8627232142857143 0.35714285714285715 0.08705357142857142 0.06696428571428571
13 0.8392857142857143 0.41964285714285715 0.08370535714285714 0.0625
13 0.8191964285714286 0.48325892857142855 0.08705357142857142 0.06696428571428571
13 0.7700892857142857 0.6205357142857143 0.09151785714285714 0.07254464285714286
13 0.6607142857142857 0.6339285714285714 0.08705357142857142 0.0625
13 0.6428571428571429 0.7120535714285714 0.08705357142857142 0.0625
13 0.7354910714285714 0.7444196428571429 0.07700892857142858 0.05803571428571429
13 0.6629464285714286 0.7756696428571429 0.07700892857142858 0.0625
13 0.6339285714285714 0.8415178571428571 0.09375 0.06696428571428571
13 0.7455357142857143 0.8314732142857143 0.09598214285714286 0.06919642857142858
13 0.7924107142857143 0.8895089285714286 0.09598214285714286 0.06919642857142858
13 0.8035714285714286 0.9542410714285714 0.08705357142857142 0.0625
13 0.7209821428571429 0.9475446428571429 0.08147321428571429 0.0625
13 0.6685267857142857 0.9765625 0.09151785714285714 0.046875
13 0.5848214285714286 0.9754464285714286 0.08147321428571429 0.04799107142857143
13 0.47433035714285715 0.9743303571428571 0.09151785714285714 0.05022321428571429
13 0.8816964285714286 0.7979910714285714 0.08705357142857142 0.06696428571428571
13 0.8147321428571429 0.7533482142857143 0.08370535714285714 0.06473214285714286
13 0.8783482142857143 0.7075892857142857 0.09151785714285714 0.06473214285714286
13 0.9542410714285714 0.7220982142857143 0.08705357142857142 0.06696428571428571
13 0.9341517857142857 0.6551339285714286 0.07700892857142858 0.06696428571428571
13 0.8805803571428571 0.6026785714285714 0.08705357142857142 0.0625
13 0.9464285714285714 0.8928571428571429 0.08928571428571429 0.06473214285714286
13 0.9441964285714286 0.5022321428571429 0.08147321428571429 0.0625
13 0.9263392857142857 0.41629464285714285 0.08705357142857142 0.0625
5 0.8816964285714286 0.2544642857142857 0.09151785714285714 0.06696428571428571
13 0.7991071428571429 0.23660714285714285 0.08705357142857142 0.06696428571428571
13 0.9051339285714286 0.18973214285714285 0.08705357142857142 0.06473214285714286
13 0.9441964285714286 0.16071428571428573 0.08705357142857142 0.06919642857142858
13 0.9620535714285714 0.27120535714285715 0.07589285714285714 0.06919642857142858
13 0.39285714285714285 0.421875 0.09151785714285714 0.06696428571428571
13 0.42745535714285715 0.5267857142857143 0.08705357142857142 0.06696428571428571
13 0.3392857142857143 0.5100446428571429 0.08928571428571429 0.05803571428571429
5 0.10602678571428571 0.8504464285714286 0.07254464285714286 0.06696428571428571
13 0.43191964285714285 0.36495535714285715 0.08147321428571429 0.05803571428571429
13 0.421875 0.30357142857142855 0.08705357142857142 0.05580357142857143
13 0.36941964285714285 0.6339285714285714 0.08370535714285714 0.06696428571428571
13 0.42075892857142855 0.8270089285714286 0.08705357142857142 0.06696428571428571