10 0.22879464285714285 0.25 0.4564732142857143 0.5
13 0.6863839285714286 0.17633928571428573 0.29575892857142855 0.31026785714285715
0 0.8426339285714286 0.328125 0.31473214285714285 0.34375
13 0.6160714285714286 0.23772321428571427 0.15625 0.30245535714285715
13 0.6830357142857143 0.46986607142857145 0.28794642857142855 0.060267857142857144
13 0.8582589285714286 0.07700892857142858 0.28348214285714285 0.15401785714285715
13 0.6216517857142857 0.049107142857142856 0.16629464285714285 0.09821428571428571
0 0.24665178571428573 0.8169642857142857 0.49330357142857145 0.36495535714285715
13 0.984375 0.8794642857142857 0.03125 0.22098214285714285
13 0.8515625 0.9207589285714286 0.296875 0.15848214285714285
6 0.640625 0.8649553571428571 0.20424107142857142 0.2689732142857143
13 0.8683035714285714 0.5982142857142857 0.26339285714285715 0.20089285714285715
13 0.671875 0.6986607142857143 0.26674107142857145 0.2767857142857143