11 0.4497767857142857 0.6194196428571429 0.11272321428571429 0.07700892857142858
13 0.34933035714285715 0.5011160714285714 0.09151785714285714 0.07700892857142858
13 0.7354910714285714 0.5792410714285714 0.11272321428571429 0.07700892857142858
13 0.8627232142857143 0.7399553571428571 0.11272321428571429 0.07700892857142858
8 0.06138392857142857 0.3549107142857143 0.08928571428571429 0.06696428571428571
11 0.5625 0.6875 0.11272321428571429 0.07700892857142858
11 0.3627232142857143 0.390625 0.09151785714285714 0.0625
11 0.23549107142857142 0.9631696428571429 0.09598214285714286 0.06696428571428571
8 0.4732142857142857 0.7991071428571429 0.08928571428571429 0.0625
13 0.36160714285714285 0.9129464285714286 0.09151785714285714 0.07254464285714286
11 0.15178571428571427 0.38058035714285715 0.10602678571428571 0.0625
13 0.8549107142857143 0.5011160714285714 0.11272321428571429 0.07700892857142858
13 0.20870535714285715 0.19308035714285715 0.08928571428571429 0.06919642857142858
8 0.3638392857142857 0.16517857142857142 0.08147321428571429 0.06473214285714286
11 0.6194196428571429 0.53125 0.11272321428571429 0.07700892857142858
13 0.39285714285714285 0.7678571428571429 0.09598214285714286 0.07254464285714286
14 0.07366071428571429 0.23995535714285715 0.06919642857142858 0.05803571428571429
11 0.8214285714285714 0.9029017857142857 0.11272321428571429 0.07700892857142858
1 0.8950892857142857 0.4185267857142857 0.11272321428571429 0.07700892857142858
1 0.8113839285714286 0.40848214285714285 0.11272321428571429 0.07700892857142858
11 0.48660714285714285 0.8794642857142857 0.10044642857142858 0.0625
1 0.4330357142857143 0.34151785714285715 0.09375 0.07254464285714286
1 0.42857142857142855 0.26785714285714285 0.07477678571428571 0.07700892857142858
1 0.6785714285714286 0.7756696428571429 0.09598214285714286 0.07700892857142858
1 0.5725446428571429 0.9654017857142857 0.08370535714285714 0.06919642857142858
18 0.6919642857142857 0.8426339285714286 0.11495535714285714 0.0625
11 0.5189732142857143 0.24330357142857142 0.08928571428571429 0.07924107142857142
1 0.40513392857142855 0.7008928571428571 0.09375 0.06696428571428571
1 0.6194196428571429 0.041294642857142856 0.10379464285714286 0.0625
14 0.8560267857142857 0.08258928571428571 0.08147321428571429 0.08705357142857142
1 0.6517857142857143 0.5970982142857143 0.07254464285714286 0.07254464285714286