0 0.390625 0.37388392857142855 0.2767857142857143 0.5122767857142857
13 0.5948660714285714 0.5870535714285714 0.13169642857142858 0.08705357142857142
13 0.9743303571428571 0.06584821428571429 0.05022321428571429 0.13169642857142858
13 0.7209821428571429 0.3560267857142857 0.22544642857142858 0.27901785714285715
13 0.9185267857142857 0.38504464285714285 0.16294642857142858 0.27901785714285715
6 0.6473214285714286 0.20647321428571427 0.23772321428571427 0.41294642857142855
13 0.859375 0.18415178571428573 0.28125 0.29129464285714285
6 0.24888392857142858 0.8526785714285714 0.3950892857142857 0.29464285714285715
13 0.05357142857142857 0.8828125 0.10714285714285714 0.234375
13 0.45424107142857145 0.9319196428571429 0.14955357142857142 0.13616071428571427
13 0.11383928571428571 0.7321428571428571 0.22767857142857142 0.20535714285714285
3 0.6964285714285714 0.7332589285714286 0.33370535714285715 0.20647321428571427