14 0.4252232142857143 0.5145089285714286 0.06696428571428571 0.05580357142857143
17 0.43080357142857145 0.12834821428571427 0.09151785714285714 0.06919642857142858
17 0.12611607142857142 0.359375 0.09151785714285714 0.07700892857142858
17 0.37723214285714285 0.65625 0.08147321428571429 0.0625
17 0.5881696428571429 0.8069196428571429 0.07924107142857142 0.07700892857142858
17 0.6752232142857143 0.8292410714285714 0.09151785714285714 0.07924107142857142
17 0.35267857142857145 0.34375 0.09151785714285714 0.0625
17 0.7790178571428571 0.39955357142857145 0.07477678571428571 0.05803571428571429
17 0.9274553571428571 0.5424107142857143 0.09151785714285714 0.060267857142857144
17 0.9386160714285714 0.44754464285714285 0.08147321428571429 0.0625
17 0.6350446428571429 0.38504464285714285 0.09151785714285714 0.06696428571428571
17 0.6830357142857143 0.5089285714285714 0.11049107142857142 0.07254464285714286
17 0.6964285714285714 0.5625 0.09598214285714286 0.06919642857142858
17 0.7834821428571429 0.5736607142857143 0.08147321428571429 0.06473214285714286
17 0.7633928571428571 0.8370535714285714 0.09375 0.07700892857142858
17 0.8683035714285714 0.9397321428571429 0.08147321428571429 0.0625
12 0.37611607142857145 0.9229910714285714 0.033482142857142856 0.026785714285714284
12 0.43080357142857145 0.9241071428571429 0.03794642857142857 0.021205357142857144
12 0.5502232142857143 0.5915178571428571 0.03794642857142857 0.024553571428571428
17 0.5133928571428571 0.5513392857142857 0.08705357142857142 0.06919642857142858
17 0.49330357142857145 0.48214285714285715 0.09375 0.06919642857142858
12 0.4252232142857143 0.34375 0.03125 0.029017857142857144