17 0.5993303571428571 0.7533482142857143 0.07924107142857142 0.11272321428571429
17 0.33370535714285715 0.34598214285714285 0.07924107142857142 0.11272321428571429
17 0.21986607142857142 0.6194196428571429 0.07924107142857142 0.11272321428571429
17 0.6841517857142857 0.32700892857142855 0.07924107142857142 0.11272321428571429
16 0.7176339285714286 0.12834821428571427 0.07924107142857142 0.11272321428571429
17 0.6127232142857143 0.4575892857142857 0.07700892857142858 0.11272321428571429
15 0.8125 0.11049107142857142 0.07924107142857142 0.11272321428571429
13 0.17075892857142858 0.13727678571428573 0.07924107142857142 0.11272321428571429
15 0.4810267857142857 0.24665178571428573 0.07924107142857142 0.11272321428571429
15 0.7332589285714286 0.22767857142857142 0.07924107142857142 0.11272321428571429
15 0.7723214285714286 0.6785714285714286 0.07924107142857142 0.11272321428571429
15 0.9207589285714286 0.8024553571428571 0.07924107142857142 0.11272321428571429
15 0.8013392857142857 0.46651785714285715 0.07700892857142858 0.09375
13 0.20647321428571427 0.7232142857142857 0.07924107142857142 0.11272321428571429
13 0.22991071428571427 0.9587053571428571 0.07924107142857142 0.08147321428571429
13 0.10825892857142858 0.125 0.07924107142857142 0.11272321428571429
13 0.109375 0.22991071428571427 0.07924107142857142 0.11272321428571429
13 0.33816964285714285 0.5 0.07700892857142858 0.11272321428571429
13 0.3080357142857143 0.6104910714285714 0.07924107142857142 0.11272321428571429
13 0.6607142857142857 0.7053571428571429 0.07924107142857142 0.11272321428571429
13 0.6930803571428571 0.4654017857142857 0.07924107142857142 0.11272321428571429
13 0.9073660714285714 0.6964285714285714 0.07924107142857142 0.11272321428571429
16 0.9654017857142857 0.06808035714285714 0.06919642857142858 0.11272321428571429
16 0.8738839285714286 0.07477678571428571 0.07924107142857142 0.11272321428571429