15 0.23772321428571427 0.9073660714285714 0.09598214285714286 0.06696428571428571
12 0.32700892857142855 0.9308035714285714 0.07254464285714286 0.060267857142857144
15 0.1875 0.8705357142857143 0.07254464285714286 0.05803571428571429
15 0.5223214285714286 0.5602678571428571 0.08705357142857142 0.05580357142857143
15 0.052455357142857144 0.6986607142857143 0.10491071428571429 0.07589285714285714
15 0.2544642857142857 0.06361607142857142 0.07254464285714286 0.06696428571428571
15 0.3169642857142857 0.15401785714285715 0.08705357142857142 0.05803571428571429
15 0.39732142857142855 0.140625 0.09151785714285714 0.05803571428571429
15 0.40736607142857145 0.09263392857142858 0.07924107142857142 0.05580357142857143
15 0.49441964285714285 0.14285714285714285 0.08370535714285714 0.05803571428571429
15 0.45535714285714285 0.23772321428571427 0.08147321428571429 0.060267857142857144
15 0.08482142857142858 0.24776785714285715 0.08147321428571429 0.04799107142857143
15 0.33816964285714285 0.31919642857142855 0.08705357142857142 0.06696428571428571
15 0.40513392857142855 0.32142857142857145 0.07254464285714286 0.05803571428571429
15 0.46205357142857145 0.35714285714285715 0.07700892857142858 0.05022321428571429
15 0.5435267857142857 0.26785714285714285 0.08705357142857142 0.05803571428571429
15 0.6607142857142857 0.052455357142857144 0.08147321428571429 0.052455357142857144
15 0.90625 0.8392857142857143 0.07254464285714286 0.05580357142857143
15 0.43861607142857145 0.7991071428571429 0.06696428571428571 0.060267857142857144
15 0.5122767857142857 0.8102678571428571 0.09151785714285714 0.07254464285714286
15 0.5401785714285714 0.7433035714285714 0.09151785714285714 0.06696428571428571
15 0.3783482142857143 0.7756696428571429 0.08928571428571429 0.06919642857142858
15 0.15848214285714285 0.6183035714285714 0.11272321428571429 0.07700892857142858
15 0.19977678571428573 0.6674107142857143 0.09598214285714286 0.06696428571428571
15 0.28348214285714285 0.7008928571428571 0.07924107142857142 0.0625
15 0.19977678571428573 0.5636160714285714 0.11272321428571429 0.07700892857142858
1 0.6729910714285714 0.5948660714285714 0.08705357142857142 0.07924107142857142
1 0.26450892857142855 0.5100446428571429 0.11049107142857142 0.0625
11 0.11495535714285714 0.5491071428571429 0.09151785714285714 0.06919642857142858
2 0.03459821428571429 0.15401785714285715 0.06919642857142858 0.05803571428571429
12 0.4107142857142857 0.39732142857142855 0.04799107142857143 0.03794642857142857
15 0.5011160714285714 0.19196428571428573 0.07254464285714286 0.052455357142857144