13 0.8995535714285714 0.0625 0.20089285714285715 0.125
13 0.8872767857142857 0.14508928571428573 0.22098214285714285 0.2767857142857143
13 0.027901785714285716 0.5479910714285714 0.05580357142857143 0.18080357142857142
13 0.22433035714285715 0.5 0.19977678571428573 0.23995535714285715
13 0.9375 0.21205357142857142 0.125 0.19977678571428573
13 0.7254464285714286 0.8214285714285714 0.22544642857142858 0.19196428571428573
13 0.5591517857142857 0.7979910714285714 0.17299107142857142 0.18973214285714285
13 0.27232142857142855 0.029017857142857144 0.25223214285714285 0.05803571428571429
13 0.42857142857142855 0.9430803571428571 0.2689732142857143 0.10825892857142858
12 0.40848214285714285 0.3091517857142857 0.0625 0.06696428571428571
13 0.9386160714285714 0.7522321428571429 0.11830357142857142 0.23995535714285715
13 0.7020089285714286 0.19419642857142858 0.20424107142857142 0.16852678571428573
13 0.07477678571428571 0.9029017857142857 0.14955357142857142 0.19419642857142858
6 0.5066964285714286 0.49330357142857145 0.40401785714285715 0.40401785714285715
13 0.34263392857142855 0.7287946428571429 0.23549107142857142 0.21205357142857142
13 0.06473214285714286 0.11272321428571429 0.12946428571428573 0.22098214285714285
13 0.08816964285714286 0.6216517857142857 0.15848214285714285 0.1875
13 0.11049107142857142 0.36049107142857145 0.21651785714285715 0.1875
13 0.859375 0.5100446428571429 0.21428571428571427 0.22544642857142858
13 0.49441964285714285 0.18526785714285715 0.18303571428571427 0.20870535714285715