12 0.029017857142857144 0.044642857142857144 0.04575892857142857 0.041294642857142856
12 0.16741071428571427 0.033482142857142856 0.03794642857142857 0.04352678571428571
12 0.45535714285714285 0.15401785714285715 0.033482142857142856 0.04575892857142857
12 0.6116071428571429 0.16629464285714285 0.033482142857142856 0.04799107142857143
12 0.28683035714285715 0.3002232142857143 0.03125 0.04799107142857143
12 0.18415178571428573 0.4095982142857143 0.033482142857142856 0.04352678571428571
12 0.09486607142857142 0.5591517857142857 0.03125 0.04575892857142857
12 0.03571428571428571 0.9274553571428571 0.03125 0.04575892857142857
12 0.9520089285714286 0.7433035714285714 0.029017857142857144 0.03794642857142857
12 0.9866071428571429 0.5770089285714286 0.026785714285714284 0.04575892857142857
12 0.40736607142857145 0.4341517857142857 0.033482142857142856 0.041294642857142856
12 0.9821428571428571 0.7801339285714286 0.033482142857142856 0.052455357142857144
12 0.9441964285714286 0.8727678571428571 0.03794642857142857 0.04352678571428571
17 0.3325892857142857 0.16071428571428573 0.07254464285714286 0.08705357142857142
17 0.7678571428571429 0.6305803571428571 0.07254464285714286 0.08705357142857142
17 0.6261160714285714 0.30357142857142855 0.06696428571428571 0.09151785714285714
1 0.3794642857142857 0.09821428571428571 0.0625 0.09151785714285714
1 0.4408482142857143 0.10491071428571429 0.06696428571428571 0.08705357142857142
1 0.3392857142857143 0.36607142857142855 0.05803571428571429 0.11272321428571429
1 0.5066964285714286 0.26450892857142855 0.06473214285714286 0.09598214285714286
1 0.21540178571428573 0.7388392857142857 0.06919642857142858 0.07700892857142858
1 0.7689732142857143 0.7098214285714286 0.06696428571428571 0.08147321428571429
1 0.8917410714285714 0.5825892857142857 0.0625 0.08705357142857142
1 0.9542410714285714 0.6305803571428571 0.07700892857142858 0.08147321428571429
1 0.3013392857142857 0.5044642857142857 0.06696428571428571 0.09151785714285714
1 0.7098214285714286 0.10491071428571429 0.06696428571428571 0.07700892857142858
2 0.6696428571428571 0.7935267857142857 0.052455357142857144 0.10379464285714286
17 0.6149553571428571 0.7991071428571429 0.0625 0.08928571428571429