17 0.5625 0.3638392857142857 0.11272321428571429 0.07700892857142858
17 0.38950892857142855 0.4095982142857143 0.11272321428571429 0.07700892857142858
17 0.4174107142857143 0.22879464285714285 0.11272321428571429 0.07700892857142858
17 0.7209821428571429 0.18415178571428573 0.11272321428571429 0.07700892857142858
17 0.8214285714285714 0.2533482142857143 0.10044642857142858 0.07254464285714286
17 0.7834821428571429 0.3158482142857143 0.11272321428571429 0.07700892857142858
17 0.9430803571428571 0.2845982142857143 0.11272321428571429 0.07700892857142858
17 0.8069196428571429 0.09486607142857142 0.11272321428571429 0.07700892857142858
17 0.24107142857142858 0.8482142857142857 0.11272321428571429 0.07924107142857142
17 0.39174107142857145 0.7388392857142857 0.11272321428571429 0.07700892857142858
17 0.5959821428571429 0.6752232142857143 0.11272321428571429 0.07700892857142858
17 0.8091517857142857 0.9185267857142857 0.11272321428571429 0.07700892857142858
17 0.5401785714285714 0.6227678571428571 0.11272321428571429 0.07700892857142858
17 0.34933035714285715 0.6261160714285714 0.11272321428571429 0.07700892857142858
17 0.19642857142857142 0.6685267857142857 0.11272321428571429 0.07924107142857142
17 0.17299107142857142 0.5435267857142857 0.11272321428571429 0.07700892857142858
17 0.12165178571428571 0.25669642857142855 0.11272321428571429 0.07700892857142858
16 0.15848214285714285 0.15959821428571427 0.11272321428571429 0.07700892857142858
17 0.27566964285714285 0.04017857142857143 0.11272321428571429 0.07924107142857142
14 0.8928571428571429 0.9107142857142857 0.07254464285714286 0.0625
14 0.515625 0.7522321428571429 0.07700892857142858 0.07254464285714286
5 0.17633928571428573 0.9263392857142857 0.11272321428571429 0.07700892857142858
5 0.6685267857142857 0.4888392857142857 0.09821428571428571 0.07254464285714286
7 0.7712053571428571 0.5524553571428571 0.11272321428571429 0.07700892857142858
11 0.9006696428571429 0.04241071428571429 0.11272321428571429 0.0625
8 0.8247767857142857 0.84375 0.11272321428571429 0.07924107142857142
5 0.6618303571428571 0.7209821428571429 0.10379464285714286 0.07254464285714286
8 0.31919642857142855 0.8616071428571429 0.08928571428571429 0.07254464285714286
8 0.9029017857142857 0.4720982142857143 0.07700892857142858 0.0625
16 0.8694196428571429 0.42410714285714285 0.09375 0.06696428571428571
17 0.9241071428571429 0.16852678571428573 0.09821428571428571 0.07254464285714286
11 0.36830357142857145 0.17075892857142858 0.11272321428571429 0.07700892857142858
5 0.056919642857142856 0.31808035714285715 0.11272321428571429 0.07700892857142858
15 0.08035714285714286 0.9430803571428571 0.10602678571428571 0.06696428571428571