12 0.022321428571428572 0.18973214285714285 0.044642857142857144 0.09375
12 0.04575892857142857 0.33035714285714285 0.09151785714285714 0.09821428571428571
13 0.10267857142857142 0.08705357142857142 0.20424107142857142 0.17299107142857142
12 0.6696428571428571 0.32924107142857145 0.060267857142857144 0.10044642857142858
13 0.41629464285714285 0.04352678571428571 0.23995535714285715 0.08705357142857142
3 0.4029017857142857 0.20089285714285715 0.5457589285714286 0.35825892857142855
13 0.6462053571428571 0.17633928571428573 0.10602678571428571 0.23772321428571427
10 0.8828125 0.18973214285714285 0.234375 0.3794642857142857
0 0.36495535714285715 0.7310267857142857 0.5814732142857143 0.5379464285714286
13 0.9598214285714286 0.421875 0.07924107142857142 0.08370535714285714
13 0.8973214285714286 0.9084821428571429 0.20424107142857142 0.18303571428571427
13 0.9386160714285714 0.6339285714285714 0.12276785714285714 0.2622767857142857
13 0.8582589285714286 0.48549107142857145 0.2689732142857143 0.21205357142857142
13 0.7600446428571429 0.5279017857142857 0.12053571428571429 0.29575892857142855