13 0.21428571428571427 0.4107142857142857 0.23102678571428573 0.05803571428571429
13 0.07924107142857142 0.21428571428571427 0.15848214285714285 0.28794642857142855
13 0.33482142857142855 0.15736607142857142 0.22879464285714285 0.25669642857142855
0 0.21316964285714285 0.11495535714285714 0.4263392857142857 0.22991071428571427
13 0.38392857142857145 0.3236607142857143 0.13169642857142858 0.23325892857142858
13 0.6696428571428571 0.4095982142857143 0.31473214285714285 0.060267857142857144
13 0.5993303571428571 0.31138392857142855 0.25223214285714285 0.25669642857142855
13 0.9073660714285714 0.05357142857142857 0.18526785714285715 0.10714285714285714
13 0.5412946428571429 0.21986607142857142 0.18303571428571427 0.27120535714285715
0 0.84375 0.234375 0.3125 0.4107142857142857
13 0.515625 0.05022321428571429 0.13169642857142858 0.10044642857142858
13 0.6383928571428571 0.07924107142857142 0.29575892857142855 0.15848214285714285
3 0.17633928571428573 0.8136160714285714 0.35267857142857145 0.37276785714285715
6 0.6662946428571429 0.84375 0.39955357142857145 0.3125