9 0.3247767857142857 0.23325892857142858 0.48995535714285715 0.46651785714285715
0 0.7957589285714286 0.12053571428571429 0.40848214285714285 0.23995535714285715
12 0.27901785714285715 0.96875 0.09151785714285714 0.0625
13 0.04799107142857143 0.6696428571428571 0.09598214285714286 0.27120535714285715
0 0.21651785714285715 0.7700892857142857 0.4330357142857143 0.43080357142857145
13 0.26004464285714285 0.5479910714285714 0.2689732142857143 0.15848214285714285
13 0.45424107142857145 0.6897321428571429 0.23102678571428573 0.2689732142857143
13 0.10379464285714286 0.9497767857142857 0.20647321428571427 0.10044642857142858
13 0.45870535714285715 0.8939732142857143 0.22098214285714285 0.21205357142857142
13 0.45200892857142855 0.5066964285714286 0.23549107142857142 0.07700892857142858
0 0.7455357142857143 0.7120535714285714 0.35044642857142855 0.4564732142857143
13 0.8214285714285714 0.9453125 0.23214285714285715 0.109375
13 0.9598214285714286 0.8292410714285714 0.07924107142857142 0.23102678571428573
13 0.9252232142857143 0.5803571428571429 0.14955357142857142 0.22321428571428573