17 0.39285714285714285 0.3783482142857143 0.09375 0.07254464285714286
17 0.3560267857142857 0.31026785714285715 0.10044642857142858 0.07254464285714286
17 0.40401785714285715 0.25 0.09598214285714286 0.07254464285714286
17 0.5803571428571429 0.4107142857142857 0.10044642857142858 0.07700892857142858
17 0.5357142857142857 0.3549107142857143 0.09151785714285714 0.07477678571428571
17 0.625 0.29464285714285715 0.09598214285714286 0.07924107142857142
17 0.6227678571428571 0.47098214285714285 0.09375 0.07254464285714286
17 0.41183035714285715 0.7399553571428571 0.10044642857142858 0.07700892857142858
17 0.41294642857142855 0.6707589285714286 0.09151785714285714 0.06696428571428571
17 0.5290178571428571 0.8683035714285714 0.09375 0.07477678571428571
17 0.7399553571428571 0.5680803571428571 0.09375 0.06919642857142858
17 0.7020089285714286 0.6261160714285714 0.09598214285714286 0.06696428571428571
17 0.7087053571428571 0.4732142857142857 0.08705357142857142 0.07254464285714286
17 0.9330357142857143 0.19866071428571427 0.09598214285714286 0.07254464285714286
17 0.8660714285714286 0.24441964285714285 0.09375 0.07254464285714286
17 0.16852678571428573 0.3705357142857143 0.08928571428571429 0.07254464285714286
17 0.08035714285714286 0.3627232142857143 0.09598214285714286 0.07254464285714286
17 0.5401785714285714 0.5055803571428571 0.10602678571428571 0.07700892857142858
17 0.7154017857142857 0.30691964285714285 0.09151785714285714 0.08147321428571429
17 0.13169642857142858 0.8459821428571429 0.09598214285714286 0.07924107142857142
17 0.29910714285714285 0.7488839285714286 0.10602678571428571 0.07477678571428571
17 0.5011160714285714 0.6417410714285714 0.09151785714285714 0.07254464285714286
17 0.7801339285714286 0.22209821428571427 0.10044642857142858 0.06473214285714286
15 0.15959821428571427 0.4654017857142857 0.07700892857142858 0.06473214285714286
17 0.7276785714285714 0.7254464285714286 0.09598214285714286 0.06696428571428571
14 0.11272321428571429 0.5837053571428571 0.08705357142857142 0.11049107142857142
17 0.04352678571428571 0.5803571428571429 0.08705357142857142 0.06919642857142858
12 0.703125 0.09933035714285714 0.04799107142857143 0.03794642857142857
11 0.9508928571428571 0.8504464285714286 0.09151785714285714 0.07924107142857142