2 0.9598214285714286 0.8694196428571429 0.07924107142857142 0.11272321428571429
2 0.9029017857142857 0.8526785714285714 0.07700892857142858 0.11272321428571429
2 0.8247767857142857 0.8158482142857143 0.07700892857142858 0.11272321428571429
2 0.4642857142857143 0.7667410714285714 0.07700892857142858 0.11272321428571429
2 0.5279017857142857 0.7042410714285714 0.07700892857142858 0.11272321428571429
2 0.31808035714285715 0.7098214285714286 0.07700892857142858 0.11272321428571429
2 0.7912946428571429 0.7165178571428571 0.07700892857142858 0.11272321428571429
2 0.19754464285714285 0.7064732142857143 0.07700892857142858 0.11272321428571429
2 0.37388392857142855 0.6908482142857143 0.07700892857142858 0.11272321428571429
2 0.6774553571428571 0.6964285714285714 0.07700892857142858 0.11272321428571429
2 0.08147321428571429 0.6875 0.07700892857142858 0.11272321428571429
2 0.6205357142857143 0.6573660714285714 0.07700892857142858 0.11272321428571429
2 0.39955357142857145 0.6361607142857143 0.07700892857142858 0.11272321428571429
2 0.2622767857142857 0.6339285714285714 0.07700892857142858 0.11272321428571429
2 0.9419642857142857 0.6194196428571429 0.07700892857142858 0.11272321428571429
2 0.7075892857142857 0.5714285714285714 0.07700892857142858 0.11272321428571429
2 0.08816964285714286 0.5904017857142857 0.07700892857142858 0.11272321428571429
2 0.31361607142857145 0.5625 0.07700892857142858 0.11272321428571429
2 0.6104910714285714 0.5145089285714286 0.07700892857142858 0.11272321428571429
2 0.13169642857142858 0.49776785714285715 0.07700892857142858 0.11272321428571429
2 0.8459821428571429 0.5792410714285714 0.07700892857142858 0.11272321428571429
2 0.3482142857142857 0.44308035714285715 0.07700892857142858 0.11272321428571429
2 0.9017857142857143 0.45200892857142855 0.07700892857142858 0.11272321428571429
2 0.15959821428571427 0.40848214285714285 0.07700892857142858 0.11272321428571429
2 0.6919642857142857 0.37723214285714285 0.07700892857142858 0.11272321428571429
2 0.31919642857142855 0.33482142857142855 0.07700892857142858 0.11272321428571429
2 0.7455357142857143 0.32700892857142855 0.07700892857142858 0.11272321428571429
2 0.5145089285714286 0.32700892857142855 0.07700892857142858 0.11272321428571429
2 0.23102678571428573 0.3002232142857143 0.07700892857142858 0.11272321428571429
2 0.04799107142857143 0.27232142857142855 0.07700892857142858 0.11272321428571429
2 0.3705357142857143 0.26450892857142855 0.07700892857142858 0.11272321428571429
2 0.7678571428571429 0.24553571428571427 0.07700892857142858 0.11272321428571429
2 0.8917410714285714 0.26674107142857145 0.07700892857142858 0.11272321428571429
2 0.4252232142857143 0.24776785714285715 0.07700892857142858 0.11272321428571429
2 0.15959821428571427 0.19642857142857142 0.07700892857142858 0.11272321428571429
2 0.6316964285714286 0.20200892857142858 0.06696428571428571 0.09375
2 0.9363839285714286 0.15290178571428573 0.07700892857142858 0.11272321428571429
2 0.31138392857142855 0.10602678571428571 0.07700892857142858 0.11272321428571429
2 0.7198660714285714 0.09151785714285714 0.07700892857142858 0.11272321428571429
2 0.8113839285714286 0.06473214285714286 0.09821428571428571 0.12946428571428573
2 0.47433035714285715 0.08482142857142858 0.07700892857142858 0.11272321428571429
2 0.13839285714285715 0.23995535714285715 0.08370535714285714 0.10602678571428571
2 0.8571428571428571 0.4966517857142857 0.07700892857142858 0.12276785714285714
2 0.90625 0.6674107142857143 0.09598214285714286 0.11495535714285714
2 0.24330357142857142 0.31808035714285715 0.08705357142857142 0.09821428571428571
2 0.7176339285714286 0.26004464285714285 0.08147321428571429 0.09598214285714286
2 0.6216517857142857 0.6997767857142857 0.07477678571428571 0.08147321428571429