17 0.07142857142857142 0.4174107142857143 0.11272321428571429 0.07700892857142858
17 0.10267857142857142 0.23325892857142858 0.11272321428571429 0.07700892857142858
17 0.5435267857142857 0.04799107142857143 0.11272321428571429 0.07700892857142858
17 0.8861607142857143 0.5167410714285714 0.11272321428571429 0.07700892857142858
17 0.6450892857142857 0.5870535714285714 0.11272321428571429 0.07700892857142858
17 0.7209821428571429 0.48549107142857145 0.11272321428571429 0.07700892857142858
17 0.21540178571428573 0.5267857142857143 0.11272321428571429 0.07700892857142858
17 0.45200892857142855 0.6205357142857143 0.11272321428571429 0.07700892857142858
17 0.24107142857142858 0.6774553571428571 0.11272321428571429 0.07700892857142858
14 0.5591517857142857 0.7555803571428571 0.11272321428571429 0.07700892857142858
14 0.6875 0.6618303571428571 0.08147321428571429 0.07254464285714286
2 0.5401785714285714 0.1875 0.11272321428571429 0.07700892857142858
11 0.6194196428571429 0.22433035714285715 0.11272321428571429 0.07700892857142858
11 0.71875 0.18415178571428573 0.11272321428571429 0.07700892857142858
11 0.9207589285714286 0.3091517857142857 0.11272321428571429 0.07700892857142858
11 0.38058035714285715 0.4966517857142857 0.11272321428571429 0.07700892857142858
13 0.8560267857142857 0.9575892857142857 0.11272321428571429 0.07700892857142858
13 0.9553571428571429 0.5513392857142857 0.08928571428571429 0.07924107142857142
13 0.9308035714285714 0.15736607142857142 0.11272321428571429 0.07700892857142858
13 0.46651785714285715 0.25111607142857145 0.11272321428571429 0.07700892857142858
13 0.7310267857142857 0.31026785714285715 0.11272321428571429 0.07700892857142858
13 0.5368303571428571 0.6205357142857143 0.11272321428571429 0.07700892857142858
14 0.2689732142857143 0.06696428571428571 0.11272321428571429 0.07700892857142858
5 0.45089285714285715 0.15290178571428573 0.10044642857142858 0.06696428571428571