13 0.9676339285714286 0.8058035714285714 0.06473214285714286 0.22879464285714285
13 0.03571428571428571 0.78125 0.07142857142857142 0.22321428571428573
13 0.9821428571428571 0.07700892857142858 0.03571428571428571 0.15401785714285715
13 0.052455357142857144 0.13169642857142858 0.10491071428571429 0.2544642857142857
13 0.25223214285714285 0.9720982142857143 0.21205357142857142 0.05580357142857143
13 0.6037946428571429 0.11160714285714286 0.21651785714285715 0.19754464285714285
13 0.7823660714285714 0.4654017857142857 0.26450892857142855 0.23325892857142858
13 0.8426339285714286 0.9553571428571429 0.24776785714285715 0.08928571428571429
13 0.6261160714285714 0.9598214285714286 0.22098214285714285 0.07924107142857142
13 0.39285714285714285 0.078125 0.23325892857142858 0.15625
13 0.5747767857142857 0.8236607142857143 0.23325892857142858 0.21651785714285715
13 0.18415178571428573 0.056919642857142856 0.22879464285714285 0.11272321428571429
0 0.4888392857142857 0.5647321428571429 0.46205357142857145 0.4564732142857143
13 0.8404017857142857 0.33705357142857145 0.22544642857142858 0.22098214285714285
13 0.7310267857142857 0.6819196428571429 0.21651785714285715 0.20647321428571427
13 0.38058035714285715 0.875 0.22879464285714285 0.24553571428571427
13 0.4486607142857143 0.2622767857142857 0.22544642857142858 0.21651785714285715
13 0.12165178571428571 0.9107142857142857 0.24330357142857142 0.17299107142857142
13 0.9118303571428571 0.6216517857142857 0.16852678571428573 0.21875
13 0.23102678571428573 0.23660714285714285 0.21205357142857142 0.22544642857142858
13 0.20424107142857142 0.7410714285714286 0.23102678571428573 0.20424107142857142
13 0.09040178571428571 0.3861607142857143 0.18080357142857142 0.21651785714285715