13 0.9665178571428571 0.5524553571428571 0.06696428571428571 0.25669642857142855
12 0.25892857142857145 0.9397321428571429 0.14620535714285715 0.12053571428571429
13 0.6049107142857143 0.7645089285714286 0.25223214285714285 0.23995535714285715
0 0.49776785714285715 0.5055803571428571 0.4107142857142857 0.4375
13 0.7466517857142857 0.9598214285714286 0.23102678571428573 0.07924107142857142
13 0.5111607142857143 0.049107142857142856 0.24330357142857142 0.09821428571428571
13 0.8058035714285714 0.6428571428571429 0.21205357142857142 0.18080357142857142
13 0.9073660714285714 0.10379464285714286 0.17522321428571427 0.20647321428571427
13 0.08816964285714286 0.18861607142857142 0.17522321428571427 0.21875
13 0.42745535714285715 0.19977678571428573 0.23995535714285715 0.21205357142857142
13 0.19754464285714285 0.3872767857142857 0.22321428571428573 0.18526785714285715
13 0.7254464285714286 0.234375 0.24330357142857142 0.21651785714285715
13 0.09821428571428571 0.5948660714285714 0.19196428571428573 0.22098214285714285
13 0.8325892857142857 0.4408482142857143 0.22321428571428573 0.20424107142857142
13 0.34598214285714285 0.7566964285714286 0.23549107142857142 0.1875
13 0.45200892857142855 0.9196428571428571 0.21205357142857142 0.16071428571428573
13 0.09933035714285714 0.8883928571428571 0.19866071428571427 0.22321428571428573