18 0.12723214285714285 0.3783482142857143 0.11272321428571429 0.07700892857142858
17 0.7098214285714286 0.22209821428571427 0.11272321428571429 0.07700892857142858
17 0.9352678571428571 0.19196428571428573 0.11272321428571429 0.07700892857142858
17 0.8638392857142857 0.27566964285714285 0.11272321428571429 0.07700892857142858
17 0.39732142857142855 0.13616071428571427 0.11272321428571429 0.07700892857142858
17 0.2935267857142857 0.17745535714285715 0.11272321428571429 0.07700892857142858
17 0.06473214285714286 0.28794642857142855 0.11272321428571429 0.07700892857142858
17 0.14174107142857142 0.578125 0.11272321428571429 0.07700892857142858
17 0.40401785714285715 0.9051339285714286 0.11272321428571429 0.07924107142857142
17 0.9319196428571429 0.9720982142857143 0.11272321428571429 0.05580357142857143
11 0.7845982142857143 0.10379464285714286 0.11272321428571429 0.07700892857142858
11 0.5256696428571429 0.7377232142857143 0.11272321428571429 0.07700892857142858
5 0.08816964285714286 0.14955357142857142 0.11272321428571429 0.07700892857142858
5 0.09375 0.04799107142857143 0.11272321428571429 0.07700892857142858
5 0.4486607142857143 0.8069196428571429 0.11272321428571429 0.07700892857142858
14 0.9408482142857143 0.31138392857142855 0.11272321428571429 0.07700892857142858
14 0.8738839285714286 0.025669642857142856 0.11272321428571429 0.05022321428571429
13 0.44308035714285715 0.22209821428571427 0.11272321428571429 0.07700892857142858
11 0.8370535714285714 0.5569196428571429 0.08928571428571429 0.07700892857142858
17 0.8839285714285714 0.8738839285714286 0.11272321428571429 0.07700892857142858
13 0.05580357142857143 0.6060267857142857 0.11049107142857142 0.07700892857142858
13 0.08147321428571429 0.4654017857142857 0.11272321428571429 0.07700892857142858
15 0.5167410714285714 0.46316964285714285 0.11272321428571429 0.07700892857142858
5 0.15625 0.9676339285714286 0.11272321428571429 0.06473214285714286
15 0.8895089285714286 0.09040178571428571 0.11272321428571429 0.07700892857142858
15 0.9397321428571429 0.12611607142857142 0.11272321428571429 0.07700892857142858
13 0.20758928571428573 0.24441964285714285 0.11272321428571429 0.07700892857142858
13 0.37723214285714285 0.30691964285714285 0.11272321428571429 0.07700892857142858
13 0.5401785714285714 0.28348214285714285 0.11272321428571429 0.07700892857142858
13 0.44642857142857145 0.04799107142857143 0.11272321428571429 0.07700892857142858
13 0.6506696428571429 0.30580357142857145 0.10044642857142858 0.07700892857142858
13 0.2845982142857143 0.7377232142857143 0.11272321428571429 0.07700892857142858
13 0.515625 0.8738839285714286 0.11272321428571429 0.07700892857142858
13 0.16183035714285715 0.7979910714285714 0.11272321428571429 0.07700892857142858