8 0.5401785714285714 0.9542410714285714 0.11272321428571429 0.07700892857142858
8 0.6060267857142857 0.8850446428571429 0.11272321428571429 0.07700892857142858
8 0.8292410714285714 0.8247767857142857 0.11272321428571429 0.07924107142857142
8 0.3314732142857143 0.3236607142857143 0.11272321428571429 0.07700892857142858
15 0.7477678571428571 0.05915178571428571 0.11272321428571429 0.07700892857142858
15 0.7098214285714286 0.12165178571428571 0.11272321428571429 0.07700892857142858
15 0.5334821428571429 0.04575892857142857 0.11272321428571429 0.07700892857142858
15 0.6785714285714286 0.05133928571428571 0.11272321428571429 0.07700892857142858
15 0.37723214285714285 0.21763392857142858 0.11272321428571429 0.07700892857142858
15 0.3236607142857143 0.21205357142857142 0.11272321428571429 0.07700892857142858
15 0.10602678571428571 0.04799107142857143 0.11272321428571429 0.07700892857142858
15 0.14174107142857142 0.15959821428571427 0.11272321428571429 0.07700892857142858
15 0.13392857142857142 0.39620535714285715 0.11272321428571429 0.07700892857142858
15 0.25558035714285715 0.5256696428571429 0.11272321428571429 0.07700892857142858
15 0.17522321428571427 0.5669642857142857 0.11272321428571429 0.07700892857142858
15 0.14508928571428573 0.6819196428571429 0.11272321428571429 0.07924107142857142
15 0.09598214285714286 0.8337053571428571 0.11272321428571429 0.07700892857142858
15 0.15290178571428573 0.8638392857142857 0.11272321428571429 0.07700892857142858
15 0.3314732142857143 0.9564732142857143 0.11272321428571429 0.07924107142857142
15 0.44642857142857145 0.7879464285714286 0.11272321428571429 0.07700892857142858
15 0.4810267857142857 0.8482142857142857 0.11272321428571429 0.07700892857142858
15 0.3872767857142857 0.6517857142857143 0.11272321428571429 0.07700892857142858
15 0.3638392857142857 0.5904017857142857 0.11272321428571429 0.07700892857142858
15 0.25223214285714285 0.6886160714285714 0.11272321428571429 0.07924107142857142
15 0.5033482142857143 0.5345982142857143 0.11272321428571429 0.07700892857142858
15 0.5345982142857143 0.6908482142857143 0.11272321428571429 0.07700892857142858
15 0.6473214285714286 0.6908482142857143 0.11272321428571429 0.07700892857142858
15 0.6785714285714286 0.7533482142857143 0.11272321428571429 0.07700892857142858
15 0.6417410714285714 0.7924107142857143 0.11272321428571429 0.07700892857142858
15 0.71875 0.8024553571428571 0.11272321428571429 0.07700892857142858
15 0.8772321428571429 0.2924107142857143 0.11272321428571429 0.07700892857142858
15 0.8549107142857143 0.20200892857142858 0.11272321428571429 0.07700892857142858
13 0.5424107142857143 0.8024553571428571 0.11272321428571429 0.07700892857142858
1 0.6651785714285714 0.5479910714285714 0.11272321428571429 0.07700892857142858
1 0.6160714285714286 0.9665178571428571 0.11272321428571429 0.06696428571428571
1 0.7868303571428571 0.7622767857142857 0.11272321428571429 0.07924107142857142
1 0.37723214285714285 0.15736607142857142 0.11272321428571429 0.07700892857142858
1 0.20647321428571427 0.41629464285714285 0.11272321428571429 0.07700892857142858
1 0.7332589285714286 0.8716517857142857 0.11272321428571429 0.07924107142857142
8 0.16852678571428573 0.24553571428571427 0.11272321428571429 0.07700892857142858
8 0.25223214285714285 0.9341517857142857 0.11272321428571429 0.07700892857142858
8 0.060267857142857144 0.17745535714285715 0.11272321428571429 0.07700892857142858
15 0.07477678571428571 0.13058035714285715 0.11272321428571429 0.07700892857142858
15 0.15959821428571427 0.09040178571428571 0.11272321428571429 0.07700892857142858
15 0.7901785714285714 0.19084821428571427 0.11272321428571429 0.07700892857142858
15 0.65625 0.14174107142857142 0.11272321428571429 0.07700892857142858
15 0.5770089285714286 0.140625 0.11272321428571429 0.07700892857142858
8 0.6160714285714286 0.22321428571428573 0.11272321428571429 0.07700892857142858
15 0.9497767857142857 0.5792410714285714 0.10044642857142858 0.07700892857142858
15 0.8895089285714286 0.5837053571428571 0.11272321428571429 0.07700892857142858
15 0.8627232142857143 0.7388392857142857 0.11272321428571429 0.07700892857142858
15 0.9453125 0.7020089285714286 0.109375 0.078125
15 0.9207589285714286 0.6417410714285714 0.11272321428571429 0.07700892857142858
15 0.3627232142857143 0.828125 0.11272321428571429 0.07924107142857142