9 0.31361607142857145 0.2544642857142857 0.4263392857142857 0.5089285714285714
9 0.6651785714285714 0.34151785714285715 0.27120535714285715 0.33705357142857145
12 0.29464285714285715 0.9118303571428571 0.10379464285714286 0.10044642857142858
13 0.109375 0.9151785714285714 0.21875 0.16964285714285715
13 0.16741071428571427 0.5747767857142857 0.2622767857142857 0.12946428571428573
13 0.4966517857142857 0.5558035714285714 0.06473214285714286 0.09151785714285714
13 0.33816964285714285 0.6629464285714286 0.32924107142857145 0.3080357142857143
13 0.07366071428571429 0.7645089285714286 0.14620535714285715 0.2935267857142857
13 0.421875 0.8582589285714286 0.21428571428571427 0.28348214285714285
13 0.05357142857142857 0.5993303571428571 0.10714285714285714 0.18080357142857142
13 0.4799107142857143 0.6841517857142857 0.09821428571428571 0.29129464285714285
0 0.8158482142857143 0.8337053571428571 0.36830357142857145 0.3314732142857143