2 0.9084821428571429 0.36941964285714285 0.12276785714285714 0.04799107142857143
11 0.8761160714285714 0.43526785714285715 0.0625 0.07700892857142858
11 0.9207589285714286 0.48214285714285715 0.06696428571428571 0.07254464285714286
11 0.96875 0.4263392857142857 0.0625 0.07254464285714286
11 0.8883928571428571 0.5502232142857143 0.07700892857142858 0.08147321428571429
11 0.8270089285714286 0.5881696428571429 0.07254464285714286 0.07700892857142858
11 0.7555803571428571 0.5524553571428571 0.08147321428571429 0.07254464285714286
11 0.7622767857142857 0.4810267857142857 0.0625 0.07700892857142858
11 0.8113839285714286 0.39620535714285715 0.06696428571428571 0.08705357142857142
11 0.7366071428571429 0.39955357142857145 0.08370535714285714 0.07254464285714286
11 0.796875 0.31361607142857145 0.07254464285714286 0.07254464285714286
11 0.8683035714285714 0.31026785714285715 0.06696428571428571 0.07700892857142858
11 0.9241071428571429 0.7165178571428571 0.10602678571428571 0.06919642857142858
11 0.8236607142857143 0.7243303571428571 0.08370535714285714 0.06919642857142858
11 0.796875 0.7979910714285714 0.08705357142857142 0.07477678571428571
11 0.8493303571428571 0.8705357142857143 0.09151785714285714 0.06919642857142858
11 0.7287946428571429 0.8995535714285714 0.09151785714285714 0.07254464285714286
11 0.6941964285714286 0.8337053571428571 0.11049107142857142 0.060267857142857144
11 0.7276785714285714 0.6238839285714286 0.11272321428571429 0.07700892857142858
17 0.7444196428571429 0.7142857142857143 0.09151785714285714 0.07477678571428571
11 0.8303571428571429 0.22991071428571427 0.08147321428571429 0.07700892857142858
11 0.7622767857142857 0.19196428571428573 0.0625 0.07700892857142858
11 0.8191964285714286 0.14397321428571427 0.09598214285714286 0.060267857142857144
2 0.9386160714285714 0.15178571428571427 0.10602678571428571 0.060267857142857144
11 0.5837053571428571 0.47098214285714285 0.06919642857142858 0.08147321428571429
11 0.5770089285714286 0.5446428571428571 0.10044642857142858 0.05803571428571429
11 0.6194196428571429 0.6595982142857143 0.10044642857142858 0.0625
11 0.5569196428571429 0.6830357142857143 0.08928571428571429 0.07254464285714286
2 0.6149553571428571 0.7377232142857143 0.10602678571428571 0.05803571428571429
11 0.5457589285714286 0.8571428571428571 0.09151785714285714 0.052455357142857144
14 0.3404017857142857 0.7198660714285714 0.08370535714285714 0.052455357142857144
14 0.5368303571428571 0.9084821428571429 0.10044642857142858 0.04799107142857143
11 0.7254464285714286 0.11830357142857142 0.08928571428571429 0.05803571428571429
11 0.6819196428571429 0.15959821428571427 0.09598214285714286 0.060267857142857144
11 0.6941964285714286 0.20758928571428573 0.06696428571428571 0.08928571428571429
11 0.6071428571428571 0.25 0.09821428571428571 0.0625
11 0.53125 0.27120535714285715 0.0625 0.07700892857142858
11 0.4810267857142857 0.21986607142857142 0.11272321428571429 0.07700892857142858
2 0.5435267857142857 0.15290178571428573 0.07254464285714286 0.08705357142857142
11 0.7131696428571429 0.029017857142857144 0.06919642857142858 0.05803571428571429
11 0.5055803571428571 0.052455357142857144 0.06696428571428571 0.07477678571428571
11 0.36830357142857145 0.04352678571428571 0.09598214285714286 0.052455357142857144
11 0.29464285714285715 0.08928571428571429 0.06696428571428571 0.07254464285714286
11 0.41294642857142855 0.12611607142857142 0.08370535714285714 0.07254464285714286
11 0.34598214285714285 0.16964285714285715 0.07477678571428571 0.06696428571428571
11 0.45424107142857145 0.16294642857142858 0.11272321428571429 0.07700892857142858
2 0.41964285714285715 0.21205357142857142 0.07254464285714286 0.07700892857142858
11 0.34151785714285715 0.22991071428571427 0.11272321428571429 0.07700892857142858
11 0.5524553571428571 0.37388392857142855 0.09821428571428571 0.05803571428571429
11 0.5011160714285714 0.41183035714285715 0.09598214285714286 0.04575892857142857
11 0.41183035714285715 0.39620535714285715 0.08928571428571429 0.04352678571428571
11 0.5111607142857143 0.47767857142857145 0.07700892857142858 0.07700892857142858
11 0.33816964285714285 0.3939732142857143 0.06696428571428571 0.0625
11 0.48549107142857145 0.5457589285714286 0.07477678571428571 0.08147321428571429
11 0.5189732142857143 0.7433035714285714 0.07254464285714286 0.07924107142857142
11 0.43861607142857145 0.78125 0.10379464285714286 0.05022321428571429
11 0.40625 0.7354910714285714 0.10825892857142858 0.052455357142857144
11 0.4185267857142857 0.8404017857142857 0.10602678571428571 0.0625
11 0.46986607142857145 0.8883928571428571 0.0625 0.07700892857142858
2 0.23883928571428573 0.9363839285714286 0.09821428571428571 0.08705357142857142
11 0.328125 0.9386160714285714 0.08705357142857142 0.06696428571428571
2 0.21540178571428573 0.6540178571428571 0.0625 0.09151785714285714
11 0.17857142857142858 0.6082589285714286 0.08147321428571429 0.07700892857142858
11 0.27232142857142855 0.6049107142857143 0.0625 0.06919642857142858
11 0.27455357142857145 0.4263392857142857 0.0625 0.07700892857142858
11 0.20200892857142858 0.44419642857142855 0.07700892857142858 0.06696428571428571
11 0.11830357142857142 0.4564732142857143 0.07700892857142858 0.06696428571428571
11 0.15290178571428573 0.5435267857142857 0.09598214285714286 0.060267857142857144
11 0.26674107142857145 0.30357142857142855 0.10044642857142858 0.05022321428571429
11 0.23772321428571427 0.24441964285714285 0.09598214285714286 0.06473214285714286
11 0.15401785714285715 0.20870535714285715 0.09375 0.05803571428571429
11 0.17410714285714285 0.2767857142857143 0.08147321428571429 0.07254464285714286
11 0.078125 0.265625 0.09821428571428571 0.05803571428571429
11 0.056919642857142856 0.19642857142857142 0.07254464285714286 0.07254464285714286
11 0.06584821428571429 0.07366071428571429 0.07254464285714286 0.07254464285714286
11 0.11383928571428571 0.033482142857142856 0.06473214285714286 0.06696428571428571
11 0.18415178571428573 0.03236607142857143 0.07700892857142858 0.06473214285714286
11 0.24665178571428573 0.04575892857142857 0.06696428571428571 0.07254464285714286
13 0.35379464285714285 0.3247767857142857 0.08370535714285714 0.06696428571428571
13 0.16183035714285715 0.38839285714285715 0.09151785714285714 0.07254464285714286
11 0.3392857142857143 0.6529017857142857 0.08147321428571429 0.07700892857142858
13 0.21540178571428573 0.8381696428571429 0.08147321428571429 0.06696428571428571
11 0.033482142857142856 0.125 0.06696428571428571 0.05803571428571429
11 0.23883928571428573 0.36049107142857145 0.06696428571428571 0.06696428571428571
15 0.12723214285714285 0.671875 0.07700892857142858 0.05022321428571429
11 0.041294642857142856 0.6685267857142857 0.07700892857142858 0.07254464285714286
11 0.04241071428571429 0.5625 0.08147321428571429 0.07700892857142858
11 0.9073660714285714 0.041294642857142856 0.10044642857142858 0.05803571428571429
11 0.9754464285714286 0.056919642857142856 0.04799107142857143 0.06473214285714286