12 0.41294642857142855 0.6919642857142857 0.08370535714285714 0.06919642857142858
13 0.10602678571428571 0.9832589285714286 0.21205357142857142 0.033482142857142856
13 0.9073660714285714 0.08370535714285714 0.171875 0.16741071428571427
13 0.7622767857142857 0.42745535714285715 0.23549107142857142 0.24553571428571427
13 0.48995535714285715 0.06919642857142858 0.24776785714285715 0.13504464285714285
13 0.8415178571428571 0.9564732142857143 0.2622767857142857 0.08705357142857142
13 0.9006696428571429 0.7935267857142857 0.19419642857142858 0.24776785714285715
0 0.5011160714285714 0.4966517857142857 0.39174107142857145 0.3872767857142857
13 0.4877232142857143 0.23772321428571427 0.24776785714285715 0.19754464285714285
13 0.8816964285714286 0.29799107142857145 0.23102678571428573 0.19977678571428573
13 0.9084821428571429 0.5535714285714286 0.17299107142857142 0.24776785714285715
13 0.26004464285714285 0.3861607142857143 0.23102678571428573 0.24330357142857142
13 0.21651785714285715 0.8459821428571429 0.25 0.24330357142857142
13 0.6071428571428571 0.7723214285714286 0.23549107142857142 0.23549107142857142
13 0.21651785714285715 0.6104910714285714 0.24553571428571427 0.22879464285714285
13 0.3002232142857143 0.11607142857142858 0.22879464285714285 0.22879464285714285