6 0.19084821428571427 0.10602678571428571 0.33370535714285715 0.21205357142857142
3 0.08035714285714286 0.18973214285714285 0.16071428571428573 0.3794642857142857
6 0.6629464285714286 0.15178571428571427 0.3939732142857143 0.30245535714285715
9 0.16741071428571427 0.6540178571428571 0.33370535714285715 0.5479910714285714
13 0.9575892857142857 0.5412946428571429 0.08370535714285714 0.23549107142857142
13 0.7477678571428571 0.59375 0.18526785714285715 0.19754464285714285
6 0.5412946428571429 0.5982142857142857 0.36495535714285715 0.4375
13 0.9352678571428571 0.7991071428571429 0.11272321428571429 0.21875
13 0.8928571428571429 0.45982142857142855 0.21428571428571427 0.16071428571428573
13 0.7991071428571429 0.8303571428571429 0.22879464285714285 0.23549107142857142
13 0.609375 0.9319196428571429 0.23660714285714285 0.13616071428571427
13 0.6964285714285714 0.4330357142857143 0.21428571428571427 0.10602678571428571