1 0.5580357142857143 0.8582589285714286 0.09598214285714286 0.07700892857142858
1 0.3783482142857143 0.5658482142857143 0.09598214285714286 0.07477678571428571
1 0.46763392857142855 0.7020089285714286 0.08705357142857142 0.06696428571428571
1 0.34933035714285715 0.796875 0.08147321428571429 0.07477678571428571
13 0.8236607142857143 0.75 0.08705357142857142 0.07700892857142858
13 0.9542410714285714 0.65625 0.07924107142857142 0.06473214285714286
13 0.7868303571428571 0.6651785714285714 0.09151785714285714 0.07700892857142858
13 0.8772321428571429 0.5524553571428571 0.08147321428571429 0.07254464285714286
13 0.8939732142857143 0.47544642857142855 0.07924107142857142 0.0625
13 0.9084821428571429 0.30691964285714285 0.09151785714285714 0.05803571428571429
13 0.7957589285714286 0.23102678571428573 0.10044642857142858 0.07254464285714286
13 0.4877232142857143 0.296875 0.08705357142857142 0.0625
13 0.53125 0.37388392857142855 0.08147321428571429 0.06696428571428571
13 0.6294642857142857 0.4017857142857143 0.08705357142857142 0.06919642857142858
13 0.7209821428571429 0.36049107142857145 0.09151785714285714 0.07254464285714286
13 0.7589285714285714 0.42745535714285715 0.08705357142857142 0.06696428571428571
13 0.7377232142857143 0.4955357142857143 0.10044642857142858 0.07924107142857142
13 0.6395089285714286 0.5212053571428571 0.08705357142857142 0.07254464285714286
13 0.7098214285714286 0.5680803571428571 0.07477678571428571 0.06473214285714286
13 0.6886160714285714 0.7689732142857143 0.08705357142857142 0.07254464285714286
13 0.65625 0.8526785714285714 0.08705357142857142 0.07254464285714286
13 0.5145089285714286 0.7611607142857143 0.08147321428571429 0.06919642857142858
13 0.30691964285714285 0.7299107142857143 0.08147321428571429 0.06919642857142858
13 0.21540178571428573 0.5569196428571429 0.09151785714285714 0.06919642857142858
13 0.17299107142857142 0.7633928571428571 0.09598214285714286 0.07700892857142858
13 0.17299107142857142 0.8404017857142857 0.08705357142857142 0.06696428571428571
13 0.2689732142857143 0.8459821428571429 0.09151785714285714 0.06919642857142858
15 0.6361607142857143 0.7154017857142857 0.08147321428571429 0.0625
2 0.8147321428571429 0.09709821428571429 0.11272321428571429 0.05803571428571429