13 0.53125 0.28794642857142855 0.15401785714285715 0.26004464285714285
13 0.4955357142857143 0.19196428571428573 0.22544642857142858 0.28348214285714285
3 0.265625 0.28348214285714285 0.5122767857142857 0.2689732142857143
13 0.03125 0.14508928571428573 0.0625 0.29017857142857145
13 0.14397321428571427 0.11272321428571429 0.27455357142857145 0.22544642857142858
13 0.3560267857142857 0.06584821428571429 0.30245535714285715 0.13169642857142858
13 0.7589285714285714 0.22991071428571427 0.3002232142857143 0.37723214285714285
13 0.8493303571428571 0.052455357142857144 0.296875 0.10491071428571429
13 0.6540178571428571 0.35714285714285715 0.09151785714285714 0.12276785714285714
10 0.39174107142857145 0.5881696428571429 0.4185267857142857 0.3392857142857143
3 0.7857142857142857 0.7689732142857143 0.3560267857142857 0.46205357142857145
13 0.890625 0.4564732142857143 0.21875 0.07700892857142858
13 0.921875 0.9140625 0.15625 0.171875
13 0.7645089285714286 0.5122767857142857 0.26004464285714285 0.1875
13 0.9542410714285714 0.6439732142857143 0.09151785714285714 0.22098214285714285