12 0.9631696428571429 0.8582589285714286 0.033482142857142856 0.03794642857142857
12 0.9151785714285714 0.8024553571428571 0.024553571428571428 0.029017857142857144
12 0.8426339285714286 0.8147321428571429 0.024553571428571428 0.033482142857142856
12 0.6595982142857143 0.5178571428571429 0.033482142857142856 0.033482142857142856
12 0.6450892857142857 0.5803571428571429 0.024553571428571428 0.03571428571428571
12 0.5502232142857143 0.6886160714285714 0.029017857142857144 0.04352678571428571
12 0.47433035714285715 0.5245535714285714 0.021205357142857144 0.03794642857142857
12 0.42857142857142855 0.8426339285714286 0.024553571428571428 0.033482142857142856
12 0.41183035714285715 0.5837053571428571 0.024553571428571428 0.029017857142857144
12 0.21875 0.23549107142857142 0.026785714285714284 0.03125
12 0.5848214285714286 0.03571428571428571 0.024553571428571428 0.03794642857142857
12 0.07254464285714286 0.18526785714285715 0.021205357142857144 0.033482142857142856
1 0.27901785714285715 0.5479910714285714 0.07700892857142858 0.09151785714285714
1 0.8627232142857143 0.6897321428571429 0.08705357142857142 0.08147321428571429
1 0.5011160714285714 0.8950892857142857 0.06696428571428571 0.10602678571428571
1 0.8370535714285714 0.3950892857142857 0.0625 0.08705357142857142
1 0.9129464285714286 0.18191964285714285 0.06919642857142858 0.11049107142857142
1 0.40848214285714285 0.19084821428571427 0.0625 0.08705357142857142
1 0.32924107142857145 0.15959821428571427 0.06696428571428571 0.08705357142857142
1 0.45535714285714285 0.12611607142857142 0.06696428571428571 0.08705357142857142
1 0.640625 0.041294642857142856 0.06696428571428571 0.08147321428571429
1 0.6049107142857143 0.1875 0.07477678571428571 0.09598214285714286
1 0.6863839285714286 0.19642857142857142 0.06473214285714286 0.08147321428571429
1 0.7522321428571429 0.23214285714285715 0.060267857142857144 0.08147321428571429
1 0.8191964285714286 0.21316964285714285 0.07254464285714286 0.09598214285714286
1 0.578125 0.7979910714285714 0.06696428571428571 0.09151785714285714
17 0.7511160714285714 0.8258928571428571 0.06919642857142858 0.09598214285714286
1 0.19866071428571427 0.8002232142857143 0.07477678571428571 0.08705357142857142
1 0.22879464285714285 0.6450892857142857 0.07254464285714286 0.08370535714285714
1 0.41629464285714285 0.4497767857142857 0.0625 0.10602678571428571
17 0.7533482142857143 0.828125 0.0625 0.09598214285714286
17 0.28125 0.22433035714285715 0.0625 0.08147321428571429
1 0.6383928571428571 0.26674107142857145 0.0625 0.09151785714285714
1 0.7511160714285714 0.3314732142857143 0.06696428571428571 0.08147321428571429
1 0.11607142857142858 0.5803571428571429 0.06919642857142858 0.08147321428571429
12 0.05022321428571429 0.6662946428571429 0.018973214285714284 0.033482142857142856
12 0.013392857142857142 0.6261160714285714 0.021205357142857144 0.029017857142857144
18 0.6361607142857143 0.9486607142857143 0.0625 0.09598214285714286