15 0.29017857142857145 0.3549107142857143 0.05803571428571429 0.07254464285714286
15 0.19419642857142858 0.45982142857142855 0.04799107142857143 0.06696428571428571
15 0.5323660714285714 0.6607142857142857 0.052455357142857144 0.07700892857142858
15 0.15848214285714285 0.07700892857142858 0.060267857142857144 0.08705357142857142
18 0.5747767857142857 0.5145089285714286 0.07700892857142858 0.11272321428571429
18 0.48660714285714285 0.8404017857142857 0.09598214285714286 0.07477678571428571
14 0.06473214285714286 0.5513392857142857 0.05803571428571429 0.08147321428571429
14 0.75 0.5591517857142857 0.04352678571428571 0.07254464285714286
17 0.7466517857142857 0.45870535714285715 0.06696428571428571 0.09151785714285714
17 0.8861607142857143 0.3236607142857143 0.08705357142857142 0.12946428571428573
17 0.9497767857142857 0.4375 0.07700892857142858 0.11272321428571429
17 0.8136160714285714 0.5089285714285714 0.06473214285714286 0.10044642857142858
17 0.9620535714285714 0.5703125 0.07589285714285714 0.11383928571428571
17 0.8571428571428571 0.6674107142857143 0.07700892857142858 0.10044642857142858
17 0.890625 0.9174107142857143 0.08147321428571429 0.09151785714285714
17 0.7801339285714286 0.9665178571428571 0.07700892857142858 0.06696428571428571
17 0.48660714285714285 0.6261160714285714 0.07254464285714286 0.09151785714285714
17 0.3638392857142857 0.5 0.07700892857142858 0.11272321428571429
17 0.41629464285714285 0.39174107142857145 0.07477678571428571 0.10044642857142858
17 0.484375 0.3482142857142857 0.06696428571428571 0.09821428571428571
17 0.7299107142857143 0.15401785714285715 0.07700892857142858 0.11272321428571429
17 0.37723214285714285 0.16294642857142858 0.060267857142857144 0.09151785714285714
17 0.3638392857142857 0.06696428571428571 0.06696428571428571 0.09151785714285714
17 0.4877232142857143 0.16964285714285715 0.06696428571428571 0.08705357142857142
17 0.25111607142857145 0.13169642857142858 0.07700892857142858 0.10044642857142858
17 0.09263392857142858 0.23995535714285715 0.07700892857142858 0.10044642857142858
17 0.15290178571428573 0.2935267857142857 0.07700892857142858 0.11272321428571429
17 0.033482142857142856 0.3169642857142857 0.06696428571428571 0.09151785714285714
17 0.17299107142857142 0.36941964285714285 0.07700892857142858 0.11272321428571429
17 0.08147321428571429 0.4799107142857143 0.07700892857142858 0.11272321428571429
17 0.33705357142857145 0.40401785714285715 0.07700892857142858 0.11272321428571429
17 0.27455357142857145 0.5613839285714286 0.06696428571428571 0.10044642857142858
17 0.03794642857142857 0.6350446428571429 0.07589285714285714 0.11383928571428571
17 0.16294642857142858 0.7354910714285714 0.06919642857142858 0.10044642857142858
17 0.328125 0.6674107142857143 0.06696428571428571 0.09151785714285714
17 0.26450892857142855 0.78125 0.06919642857142858 0.09151785714285714
17 0.21986607142857142 0.8180803571428571 0.07254464285714286 0.08705357142857142
17 0.19419642857142858 0.8962053571428571 0.06473214285714286 0.09151785714285714
17 0.36495535714285715 0.8660714285714286 0.07700892857142858 0.10044642857142858
17 0.8526785714285714 0.04241071428571429 0.07254464285714286 0.08147321428571429
17 0.9709821428571429 0.2689732142857143 0.05803571428571429 0.09598214285714286
17 0.9765625 0.3203125 0.046875 0.11383928571428571
5 0.6651785714285714 0.7154017857142857 0.06696428571428571 0.08705357142857142
5 0.796875 0.5904017857142857 0.07700892857142858 0.11272321428571429
5 0.4575892857142857 0.9241071428571429 0.0625 0.07700892857142858
17 0.03459821428571429 0.07366071428571429 0.06696428571428571 0.10044642857142858
15 0.6651785714285714 0.2845982142857143 0.07254464285714286 0.09598214285714286
17 0.5569196428571429 0.22544642857142858 0.0625 0.10044642857142858
15 0.7678571428571429 0.22433035714285715 0.07700892857142858 0.09598214285714286
17 0.6160714285714286 0.8582589285714286 0.07700892857142858 0.09151785714285714
15 0.7243303571428571 0.33370535714285715 0.0625 0.08147321428571429
15 0.7377232142857143 0.07924107142857142 0.06919642857142858 0.07700892857142858
5 0.19196428571428573 0.23883928571428573 0.07254464285714286 0.09151785714285714
17 0.14955357142857142 0.14508928571428573 0.07700892857142858 0.11272321428571429
5 0.45535714285714285 0.703125 0.06696428571428571 0.07924107142857142
11 0.6462053571428571 0.8080357142857143 0.07700892857142858 0.09151785714285714
15 0.859375 0.5613839285714286 0.05803571428571429 0.07254464285714286
14 0.8482142857142857 0.19642857142857142 0.07700892857142858 0.11272321428571429