13 0.12723214285714285 0.044642857142857144 0.2544642857142857 0.08928571428571429
13 0.640625 0.7946428571428571 0.24330357142857142 0.22321428571428573
13 0.796875 0.27566964285714285 0.27120535714285715 0.28794642857142855
13 0.734375 0.8002232142857143 0.23549107142857142 0.23995535714285715
13 0.05915178571428571 0.48995535714285715 0.11830357142857142 0.31473214285714285
13 0.44419642857142855 0.20535714285714285 0.22098214285714285 0.21205357142857142
13 0.6729910714285714 0.22991071428571427 0.22544642857142858 0.20870535714285715
13 0.35379464285714285 0.96875 0.17745535714285715 0.0625
13 0.18861607142857142 0.9676339285714286 0.18526785714285715 0.06473214285714286
13 0.36607142857142855 0.17522321428571427 0.22098214285714285 0.29575892857142855
13 0.2533482142857143 0.6372767857142857 0.24776785714285715 0.23549107142857142
13 0.078125 0.875 0.15625 0.25
13 0.7589285714285714 0.05580357142857143 0.25 0.11049107142857142
6 0.5200892857142857 0.5100446428571429 0.4419642857142857 0.43080357142857145
13 0.6037946428571429 0.9441964285714286 0.23325892857142858 0.11049107142857142
13 0.12165178571428571 0.20758928571428573 0.24330357142857142 0.23325892857142858
13 0.43526785714285715 0.8024553571428571 0.18080357142857142 0.21651785714285715
13 0.23995535714285715 0.8482142857142857 0.21428571428571427 0.18080357142857142
13 0.9006696428571429 0.765625 0.19866071428571427 0.23214285714285715