12 0.09040178571428571 0.8805803571428571 0.029017857142857144 0.021205357142857144
12 0.10491071428571429 0.8973214285714286 0.018973214285714284 0.014508928571428572
12 0.13058035714285715 0.8604910714285714 0.029017857142857144 0.024553571428571428
12 0.43973214285714285 0.6004464285714286 0.03125 0.018973214285714284
12 0.6662946428571429 0.5892857142857143 0.033482142857142856 0.024553571428571428
12 0.5513392857142857 0.12388392857142858 0.04575892857142857 0.029017857142857144
12 0.5758928571428571 0.19866071428571427 0.029017857142857144 0.018973214285714284
12 0.96875 0.5089285714285714 0.029017857142857144 0.021205357142857144
12 0.13504464285714285 0.5189732142857143 0.03125 0.016741071428571428
12 0.125 0.5 0.029017857142857144 0.016741071428571428
12 0.18973214285714285 0.21205357142857142 0.029017857142857144 0.024553571428571428
12 0.109375 0.20535714285714285 0.029017857142857144 0.018973214285714284
12 0.0625 0.05803571428571429 0.029017857142857144 0.024553571428571428
1 0.17522321428571427 0.5792410714285714 0.09151785714285714 0.05803571428571429
1 0.09263392857142858 0.36495535714285715 0.09598214285714286 0.060267857142857144
1 0.41294642857142855 0.6462053571428571 0.08147321428571429 0.06696428571428571
1 0.4955357142857143 0.6729910714285714 0.08147321428571429 0.0625
1 0.6685267857142857 0.6830357142857143 0.08705357142857142 0.07477678571428571
1 0.8136160714285714 0.7845982142857143 0.07700892857142858 0.06473214285714286
1 0.33482142857142855 0.10491071428571429 0.09598214285714286 0.0625
1 0.29464285714285715 0.03571428571428571 0.09375 0.07142857142857142
1 0.9330357142857143 0.42075892857142855 0.07924107142857142 0.0625
1 0.8448660714285714 0.3794642857142857 0.07700892857142858 0.06696428571428571
1 0.23772321428571427 0.5145089285714286 0.07254464285714286 0.052455357142857144
14 0.3638392857142857 0.3950892857142857 0.06696428571428571 0.05803571428571429
14 0.3169642857142857 0.515625 0.08705357142857142 0.07254464285714286
2 0.5680803571428571 0.41964285714285715 0.11049107142857142 0.05803571428571429
1 0.9709821428571429 0.32924107142857145 0.05803571428571429 0.0625
14 0.7555803571428571 0.7477678571428571 0.06696428571428571 0.06696428571428571
1 0.171875 0.7533482142857143 0.08147321428571429 0.07700892857142858
2 0.42075892857142855 0.8973214285714286 0.07700892857142858 0.08147321428571429
1 0.3169642857142857 0.22098214285714285 0.08147321428571429 0.07700892857142858
1 0.35044642857142855 0.19419642857142858 0.06696428571428571 0.06696428571428571
1 0.40513392857142855 0.041294642857142856 0.09151785714285714 0.06696428571428571
13 0.4419642857142857 0.40401785714285715 0.08928571428571429 0.06696428571428571
17 0.08816964285714286 0.10044642857142858 0.08705357142857142 0.07254464285714286