13 0.6149553571428571 0.23549107142857142 0.18526785714285715 0.15625
13 0.9821428571428571 0.7299107142857143 0.03571428571428571 0.20870535714285715
13 0.033482142857142856 0.11941964285714286 0.06696428571428571 0.15178571428571427
13 0.5122767857142857 0.203125 0.20870535714285715 0.21651785714285715
13 0.5993303571428571 0.9598214285714286 0.18080357142857142 0.07924107142857142
13 0.17857142857142858 0.9553571428571429 0.1875 0.08928571428571429
6 0.5245535714285714 0.5245535714285714 0.43973214285714285 0.43526785714285715
13 0.171875 0.4107142857142857 0.19977678571428573 0.20647321428571427
13 0.49441964285714285 0.8537946428571429 0.21651785714285715 0.21205357142857142
13 0.11495535714285714 0.06361607142857142 0.19196428571428573 0.12723214285714285
13 0.8381696428571429 0.7064732142857143 0.23102678571428573 0.20647321428571427
13 0.17075892857142858 0.22098214285714285 0.23549107142857142 0.19754464285714285
13 0.7946428571428571 0.9207589285714286 0.21651785714285715 0.15848214285714285
13 0.29575892857142855 0.8649553571428571 0.20424107142857142 0.21428571428571427
13 0.2689732142857143 0.6662946428571429 0.21205357142857142 0.20424107142857142
13 0.9140625 0.5357142857142857 0.171875 0.20089285714285715