17 0.26785714285714285 0.3950892857142857 0.09598214285714286 0.06919642857142858
17 0.36495535714285715 0.38504464285714285 0.09151785714285714 0.07254464285714286
17 0.5245535714285714 0.19084821428571427 0.10044642857142858 0.07477678571428571
17 0.7712053571428571 0.14620535714285715 0.11049107142857142 0.07700892857142858
17 0.27120535714285715 0.5535714285714286 0.10044642857142858 0.07700892857142858
17 0.41183035714285715 0.7756696428571429 0.09151785714285714 0.08705357142857142
17 0.5725446428571429 0.6752232142857143 0.10044642857142858 0.07700892857142858
17 0.8125 0.8638392857142857 0.10044642857142858 0.07477678571428571
17 0.9241071428571429 0.8448660714285714 0.09598214285714286 0.06696428571428571
17 0.9051339285714286 0.9084821428571429 0.09151785714285714 0.07254464285714286
17 0.15736607142857142 0.7589285714285714 0.09375 0.07477678571428571
17 0.38169642857142855 0.5792410714285714 0.09598214285714286 0.06919642857142858
17 0.7522321428571429 0.43526785714285715 0.09151785714285714 0.07700892857142858
17 0.7611607142857143 0.5279017857142857 0.10044642857142858 0.07254464285714286
17 0.5970982142857143 0.3794642857142857 0.08928571428571429 0.0625
17 0.6595982142857143 0.43638392857142855 0.09598214285714286 0.06919642857142858
17 0.5044642857142857 0.35267857142857145 0.09598214285714286 0.06696428571428571
14 0.8950892857142857 0.7801339285714286 0.06473214285714286 0.06696428571428571
14 0.08370535714285714 0.5223214285714286 0.04799107142857143 0.04352678571428571
11 0.32589285714285715 0.2689732142857143 0.09598214285714286 0.08705357142857142
11 0.828125 0.75 0.08147321428571429 0.08147321428571429
17 0.7712053571428571 0.7287946428571429 0.09375 0.06919642857142858