12 0.14174107142857142 0.036830357142857144 0.03794642857142857 0.033482142857142856
12 0.19754464285714285 0.08482142857142858 0.029017857142857144 0.024553571428571428
12 0.18526785714285715 0.15736607142857142 0.033482142857142856 0.024553571428571428
12 0.48214285714285715 0.3404017857142857 0.033482142857142856 0.033482142857142856
12 0.41964285714285715 0.3549107142857143 0.03571428571428571 0.024553571428571428
12 0.31138392857142855 0.4497767857142857 0.04352678571428571 0.029017857142857144
12 0.47544642857142855 0.5256696428571429 0.03794642857142857 0.021205357142857144
12 0.15736607142857142 0.5714285714285714 0.033482142857142856 0.024553571428571428
12 0.41629464285714285 0.5881696428571429 0.029017857142857144 0.024553571428571428
12 0.7645089285714286 0.78125 0.03125 0.026785714285714284
12 0.9642857142857143 0.41517857142857145 0.03794642857142857 0.024553571428571428
12 0.8147321428571429 0.9274553571428571 0.033482142857142856 0.021205357142857144
1 0.45200892857142855 0.7209821428571429 0.09151785714285714 0.07700892857142858
1 0.31026785714285715 0.13727678571428573 0.08147321428571429 0.08705357142857142
1 0.10491071428571429 0.49888392857142855 0.10602678571428571 0.06696428571428571
1 0.6049107142857143 0.16294642857142858 0.08705357142857142 0.0625
1 0.8180803571428571 0.08705357142857142 0.11049107142857142 0.06919642857142858
1 0.8091517857142857 0.5915178571428571 0.08705357142857142 0.0625
1 0.8404017857142857 0.6707589285714286 0.08705357142857142 0.06696428571428571
1 0.8738839285714286 0.5446428571428571 0.08705357142857142 0.06696428571428571
1 0.9587053571428571 0.359375 0.08147321428571429 0.06696428571428571
1 0.8125 0.3950892857142857 0.09598214285714286 0.07477678571428571
1 0.8035714285714286 0.31361607142857145 0.08147321428571429 0.06473214285714286
1 0.7678571428571429 0.24776785714285715 0.08147321428571429 0.060267857142857144
1 0.7868303571428571 0.18080357142857142 0.09598214285714286 0.07254464285714286
1 0.20200892857142858 0.421875 0.09151785714285714 0.06696428571428571
17 0.17410714285714285 0.24888392857142858 0.09598214285714286 0.06919642857142858
1 0.19977678571428573 0.8013392857142857 0.08705357142857142 0.07477678571428571
1 0.3549107142857143 0.7712053571428571 0.08370535714285714 0.07254464285714286
1 0.5502232142857143 0.5837053571428571 0.10602678571428571 0.0625
17 0.171875 0.24665178571428573 0.09598214285714286 0.0625
17 0.7756696428571429 0.71875 0.08147321428571429 0.0625
1 0.7332589285714286 0.36160714285714285 0.09151785714285714 0.0625
1 0.6685267857142857 0.24888392857142858 0.08147321428571429 0.06696428571428571
1 0.41964285714285715 0.8839285714285714 0.08147321428571429 0.06919642857142858
12 0.33370535714285715 0.9497767857142857 0.033482142857142856 0.018973214285714284
12 0.37388392857142855 0.9866071428571429 0.029017857142857144 0.021205357142857144
18 0.05133928571428571 0.3638392857142857 0.09598214285714286 0.0625