3 0.22879464285714285 0.30691964285714285 0.4564732142857143 0.5267857142857143
3 0.484375 0.12946428571428573 0.16964285714285715 0.25892857142857145
13 0.8805803571428571 0.17075892857142858 0.23772321428571427 0.26450892857142855
13 0.8504464285714286 0.04017857142857143 0.23995535714285715 0.07924107142857142
13 0.9609375 0.34151785714285715 0.078125 0.24553571428571427
6 0.7165178571428571 0.31919642857142855 0.2935267857142857 0.32700892857142855
13 0.6428571428571429 0.4966517857142857 0.14620535714285715 0.14620535714285715
13 0.8694196428571429 0.5279017857142857 0.2611607142857143 0.08258928571428571
13 0.6785714285714286 0.09598214285714286 0.21875 0.19196428571428573
12 0.8504464285714286 0.45424107142857145 0.17075892857142858 0.16071428571428573
12 0.07589285714285714 0.7589285714285714 0.10379464285714286 0.09375
13 0.43191964285714285 0.6584821428571429 0.25669642857142855 0.17745535714285715
6 0.21428571428571427 0.9296875 0.35714285714285715 0.140625
13 0.46875 0.9676339285714286 0.20200892857142858 0.06473214285714286
13 0.5412946428571429 0.8995535714285714 0.05580357142857143 0.20089285714285715
13 0.06808035714285714 0.9029017857142857 0.13616071428571427 0.19419642857142858
0 0.8794642857142857 0.8828125 0.23660714285714285 0.234375