8 0.04575892857142857 0.5401785714285714 0.07700892857142858 0.11272321428571429
8 0.11495535714285714 0.6060267857142857 0.07700892857142858 0.11272321428571429
8 0.17522321428571427 0.8292410714285714 0.07700892857142858 0.11272321428571429
8 0.6763392857142857 0.3314732142857143 0.07700892857142858 0.11272321428571429
15 0.9408482142857143 0.7477678571428571 0.07700892857142858 0.11272321428571429
15 0.8783482142857143 0.7098214285714286 0.07700892857142858 0.11272321428571429
15 0.9542410714285714 0.5334821428571429 0.07700892857142858 0.11272321428571429
15 0.9486607142857143 0.6785714285714286 0.07700892857142858 0.11272321428571429
15 0.7823660714285714 0.37723214285714285 0.07700892857142858 0.11272321428571429
15 0.7879464285714286 0.3236607142857143 0.07700892857142858 0.11272321428571429
15 0.9520089285714286 0.10602678571428571 0.07700892857142858 0.11272321428571429
15 0.8404017857142857 0.14174107142857142 0.07700892857142858 0.11272321428571429
15 0.6037946428571429 0.13392857142857142 0.07700892857142858 0.11272321428571429
15 0.47433035714285715 0.25558035714285715 0.07700892857142858 0.11272321428571429
15 0.4330357142857143 0.17522321428571427 0.07700892857142858 0.11272321428571429
15 0.31808035714285715 0.14508928571428573 0.07700892857142858 0.11272321428571429
15 0.16629464285714285 0.09598214285714286 0.07700892857142858 0.11272321428571429
15 0.13616071428571427 0.15290178571428573 0.07700892857142858 0.11272321428571429
15 0.04352678571428571 0.3314732142857143 0.07700892857142858 0.11272321428571429
15 0.21205357142857142 0.44642857142857145 0.07700892857142858 0.11272321428571429
15 0.15178571428571427 0.4810267857142857 0.07700892857142858 0.11272321428571429
15 0.3482142857142857 0.3872767857142857 0.07700892857142858 0.11272321428571429
15 0.4095982142857143 0.3638392857142857 0.07700892857142858 0.11272321428571429
15 0.31138392857142855 0.25223214285714285 0.07700892857142858 0.11272321428571429
15 0.4654017857142857 0.5033482142857143 0.07700892857142858 0.11272321428571429
15 0.3091517857142857 0.5345982142857143 0.07700892857142858 0.11272321428571429
15 0.3091517857142857 0.6473214285714286 0.07700892857142858 0.11272321428571429
15 0.24665178571428573 0.6785714285714286 0.07700892857142858 0.11272321428571429
15 0.20758928571428573 0.6417410714285714 0.07700892857142858 0.11272321428571429
15 0.19754464285714285 0.71875 0.07700892857142858 0.11272321428571429
15 0.7075892857142857 0.8772321428571429 0.07700892857142858 0.11272321428571429
15 0.7979910714285714 0.8549107142857143 0.07700892857142858 0.11272321428571429
13 0.19754464285714285 0.5424107142857143 0.07700892857142858 0.11272321428571429
1 0.45200892857142855 0.6651785714285714 0.07700892857142858 0.11272321428571429
1 0.033482142857142856 0.6160714285714286 0.06696428571428571 0.11272321428571429
1 0.23772321428571427 0.7868303571428571 0.07700892857142858 0.11272321428571429
1 0.8426339285714286 0.37723214285714285 0.07700892857142858 0.11272321428571429
1 0.5837053571428571 0.20647321428571427 0.07700892857142858 0.11272321428571429
1 0.12834821428571427 0.7332589285714286 0.07700892857142858 0.11272321428571429
8 0.7544642857142857 0.16852678571428573 0.07700892857142858 0.11272321428571429
8 0.06584821428571429 0.25223214285714285 0.07700892857142858 0.11272321428571429
8 0.8225446428571429 0.060267857142857144 0.07700892857142858 0.11272321428571429
15 0.8694196428571429 0.07477678571428571 0.07700892857142858 0.11272321428571429
15 0.9095982142857143 0.15959821428571427 0.07700892857142858 0.11272321428571429
15 0.8091517857142857 0.7901785714285714 0.07700892857142858 0.11272321428571429
15 0.8582589285714286 0.65625 0.07700892857142858 0.11272321428571429
15 0.859375 0.5770089285714286 0.07700892857142858 0.11272321428571429
8 0.7767857142857143 0.6160714285714286 0.07700892857142858 0.11272321428571429
15 0.42075892857142855 0.9497767857142857 0.07700892857142858 0.10044642857142858
15 0.41629464285714285 0.8895089285714286 0.07700892857142858 0.11272321428571429
15 0.2611607142857143 0.8627232142857143 0.07700892857142858 0.11272321428571429
15 0.29575892857142855 0.9453125 0.078125 0.109375
15 0.35825892857142855 0.9207589285714286 0.07700892857142858 0.11272321428571429
15 0.171875 0.3627232142857143 0.07700892857142858 0.11272321428571429