3 0.21205357142857142 0.32589285714285715 0.42299107142857145 0.36830357142857145
10 0.8370535714285714 0.18415178571428573 0.32589285714285715 0.36830357142857145
13 0.036830357142857144 0.8560267857142857 0.07366071428571429 0.24776785714285715
13 0.18191964285714285 0.5837053571428571 0.31026785714285715 0.14955357142857142
13 0.08928571428571429 0.7198660714285714 0.17745535714285715 0.28125
13 0.027901785714285716 0.578125 0.05580357142857143 0.10825892857142858
13 0.20982142857142858 0.8337053571428571 0.27455357142857145 0.2857142857142857
13 0.08705357142857142 0.9073660714285714 0.17299107142857142 0.18526785714285715
13 0.46316964285714285 0.5959821428571429 0.17075892857142858 0.17299107142857142
6 0.3939732142857143 0.8482142857142857 0.3080357142857143 0.30245535714285715
9 0.7734375 0.8448660714285714 0.453125 0.31026785714285715