13 0.45870535714285715 0.12946428571428573 0.19419642857142858 0.25892857142857145
13 0.09151785714285714 0.44419642857142855 0.18303571428571427 0.06696428571428571
0 0.23660714285714285 0.11383928571428571 0.46875 0.22767857142857142
13 0.4252232142857143 0.29910714285714285 0.26450892857142855 0.25
13 0.30691964285714285 0.4185267857142857 0.22879464285714285 0.12053571428571429
13 0.056919642857142856 0.2935267857142857 0.11272321428571429 0.23102678571428573
9 0.8805803571428571 0.23772321428571427 0.23772321428571427 0.47544642857142855
13 0.43191964285714285 0.5 0.24330357142857142 0.04352678571428571
13 0.515625 0.9162946428571429 0.08035714285714286 0.16741071428571427
13 0.40736607142857145 0.8604910714285714 0.27120535714285715 0.27901785714285715
13 0.17075892857142858 0.5256696428571429 0.26004464285714285 0.09375
0 0.19308035714285715 0.8113839285714286 0.3861607142857143 0.37723214285714285
13 0.3482142857142857 0.6216517857142857 0.26004464285714285 0.2689732142857143
12 0.5055803571428571 0.5368303571428571 0.09151785714285714 0.08928571428571429
3 0.7254464285714286 0.6462053571428571 0.33705357142857145 0.33705357142857145