6 0.45424107142857145 0.28794642857142855 0.35825892857142855 0.3314732142857143
9 0.8526785714285714 0.27566964285714285 0.08928571428571429 0.3872767857142857
13 0.7165178571428571 0.484375 0.18303571428571427 0.03125
13 0.018973214285714284 0.578125 0.03794642857142857 0.21428571428571427
13 0.7566964285714286 0.9363839285714286 0.10044642857142858 0.12723214285714285
13 0.014508928571428572 0.7935267857142857 0.029017857142857144 0.23995535714285715
13 0.13839285714285715 0.9598214285714286 0.2767857142857143 0.07924107142857142
13 0.06696428571428571 0.4888392857142857 0.13392857142857142 0.044642857142857144
13 0.6841517857142857 0.7566964285714286 0.24776785714285715 0.28794642857142855
13 0.41964285714285715 0.5725446428571429 0.29129464285714285 0.20647321428571427
13 0.20647321428571427 0.6049107142857143 0.26450892857142855 0.26004464285714285
0 0.3950892857142857 0.7912946428571429 0.4732142857142857 0.4174107142857143
10 0.8537946428571429 0.7712053571428571 0.09151785714285714 0.4564732142857143