13 0.12723214285714285 0.8314732142857143 0.25 0.2857142857142857
13 0.9285714285714286 0.6919642857142857 0.13727678571428573 0.23549107142857142
13 0.43080357142857145 0.8962053571428571 0.22879464285714285 0.19419642857142858
13 0.5368303571428571 0.921875 0.23549107142857142 0.15178571428571427
13 0.060267857142857144 0.3939732142857143 0.12053571428571429 0.22544642857142858
13 0.5457589285714286 0.7198660714285714 0.20870535714285715 0.18526785714285715
13 0.9174107142857143 0.8058035714285714 0.16071428571428573 0.23549107142857142
0 0.49776785714285715 0.5033482142857143 0.43526785714285715 0.48995535714285715
12 0.12611607142857142 0.5368303571428571 0.06919642857142858 0.07254464285714286
13 0.6830357142857143 0.05915178571428571 0.2544642857142857 0.11830357142857142
13 0.8928571428571429 0.9542410714285714 0.21428571428571427 0.09151785714285714
13 0.2767857142857143 0.7488839285714286 0.20647321428571427 0.22098214285714285
13 0.9084821428571429 0.07254464285714286 0.17745535714285715 0.14174107142857142
13 0.13950892857142858 0.17522321428571427 0.19419642857142858 0.22879464285714285
13 0.09263392857142858 0.6752232142857143 0.18526785714285715 0.23995535714285715
13 0.8337053571428571 0.25223214285714285 0.22544642857142858 0.22321428571428573
13 0.3627232142857143 0.07700892857142858 0.22544642857142858 0.14955357142857142
13 0.29575892857142855 0.9285714285714286 0.23102678571428573 0.14174107142857142
13 0.5145089285714286 0.18303571428571427 0.24553571428571427 0.21205357142857142
13 0.30245535714285715 0.2845982142857143 0.22321428571428573 0.22321428571428573
13 0.7912946428571429 0.5301339285714286 0.20870535714285715 0.21205357142857142
13 0.7533482142857143 0.8716517857142857 0.20870535714285715 0.22321428571428573