5 0.31138392857142855 0.44754464285714285 0.09151785714285714 0.07477678571428571
5 0.7756696428571429 0.140625 0.10044642857142858 0.07700892857142858
5 0.5892857142857143 0.5680803571428571 0.11495535714285714 0.09151785714285714
15 0.24330357142857142 0.21875 0.07254464285714286 0.05022321428571429
17 0.8571428571428571 0.05915178571428571 0.10602678571428571 0.07477678571428571
17 0.9319196428571429 0.19419642857142858 0.09598214285714286 0.07254464285714286
17 0.6696428571428571 0.2544642857142857 0.09598214285714286 0.07254464285714286
17 0.5502232142857143 0.21651785714285715 0.11049107142857142 0.07700892857142858
17 0.5691964285714286 0.15066964285714285 0.09598214285714286 0.0625
17 0.6540178571428571 0.36495535714285715 0.10602678571428571 0.08928571428571429
17 0.8448660714285714 0.6194196428571429 0.11272321428571429 0.08147321428571429
17 0.7823660714285714 0.6495535714285714 0.11272321428571429 0.07700892857142858
17 0.9207589285714286 0.7801339285714286 0.10044642857142858 0.07477678571428571
17 0.6227678571428571 0.8214285714285714 0.10379464285714286 0.07700892857142858
17 0.6618303571428571 0.8616071428571429 0.10602678571428571 0.06919642857142858
17 0.53125 0.6495535714285714 0.10602678571428571 0.07254464285714286
17 0.041294642857142856 0.4486607142857143 0.08147321428571429 0.07700892857142858
17 0.13839285714285715 0.4095982142857143 0.11049107142857142 0.08370535714285714
17 0.19419642857142858 0.12723214285714285 0.09821428571428571 0.07700892857142858
17 0.31026785714285715 0.9207589285714286 0.10602678571428571 0.08147321428571429
5 0.07700892857142858 0.8270089285714286 0.08928571428571429 0.07700892857142858
5 0.15401785714285715 0.8604910714285714 0.10379464285714286 0.09151785714285714
11 0.828125 0.3404017857142857 0.11049107142857142 0.05803571428571429
15 0.8727678571428571 0.5 0.07254464285714286 0.04799107142857143
14 0.953125 0.43526785714285715 0.06919642857142858 0.05580357142857143
5 0.9665178571428571 0.3404017857142857 0.06696428571428571 0.07254464285714286
5 0.9598214285714286 0.6863839285714286 0.07924107142857142 0.06919642857142858
5 0.7723214285714286 0.7433035714285714 0.11272321428571429 0.07924107142857142
13 0.9029017857142857 0.9308035714285714 0.09598214285714286 0.06696428571428571
11 0.4341517857142857 0.8694196428571429 0.09598214285714286 0.08147321428571429
14 0.5446428571428571 0.8939732142857143 0.09598214285714286 0.06696428571428571
14 0.38169642857142855 0.7924107142857143 0.06919642857142858 0.05803571428571429
14 0.33705357142857145 0.7555803571428571 0.07924107142857142 0.06696428571428571
13 0.13058035714285715 0.033482142857142856 0.08705357142857142 0.06696428571428571
17 0.18526785714285715 0.49441964285714285 0.11272321428571429 0.07700892857142858
17 0.234375 0.7723214285714286 0.09598214285714286 0.07254464285714286
17 0.7600446428571429 0.9720982142857143 0.11049107142857142 0.05580357142857143
5 0.32924107142857145 0.32254464285714285 0.11272321428571429 0.07700892857142858
14 0.22433035714285715 0.6227678571428571 0.07254464285714286 0.0625
13 0.5959821428571429 0.42075892857142855 0.09151785714285714 0.06473214285714286
13 0.4029017857142857 0.4263392857142857 0.08928571428571429 0.06919642857142858
5 0.49330357142857145 0.5279017857142857 0.08705357142857142 0.060267857142857144
13 0.90625 0.265625 0.11049107142857142 0.07477678571428571
14 0.13727678571428573 0.5290178571428571 0.06696428571428571 0.0625
14 0.16183035714285715 0.7633928571428571 0.052455357142857144 0.041294642857142856