0 0.24107142857142858 0.3872767857142857 0.48214285714285715 0.5200892857142857
13 0.9229910714285714 0.049107142857142856 0.15401785714285715 0.09821428571428571
13 0.8660714285714286 0.5066964285714286 0.26674107142857145 0.28348214285714285
13 0.9810267857142857 0.46316964285714285 0.03794642857142857 0.27120535714285715
13 0.6997767857142857 0.44642857142857145 0.28348214285714285 0.3482142857142857
6 0.6428571428571429 0.21205357142857142 0.17075892857142858 0.42299107142857145
13 0.6595982142857143 0.5926339285714286 0.20424107142857142 0.11272321428571429
13 0.8582589285714286 0.29910714285714285 0.28348214285714285 0.27120535714285715
13 0.8102678571428571 0.11495535714285714 0.3169642857142857 0.22991071428571427
13 0.5279017857142857 0.9140625 0.060267857142857144 0.171875
13 0.4810267857142857 0.7299107142857143 0.15401785714285715 0.16071428571428573
13 0.36160714285714285 0.8627232142857143 0.2857142857142857 0.27455357142857145
3 0.19196428571428573 0.8247767857142857 0.38392857142857145 0.35044642857142855
13 0.8939732142857143 0.7198660714285714 0.21205357142857142 0.14174107142857142
13 0.5982142857142857 0.7935267857142857 0.08147321428571429 0.28794642857142855
3 0.7790178571428571 0.8359375 0.4419642857142857 0.328125