13 0.15401785714285715 0.5167410714285714 0.22098214285714285 0.21205357142857142
13 0.3325892857142857 0.05357142857142857 0.2767857142857143 0.10714285714285714
13 0.5770089285714286 0.06808035714285714 0.21651785714285715 0.13616071428571427
13 0.044642857142857144 0.9274553571428571 0.08928571428571429 0.13727678571428573
13 0.9620535714285714 0.34151785714285715 0.07254464285714286 0.2544642857142857
13 0.8794642857142857 0.9854910714285714 0.23995535714285715 0.029017857142857144
13 0.8638392857142857 0.6997767857142857 0.22879464285714285 0.25223214285714285
13 0.12165178571428571 0.08928571428571429 0.23772321428571427 0.17745535714285715
13 0.27566964285714285 0.6395089285714286 0.22321428571428573 0.20424107142857142
13 0.07700892857142858 0.6194196428571429 0.15401785714285715 0.21205357142857142
6 0.5 0.4966517857142857 0.3125 0.3247767857142857
13 0.8627232142857143 0.14397321428571427 0.22098214285714285 0.22321428571428573
13 0.30580357142857145 0.29910714285714285 0.21651785714285715 0.23549107142857142
13 0.20535714285714285 0.8448660714285714 0.22098214285714285 0.21651785714285715
13 0.09821428571428571 0.3125 0.19196428571428573 0.22879464285714285
13 0.5625 0.24107142857142858 0.23102678571428573 0.21205357142857142
13 0.8069196428571429 0.3872767857142857 0.22544642857142858 0.22321428571428573
13 0.7399553571428571 0.6138392857142857 0.22098214285714285 0.24776785714285715
13 0.43638392857142855 0.9051339285714286 0.23995535714285715 0.18973214285714285
13 0.6696428571428571 0.8917410714285714 0.24330357142857142 0.21651785714285715