15 0.43861607142857145 0.5033482142857143 0.07700892857142858 0.11272321428571429
15 0.5212053571428571 0.41183035714285715 0.07700892857142858 0.11272321428571429
15 0.515625 0.5 0.07700892857142858 0.11272321428571429
15 0.7198660714285714 0.30357142857142855 0.07700892857142858 0.11272321428571429
15 0.7667410714285714 0.25223214285714285 0.07700892857142858 0.11272321428571429
15 0.7120535714285714 0.11383928571428571 0.07700892857142858 0.11272321428571429
15 0.8549107142857143 0.34598214285714285 0.07700892857142858 0.11272321428571429
15 0.8180803571428571 0.44308035714285715 0.07700892857142858 0.11272321428571429
15 0.38169642857142855 0.09375 0.07700892857142858 0.11272321428571429
15 0.5 0.05022321428571429 0.07700892857142858 0.10044642857142858
15 0.22433035714285715 0.15401785714285715 0.07700892857142858 0.11272321428571429
15 0.11830357142857142 0.26450892857142855 0.07700892857142858 0.11272321428571429
15 0.030133928571428572 0.18191964285714285 0.060267857142857144 0.11272321428571429
15 0.16852678571428573 0.4575892857142857 0.07700892857142858 0.11272321428571429
15 0.22879464285714285 0.47433035714285715 0.07700892857142858 0.11272321428571429
15 0.2845982142857143 0.43191964285714285 0.07700892857142858 0.11272321428571429
15 0.296875 0.31473214285714285 0.07700892857142858 0.11272321428571429
15 0.29575892857142855 0.5122767857142857 0.07700892857142858 0.11272321428571429
15 0.17745535714285715 0.5569196428571429 0.07700892857142858 0.11272321428571429
15 0.18638392857142858 0.6439732142857143 0.07700892857142858 0.11272321428571429
15 0.08147321428571429 0.6049107142857143 0.07700892857142858 0.11272321428571429
14 0.25558035714285715 0.9274553571428571 0.06696428571428571 0.09151785714285714
15 0.5591517857142857 0.6707589285714286 0.07700892857142858 0.11272321428571429
15 0.5569196428571429 0.7700892857142857 0.07700892857142858 0.11272321428571429
15 0.5837053571428571 0.8459821428571429 0.07700892857142858 0.11272321428571429
15 0.6517857142857143 0.4877232142857143 0.07700892857142858 0.11272321428571429
15 0.8962053571428571 0.42857142857142855 0.07700892857142858 0.11272321428571429
15 0.9419642857142857 0.6227678571428571 0.07700892857142858 0.11272321428571429
15 0.8493303571428571 0.6852678571428571 0.07700892857142858 0.11272321428571429
15 0.796875 0.7689732142857143 0.07700892857142858 0.11272321428571429
15 0.7444196428571429 0.7064732142857143 0.07700892857142858 0.11272321428571429
15 0.6863839285714286 0.6875 0.07700892857142858 0.11272321428571429
15 0.765625 0.8660714285714286 0.07700892857142858 0.11272321428571429
15 0.7064732142857143 0.9520089285714286 0.07700892857142858 0.09598214285714286
15 0.9341517857142857 0.7388392857142857 0.07700892857142858 0.11272321428571429
15 0.9107142857142857 0.8158482142857143 0.07700892857142858 0.11272321428571429
15 0.9095982142857143 0.07142857142857142 0.07700892857142858 0.11272321428571429
15 0.03236607142857143 0.9285714285714286 0.0625 0.11272321428571429
15 0.027901785714285716 0.265625 0.05580357142857143 0.11272321428571429
15 0.40066964285714285 0.04017857142857143 0.07700892857142858 0.07924107142857142
15 0.9263392857142857 0.9620535714285714 0.07589285714285714 0.07589285714285714
15 0.9654017857142857 0.26450892857142855 0.06919642857142858 0.11272321428571429
15 0.3482142857142857 0.6930803571428571 0.07700892857142858 0.11272321428571429
13 0.6060267857142857 0.41964285714285715 0.07700892857142858 0.11272321428571429
15 0.14285714285714285 0.6104910714285714 0.06919642857142858 0.10044642857142858