1 0.8482142857142857 0.07589285714285714 0.09151785714285714 0.0625
1 0.8314732142857143 0.2767857142857143 0.09151785714285714 0.06696428571428571
12 0.8627232142857143 0.5055803571428571 0.033482142857142856 0.029017857142857144
1 0.4564732142857143 0.5892857142857143 0.09375 0.06473214285714286
1 0.39174107142857145 0.5301339285714286 0.07477678571428571 0.06473214285714286
1 0.3158482142857143 0.5267857142857143 0.07700892857142858 0.06473214285714286
1 0.37611607142857145 0.45200892857142855 0.08147321428571429 0.06473214285714286
1 0.3236607142857143 0.625 0.09598214285714286 0.07254464285714286
1 0.27232142857142855 0.18415178571428573 0.07924107142857142 0.0625
1 0.11160714285714286 0.5256696428571429 0.08147321428571429 0.0625
1 0.23325892857142858 0.9006696428571429 0.09151785714285714 0.0625
1 0.16852678571428573 0.9497767857142857 0.07924107142857142 0.06696428571428571
1 0.4888392857142857 0.8872767857142857 0.07254464285714286 0.0625
1 0.48995535714285715 0.2689732142857143 0.09375 0.08370535714285714
1 0.7131696428571429 0.21540178571428573 0.08705357142857142 0.05803571428571429
1 0.3404017857142857 0.9754464285714286 0.09151785714285714 0.04799107142857143
1 0.16294642857142858 0.28348214285714285 0.07700892857142858 0.0625
12 0.6908482142857143 0.4107142857142857 0.029017857142857144 0.018973214285714284
12 0.71875 0.42075892857142855 0.018973214285714284 0.016741071428571428
12 0.7399553571428571 0.4174107142857143 0.016741071428571428 0.016741071428571428
12 0.7901785714285714 0.5948660714285714 0.016741071428571428 0.014508928571428572
12 0.9854910714285714 0.5133928571428571 0.021205357142857144 0.018973214285714284
12 0.9654017857142857 0.35267857142857145 0.024553571428571428 0.014508928571428572
12 0.9520089285714286 0.3125 0.021205357142857144 0.016741071428571428
12 0.9095982142857143 0.23995535714285715 0.018973214285714284 0.014508928571428572
12 0.9051339285714286 0.015625 0.024553571428571428 0.021205357142857144
12 0.5178571428571429 0.09821428571428571 0.024553571428571428 0.018973214285714284
12 0.5446428571428571 0.28348214285714285 0.024553571428571428 0.014508928571428572
12 0.6517857142857143 0.25892857142857145 0.03125 0.024553571428571428
12 0.35044642857142855 0.19084821428571427 0.024553571428571428 0.018973214285714284
12 0.2533482142857143 0.027901785714285716 0.029017857142857144 0.018973214285714284
12 0.24441964285714285 0.6116071428571429 0.029017857142857144 0.021205357142857144
12 0.16071428571428573 0.3314732142857143 0.024553571428571428 0.018973214285714284
12 0.34263392857142855 0.7310267857142857 0.029017857142857144 0.021205357142857144
12 0.3013392857142857 0.8738839285714286 0.024553571428571428 0.014508928571428572
12 0.5825892857142857 0.6741071428571429 0.024553571428571428 0.024553571428571428