6 0.3950892857142857 0.17410714285714285 0.45424107142857145 0.3482142857142857
3 0.8537946428571429 0.18973214285714285 0.2924107142857143 0.3794642857142857
13 0.3783482142857143 0.40625 0.27120535714285715 0.052455357142857144
13 0.2935267857142857 0.9665178571428571 0.36049107142857145 0.06696428571428571
13 0.06361607142857142 0.42299107142857145 0.12723214285714285 0.08705357142857142
13 0.3247767857142857 0.9899553571428571 0.28348214285714285 0.018973214285714284
13 0.2700892857142857 0.7477678571428571 0.2935267857142857 0.2622767857142857
13 0.6026785714285714 0.8984375 0.21428571428571427 0.203125
13 0.09375 0.7042410714285714 0.18526785714285715 0.25
13 0.14732142857142858 0.8973214285714286 0.21428571428571427 0.20424107142857142
6 0.5 0.5457589285714286 0.34598214285714285 0.3314732142857143
13 0.3939732142857143 0.8470982142857143 0.26450892857142855 0.24553571428571427
13 0.6551339285714286 0.7399553571428571 0.10825892857142858 0.28348214285714285
6 0.8694196428571429 0.5591517857142857 0.2611607142857143 0.359375