17 0.42857142857142855 0.08928571428571429 0.11272321428571429 0.07700892857142858
17 0.5569196428571429 0.140625 0.10379464285714286 0.07700892857142858
17 0.6986607142857143 0.28794642857142855 0.11272321428571429 0.07700892857142858
17 0.9397321428571429 0.05133928571428571 0.11272321428571429 0.07700892857142858
17 0.9352678571428571 0.40736607142857145 0.11272321428571429 0.07700892857142858
17 0.30357142857142855 0.19196428571428573 0.11272321428571429 0.07700892857142858
17 0.09709821428571429 0.15959821428571427 0.11272321428571429 0.07700892857142858
17 0.12723214285714285 0.4029017857142857 0.09375 0.07700892857142858
17 0.19977678571428573 0.47098214285714285 0.09375 0.06696428571428571
17 0.296875 0.5301339285714286 0.10044642857142858 0.06696428571428571
17 0.9285714285714286 0.7254464285714286 0.11272321428571429 0.07700892857142858
15 0.375 0.8783482142857143 0.09151785714285714 0.0625
15 0.9564732142857143 0.6428571428571429 0.08705357142857142 0.07924107142857142
13 0.08482142857142858 0.4877232142857143 0.11272321428571429 0.07700892857142858
14 0.4408482142857143 0.6450892857142857 0.11272321428571429 0.07700892857142858
13 0.9051339285714286 0.5457589285714286 0.11272321428571429 0.07700892857142858
13 0.8102678571428571 0.21763392857142858 0.11272321428571429 0.07700892857142858
17 0.5200892857142857 0.07366071428571429 0.11272321428571429 0.07700892857142858