13 0.044642857142857144 0.9040178571428571 0.08928571428571429 0.19196428571428573
13 0.40736607142857145 0.016741071428571428 0.21875 0.033482142857142856
13 0.6618303571428571 0.016741071428571428 0.23102678571428573 0.033482142857142856
6 0.5022321428571429 0.5011160714285714 0.3169642857142857 0.2857142857142857
13 0.7924107142857143 0.08816964285714286 0.18973214285714285 0.17075892857142858
13 0.6439732142857143 0.7042410714285714 0.19419642857142858 0.23325892857142858
13 0.8716517857142857 0.6127232142857143 0.24330357142857142 0.22321428571428573
13 0.31138392857142855 0.6316964285714286 0.23995535714285715 0.22321428571428573
13 0.12611607142857142 0.3794642857142857 0.16294642857142858 0.1875
13 0.22098214285714285 0.8370535714285714 0.1875 0.22879464285714285
13 0.5803571428571429 0.12165178571428571 0.19977678571428573 0.19196428571428573
13 0.43973214285714285 0.8560267857142857 0.25223214285714285 0.23549107142857142
13 0.14285714285714285 0.16629464285714285 0.21428571428571427 0.22544642857142858
13 0.8939732142857143 0.8560267857142857 0.21205357142857142 0.20647321428571427
13 0.8404017857142857 0.40848214285714285 0.18080357142857142 0.17299107142857142