2 0.4799107142857143 0.06473214285714286 0.07700892857142858 0.11272321428571429
2 0.8816964285714286 0.07700892857142858 0.07700892857142858 0.11272321428571429
2 0.7354910714285714 0.09709821428571429 0.07700892857142858 0.11272321428571429
2 0.9263392857142857 0.17299107142857142 0.07700892857142858 0.11272321428571429
2 0.6127232142857143 0.16741071428571427 0.07700892857142858 0.11272321428571429
2 0.41183035714285715 0.19866071428571427 0.07700892857142858 0.11272321428571429
2 0.13616071428571427 0.19084821428571427 0.07700892857142858 0.11272321428571429
2 0.3404017857142857 0.20200892857142858 0.07700892857142858 0.11272321428571429
2 0.9587053571428571 0.23325892857142858 0.07700892857142858 0.11272321428571429
2 0.19754464285714285 0.22767857142857142 0.07700892857142858 0.11272321428571429
2 0.6752232142857143 0.23772321428571427 0.07700892857142858 0.11272321428571429
2 0.04352678571428571 0.25558035714285715 0.07700892857142858 0.11272321428571429
2 0.13058035714285715 0.28683035714285715 0.07700892857142858 0.11272321428571429
2 0.7924107142857143 0.29799107142857145 0.07700892857142858 0.11272321428571429
2 0.46986607142857145 0.29799107142857145 0.07700892857142858 0.11272321428571429
2 0.21651785714285715 0.3247767857142857 0.08705357142857142 0.11830357142857142
2 0.8995535714285714 0.34598214285714285 0.07700892857142858 0.11272321428571429
2 0.6529017857142857 0.37723214285714285 0.07700892857142858 0.11272321428571429
2 0.5412946428571429 0.375 0.07700892857142858 0.11272321428571429
2 0.7466517857142857 0.3939732142857143 0.07700892857142858 0.11272321428571429
2 0.22544642857142858 0.42299107142857145 0.07700892857142858 0.11272321428571429
2 0.5948660714285714 0.43526785714285715 0.07700892857142858 0.11272321428571429
2 0.21316964285714285 0.5345982142857143 0.07700892857142858 0.11272321428571429
2 0.6049107142857143 0.5513392857142857 0.07700892857142858 0.11272321428571429
2 0.6886160714285714 0.5714285714285714 0.07700892857142858 0.11272321428571429
2 0.4799107142857143 0.5814732142857143 0.07700892857142858 0.11272321428571429
2 0.2924107142857143 0.6049107142857143 0.07700892857142858 0.11272321428571429
2 0.056919642857142856 0.5982142857142857 0.08705357142857142 0.12053571428571429
2 0.29129464285714285 0.6852678571428571 0.07700892857142858 0.11272321428571429
2 0.7466517857142857 0.6852678571428571 0.07700892857142858 0.11272321428571429
2 0.20758928571428573 0.7042410714285714 0.07700892857142858 0.11272321428571429
2 0.08258928571428571 0.7154017857142857 0.07700892857142858 0.11272321428571429
2 0.5334821428571429 0.7254464285714286 0.08147321428571429 0.125
2 0.6305803571428571 0.7935267857142857 0.07700892857142858 0.11272321428571429
2 0.47544642857142855 0.8236607142857143 0.07700892857142858 0.11272321428571429
2 0.90625 0.8415178571428571 0.07700892857142858 0.11272321428571429
2 0.7087053571428571 0.9352678571428571 0.07700892857142858 0.11272321428571429
12 0.0625 0.4564732142857143 0.033482142857142856 0.04799107142857143
12 0.5066964285714286 0.49330357142857145 0.029017857142857144 0.04352678571428571
12 0.7522321428571429 0.8292410714285714 0.024553571428571428 0.033482142857142856
12 0.9151785714285714 0.40736607142857145 0.018973214285714284 0.033482142857142856
12 0.8638392857142857 0.14955357142857142 0.033482142857142856 0.04352678571428571
12 0.4174107142857143 0.25892857142857145 0.018973214285714284 0.033482142857142856