11 0.19977678571428573 0.29129464285714285 0.09151785714285714 0.08705357142857142
7 0.21540178571428573 0.47433035714285715 0.12053571428571429 0.08928571428571429
7 0.734375 0.4642857142857143 0.125 0.09598214285714286
11 0.3939732142857143 0.18861607142857142 0.11272321428571429 0.0625
11 0.6116071428571429 0.04352678571428571 0.10044642857142858 0.07924107142857142
11 0.3939732142857143 0.8169642857142857 0.11272321428571429 0.07700892857142858
8 0.6339285714285714 0.5435267857142857 0.09151785714285714 0.06696428571428571
8 0.5870535714285714 0.29464285714285715 0.09151785714285714 0.07254464285714286
8 0.11272321428571429 0.515625 0.10044642857142858 0.07254464285714286
11 0.34486607142857145 0.5111607142857143 0.11272321428571429 0.07700892857142858
8 0.29575892857142855 0.19308035714285715 0.09151785714285714 0.060267857142857144
11 0.060267857142857144 0.08816964285714286 0.12053571428571429 0.07700892857142858
13 0.35379464285714285 0.40736607142857145 0.09151785714285714 0.06919642857142858
14 0.3247767857142857 0.7522321428571429 0.08928571428571429 0.08928571428571429
12 0.3080357142857143 0.14397321428571427 0.04352678571428571 0.033482142857142856