13 0.016741071428571428 0.640625 0.033482142857142856 0.18973214285714285
13 0.9274553571428571 0.8761160714285714 0.14397321428571427 0.23102678571428573
13 0.060267857142857144 0.10602678571428571 0.12053571428571429 0.20647321428571427
13 0.5446428571428571 0.6104910714285714 0.32254464285714285 0.19977678571428573
13 0.5959821428571429 0.06808035714285714 0.19754464285714285 0.13169642857142858
13 0.05357142857142857 0.421875 0.10714285714285714 0.23660714285714285
13 0.796875 0.04799107142857143 0.22321428571428573 0.09598214285714286
13 0.27901785714285715 0.03571428571428571 0.20089285714285715 0.07142857142857142
13 0.3125 0.9575892857142857 0.26004464285714285 0.08370535714285714
13 0.17299107142857142 0.6506696428571429 0.20870535714285715 0.19196428571428573
13 0.09821428571428571 0.8292410714285714 0.19642857142857142 0.25223214285714285
13 0.8772321428571429 0.3470982142857143 0.23995535714285715 0.23325892857142858
13 0.7321428571428571 0.8426339285714286 0.24776785714285715 0.22098214285714285
13 0.7979910714285714 0.5870535714285714 0.22544642857142858 0.21651785714285715
6 0.5145089285714286 0.5022321428571429 0.2935267857142857 0.22879464285714285
13 0.1875 0.30357142857142855 0.23549107142857142 0.21205357142857142
13 0.41629464285714285 0.16071428571428573 0.21428571428571427 0.21205357142857142