13 0.39955357142857145 0.28348214285714285 0.10044642857142858 0.2689732142857143
13 0.39732142857142855 0.024553571428571428 0.10379464285714286 0.04799107142857143
13 0.21428571428571427 0.06473214285714286 0.2689732142857143 0.12946428571428573
0 0.22433035714285715 0.31808035714285715 0.4486607142857143 0.19866071428571427
13 0.09375 0.2611607142857143 0.1875 0.22321428571428573
10 0.7544642857142857 0.07589285714285714 0.44754464285714285 0.15178571428571427
10 0.8091517857142857 0.2689732142857143 0.38169642857142855 0.29799107142857145
0 0.29017857142857145 0.7321428571428571 0.31919642857142855 0.5357142857142857
13 0.9542410714285714 0.8604910714285714 0.09151785714285714 0.2689732142857143
13 0.8939732142857143 0.5435267857142857 0.21205357142857142 0.23549107142857142
13 0.5736607142857143 0.9263392857142857 0.24776785714285715 0.14620535714285715
13 0.671875 0.5145089285714286 0.26674107142857145 0.19196428571428573
0 0.5792410714285714 0.703125 0.26004464285714285 0.3872767857142857
13 0.7845982142857143 0.6908482142857143 0.25223214285714285 0.2544642857142857
13 0.8270089285714286 0.8850446428571429 0.23883928571428573 0.22991071428571427