15 0.08147321428571429 0.5848214285714286 0.07700892857142858 0.11272321428571429
15 0.28683035714285715 0.3169642857142857 0.052455357142857144 0.08147321428571429
15 0.18191964285714285 0.16741071428571427 0.07700892857142858 0.11272321428571429
15 0.34263392857142855 0.3091517857142857 0.05803571428571429 0.08705357142857142
15 0.5970982142857143 0.3705357142857143 0.06919642857142858 0.08928571428571429
15 0.6495535714285714 0.5033482142857143 0.06696428571428571 0.08370535714285714
15 0.5758928571428571 0.48549107142857145 0.05803571428571429 0.09375
15 0.53125 0.44642857142857145 0.07700892857142858 0.11272321428571429
15 0.43973214285714285 0.3169642857142857 0.0625 0.09375
15 0.8125 0.15959821428571427 0.0625 0.07700892857142858
15 0.8370535714285714 0.32254464285714285 0.0625 0.08147321428571429
15 0.8895089285714286 0.36607142857142855 0.05803571428571429 0.10825892857142858
15 0.7020089285714286 0.5915178571428571 0.07700892857142858 0.11272321428571429
15 0.5267857142857143 0.6908482142857143 0.06919642857142858 0.07700892857142858
15 0.5178571428571429 0.6149553571428571 0.05803571428571429 0.08147321428571429
15 0.6908482142857143 0.6852678571428571 0.07700892857142858 0.11272321428571429
15 0.8694196428571429 0.5267857142857143 0.06919642857142858 0.09821428571428571
15 0.8058035714285714 0.46651785714285715 0.07254464285714286 0.09375
15 0.6495535714285714 0.06138392857142857 0.07700892857142858 0.09598214285714286
15 0.5569196428571429 0.7633928571428571 0.06919642857142858 0.09375
14 0.12611607142857142 0.20089285714285715 0.07254464285714286 0.09821428571428571
14 0.7287946428571429 0.7700892857142857 0.06696428571428571 0.08147321428571429
14 0.7544642857142857 0.4263392857142857 0.07254464285714286 0.10602678571428571
11 0.28348214285714285 0.6517857142857143 0.05803571428571429 0.10044642857142858
11 0.41964285714285715 0.08370535714285714 0.05803571428571429 0.06696428571428571
14 0.4888392857142857 0.49330357142857145 0.06919642857142858 0.07254464285714286
11 0.43638392857142855 0.5747767857142857 0.06696428571428571 0.11049107142857142