1 0.14174107142857142 0.28125 0.07700892857142858 0.11272321428571429
1 0.7098214285714286 0.9564732142857143 0.07924107142857142 0.08705357142857142
1 0.8426339285714286 0.5669642857142857 0.07700892857142858 0.11272321428571429
1 0.6830357142857143 0.38950892857142855 0.07700892857142858 0.09598214285714286
1 0.6886160714285714 0.5669642857142857 0.06919642857142858 0.08370535714285714
1 0.5457589285714286 0.47098214285714285 0.07700892857142858 0.11272321428571429
17 0.8470982142857143 0.22433035714285715 0.07700892857142858 0.11272321428571429
17 0.8504464285714286 0.13392857142857142 0.07700892857142858 0.11272321428571429
17 0.40625 0.49107142857142855 0.07700892857142858 0.11272321428571429
17 0.44308035714285715 0.3470982142857143 0.07700892857142858 0.11272321428571429
17 0.7801339285714286 0.6584821428571429 0.07700892857142858 0.11272321428571429
17 0.9609375 0.6261160714285714 0.078125 0.11383928571428571
14 0.8270089285714286 0.2845982142857143 0.07254464285714286 0.09598214285714286
14 0.6919642857142857 0.8482142857142857 0.07700892857142858 0.11272321428571429
14 0.8169642857142857 0.9542410714285714 0.07700892857142858 0.09151785714285714
14 0.23883928571428573 0.6127232142857143 0.07700892857142858 0.11272321428571429
15 0.390625 0.09709821428571429 0.07700892857142858 0.11272321428571429
15 0.2767857142857143 0.22321428571428573 0.07700892857142858 0.08705357142857142
15 0.15848214285714285 0.14955357142857142 0.07700892857142858 0.09375
15 0.328125 0.8236607142857143 0.07700892857142858 0.09821428571428571
15 0.10825892857142858 0.8459821428571429 0.07700892857142858 0.11272321428571429
15 0.8861607142857143 0.37276785714285715 0.07700892857142858 0.11272321428571429
17 0.43638392857142855 0.049107142857142856 0.07700892857142858 0.09598214285714286
5 0.9631696428571429 0.7834821428571429 0.07366071428571429 0.11160714285714286
13 0.5022321428571429 0.7075892857142857 0.06696428571428571 0.09375
5 0.5870535714285714 0.5825892857142857 0.07700892857142858 0.11272321428571429