13 0.20870535714285715 0.38839285714285715 0.21651785714285715 0.041294642857142856
3 0.13950892857142858 0.08035714285714286 0.27901785714285715 0.16071428571428573
13 0.3482142857142857 0.17633928571428573 0.12053571428571429 0.24776785714285715
13 0.09709821428571429 0.25111607142857145 0.19419642857142858 0.23772321428571427
13 0.6629464285714286 0.30357142857142855 0.26450892857142855 0.20870535714285715
0 0.8158482142857143 0.16852678571428573 0.36830357142857145 0.33705357142857145
13 0.5993303571428571 0.026785714285714284 0.24776785714285715 0.052455357142857144
13 0.5290178571428571 0.32142857142857145 0.23995535714285715 0.17522321428571427
13 0.47544642857142855 0.14285714285714285 0.13504464285714285 0.23772321428571427
0 0.2689732142857143 0.6116071428571429 0.27901785714285715 0.40625
13 0.5446428571428571 0.8816964285714286 0.27120535714285715 0.21205357142857142
13 0.5636160714285714 0.9598214285714286 0.31026785714285715 0.07924107142857142
13 0.45200892857142855 0.8973214285714286 0.08705357142857142 0.20424107142857142
13 0.9464285714285714 0.9118303571428571 0.10714285714285714 0.171875
13 0.8325892857142857 0.6629464285714286 0.23549107142857142 0.21875
3 0.6116071428571429 0.6339285714285714 0.40625 0.4497767857142857
13 0.9185267857142857 0.47098214285714285 0.16294642857142858 0.125
13 0.7712053571428571 0.8649553571428571 0.23549107142857142 0.21651785714285715
13 0.8158482142857143 0.9776785714285714 0.234375 0.044642857142857144