8 0.13616071428571427 0.3158482142857143 0.11272321428571429 0.07700892857142858
15 0.18638392857142858 0.21205357142857142 0.07700892857142858 0.06696428571428571
15 0.32589285714285715 0.4419642857142857 0.07700892857142858 0.06696428571428571
15 0.40625 0.421875 0.07700892857142858 0.0625
15 0.3627232142857143 0.3783482142857143 0.09375 0.06696428571428571
15 0.39732142857142855 0.08928571428571429 0.11272321428571429 0.07700892857142858
15 0.18526785714285715 0.14397321428571427 0.11272321428571429 0.07700892857142858
14 0.24776785714285715 0.17299107142857142 0.08147321428571429 0.05803571428571429
14 0.4966517857142857 0.7399553571428571 0.06696428571428571 0.05580357142857143
15 0.8236607142857143 0.14174107142857142 0.09151785714285714 0.0625
15 0.6841517857142857 0.19308035714285715 0.09375 0.0625
15 0.5368303571428571 0.21986607142857142 0.11272321428571429 0.07700892857142858
15 0.5122767857142857 0.09933035714285714 0.11272321428571429 0.07700892857142858
15 0.6417410714285714 0.3392857142857143 0.11272321428571429 0.07700892857142858
15 0.5881696428571429 0.37388392857142855 0.11272321428571429 0.07700892857142858
15 0.7979910714285714 0.35044642857142855 0.10044642857142858 0.06696428571428571
15 0.6685267857142857 0.5725446428571429 0.11272321428571429 0.07700892857142858
15 0.90625 0.7131696428571429 0.11272321428571429 0.07700892857142858
15 0.7555803571428571 0.7064732142857143 0.09151785714285714 0.0625
15 0.5513392857142857 0.7868303571428571 0.11272321428571429 0.07700892857142858
15 0.5736607142857143 0.9319196428571429 0.11272321428571429 0.07700892857142858
15 0.7667410714285714 0.90625 0.11272321428571429 0.07700892857142858
15 0.08482142857142858 0.9174107142857143 0.11272321428571429 0.07700892857142858
14 0.38392857142857145 0.31026785714285715 0.08705357142857142 0.08147321428571429
14 0.2544642857142857 0.036830357142857144 0.06919642857142858 0.07254464285714286
11 0.9475446428571429 0.5625 0.10491071428571429 0.06696428571428571
14 0.6127232142857143 0.18191964285714285 0.07254464285714286 0.08147321428571429