18 0.7354910714285714 0.4799107142857143 0.07924107142857142 0.11272321428571429
19 0.6529017857142857 0.22544642857142858 0.09598214285714286 0.12946428571428573
12 0.8002232142857143 0.033482142857142856 0.033482142857142856 0.04799107142857143
12 0.38058035714285715 0.6026785714285714 0.029017857142857144 0.041294642857142856
12 0.27232142857142855 0.5993303571428571 0.026785714285714284 0.03794642857142857
12 0.18080357142857142 0.4017857142857143 0.029017857142857144 0.041294642857142856
12 0.2622767857142857 0.7645089285714286 0.04575892857142857 0.05803571428571429
12 0.8370535714285714 0.9430803571428571 0.029017857142857144 0.04575892857142857
18 0.6863839285714286 0.7433035714285714 0.08147321428571429 0.11830357142857142
14 0.9263392857142857 0.12834821428571427 0.052455357142857144 0.07477678571428571
14 0.5491071428571429 0.39174107142857145 0.07924107142857142 0.10825892857142858
18 0.45870535714285715 0.05133928571428571 0.06473214285714286 0.10267857142857142