5 0.703125 0.6551339285714286 0.07254464285714286 0.09151785714285714
5 0.7611607142857143 0.47098214285714285 0.07924107142857142 0.11272321428571429
5 0.5066964285714286 0.36607142857142855 0.07924107142857142 0.11272321428571429
5 0.5513392857142857 0.29575892857142855 0.07924107142857142 0.11272321428571429
5 0.4408482142857143 0.11941964285714286 0.07924107142857142 0.11272321428571429
5 0.30245535714285715 0.23549107142857142 0.07924107142857142 0.11272321428571429
5 0.2935267857142857 0.3783482142857143 0.07924107142857142 0.11272321428571429
5 0.3125 0.4966517857142857 0.07924107142857142 0.11272321428571429
5 0.36941964285714285 0.5680803571428571 0.07924107142857142 0.11272321428571429
5 0.08370535714285714 0.09709821428571429 0.07924107142857142 0.11272321428571429
5 0.04799107142857143 0.31138392857142855 0.06473214285714286 0.09151785714285714
5 0.07142857142857142 0.8169642857142857 0.07924107142857142 0.11272321428571429
5 0.47879464285714285 0.8526785714285714 0.06919642857142858 0.10044642857142858
5 0.5424107142857143 0.8348214285714286 0.06696428571428571 0.10602678571428571
5 0.6707589285714286 0.8973214285714286 0.07924107142857142 0.11272321428571429
5 0.8180803571428571 0.15401785714285715 0.07924107142857142 0.11272321428571429
5 0.6707589285714286 0.22433035714285715 0.07924107142857142 0.11272321428571429
5 0.6350446428571429 0.5424107142857143 0.07924107142857142 0.11272321428571429
5 0.06584821428571429 0.23102678571428573 0.07924107142857142 0.11272321428571429
14 0.14732142857142858 0.328125 0.05022321428571429 0.08928571428571429
14 0.6584821428571429 0.33705357142857145 0.05022321428571429 0.11272321428571429
14 0.43638392857142855 0.234375 0.06473214285714286 0.10044642857142858
5 0.9587053571428571 0.6886160714285714 0.07477678571428571 0.11272321428571429
5 0.7131696428571429 0.8381696428571429 0.07924107142857142 0.11272321428571429
5 0.6919642857142857 0.7466517857142857 0.07924107142857142 0.11272321428571429
14 0.33816964285714285 0.42299107142857145 0.07700892857142858 0.11272321428571429
11 0.5379464285714286 0.4888392857142857 0.07924107142857142 0.11272321428571429
14 0.11607142857142858 0.8493303571428571 0.05022321428571429 0.06696428571428571
5 0.45870535714285715 0.5915178571428571 0.08928571428571429 0.09151785714285714
7 0.45089285714285715 0.6462053571428571 0.07254464285714286 0.09821428571428571
14 0.5803571428571429 0.09375 0.052455357142857144 0.06696428571428571
1 0.7779017857142857 0.6361607142857143 0.07254464285714286 0.07477678571428571
5 0.14508928571428573 0.9475446428571429 0.0625 0.10491071428571429
12 0.9430803571428571 0.42075892857142855 0.029017857142857144 0.029017857142857144
18 0.13950892857142858 0.16741071428571427 0.07477678571428571 0.08147321428571429
5 0.1875 0.16852678571428573 0.06919642857142858 0.10825892857142858
7 0.7254464285714286 0.30580357142857145 0.10044642857142858 0.10379464285714286