10 0.40848214285714285 0.3013392857142857 0.39955357142857145 0.21428571428571427
13 0.9542410714285714 0.10044642857142858 0.09151785714285714 0.20089285714285715
12 0.8883928571428571 0.08147321428571429 0.08705357142857142 0.08705357142857142
3 0.7444196428571429 0.19308035714285715 0.06919642857142858 0.3861607142857143
13 0.8348214285714286 0.37723214285714285 0.25223214285714285 0.0625
13 0.8660714285714286 0.23883928571428573 0.26674107142857145 0.2622767857142857
13 0.017857142857142856 0.546875 0.03571428571428571 0.22879464285714285
13 0.026785714285714284 0.9587053571428571 0.052455357142857144 0.08147321428571429
0 0.47433035714285715 0.7622767857142857 0.40401785714285715 0.42745535714285715
13 0.14955357142857142 0.6540178571428571 0.22879464285714285 0.23325892857142858
13 0.24776785714285715 0.47879464285714285 0.22098214285714285 0.13950892857142858
13 0.4575892857142857 0.4375 0.23772321428571427 0.05803571428571429
13 0.6216517857142857 0.5022321428571429 0.17522321428571427 0.1875
13 0.6573660714285714 0.9140625 0.10044642857142858 0.171875
13 0.18526785714285715 0.875 0.23549107142857142 0.22544642857142858
12 0.8415178571428571 0.43191964285714285 0.0625 0.04575892857142857
12 0.9542410714285714 0.43526785714285715 0.08147321428571429 0.052455357142857144
13 0.84375 0.5089285714285714 0.26004464285714285 0.19977678571428573
0 0.8348214285714286 0.7020089285714286 0.25223214285714285 0.4330357142857143