15 0.5424107142857143 0.9397321428571429 0.08705357142857142 0.0625
15 0.21205357142857142 0.5625 0.09598214285714286 0.0625
15 0.34263392857142855 0.6529017857142857 0.07924107142857142 0.0625
15 0.2845982142857143 0.6841517857142857 0.07254464285714286 0.06696428571428571
15 0.17633928571428573 0.46316964285714285 0.09151785714285714 0.06473214285714286
15 0.2622767857142857 0.3794642857142857 0.08147321428571429 0.0625
15 0.31808035714285715 0.40513392857142855 0.09151785714285714 0.052455357142857144
15 0.3716517857142857 0.43973214285714285 0.07254464285714286 0.06696428571428571
15 0.4732142857142857 0.46763392857142855 0.07254464285714286 0.04799107142857143
15 0.46316964285714285 0.5591517857142857 0.08147321428571429 0.06696428571428571
15 0.5491071428571429 0.5368303571428571 0.09375 0.060267857142857144
15 0.25558035714285715 0.6339285714285714 0.08147321428571429 0.06696428571428571
15 0.25111607142857145 0.8526785714285714 0.10044642857142858 0.060267857142857144
15 0.052455357142857144 0.9308035714285714 0.10491071428571429 0.08035714285714286
15 0.04241071428571429 0.8482142857142857 0.08147321428571429 0.07700892857142858
15 0.6238839285714286 0.9051339285714286 0.08370535714285714 0.06473214285714286
15 0.6763392857142857 0.9397321428571429 0.09151785714285714 0.060267857142857144
15 0.7020089285714286 0.8370535714285714 0.08147321428571429 0.060267857142857144
15 0.7544642857142857 0.6841517857142857 0.08705357142857142 0.06919642857142858
15 0.6462053571428571 0.6774553571428571 0.09598214285714286 0.07254464285714286
15 0.5033482142857143 0.5825892857142857 0.11272321428571429 0.07700892857142858
15 0.42075892857142855 0.6194196428571429 0.10044642857142858 0.07254464285714286
15 0.34598214285714285 0.5457589285714286 0.08705357142857142 0.05803571428571429
15 0.2845982142857143 0.5446428571428571 0.08705357142857142 0.060267857142857144
15 0.30580357142857145 0.5870535714285714 0.08147321428571429 0.05803571428571429
15 0.5904017857142857 0.140625 0.07700892857142858 0.0625
15 0.6227678571428571 0.08928571428571429 0.11272321428571429 0.07700892857142858
15 0.8816964285714286 0.40848214285714285 0.08705357142857142 0.06473214285714286
15 0.8102678571428571 0.24888392857142858 0.08705357142857142 0.07700892857142858
15 0.5904017857142857 0.19977678571428573 0.09151785714285714 0.060267857142857144
15 0.42075892857142855 0.24553571428571427 0.08928571428571429 0.07700892857142858
15 0.24665178571428573 0.24776785714285715 0.07700892857142858 0.0625
15 0.23102678571428573 0.14397321428571427 0.08370535714285714 0.06919642857142858
15 0.05580357142857143 0.19642857142857142 0.09598214285714286 0.05580357142857143
15 0.05915178571428571 0.14620535714285715 0.07254464285714286 0.05022321428571429
15 0.29017857142857145 0.109375 0.11272321428571429 0.07700892857142858
15 0.9598214285714286 0.6830357142857143 0.07700892857142858 0.060267857142857144
15 0.15290178571428573 0.6852678571428571 0.09598214285714286 0.07254464285714286
11 0.08482142857142858 0.5290178571428571 0.09151785714285714 0.05580357142857143