13 0.036830357142857144 0.6060267857142857 0.06919642857142858 0.23549107142857142
13 0.9654017857142857 0.14174107142857142 0.06473214285714286 0.23549107142857142
13 0.9631696428571429 0.36495535714285715 0.06919642857142858 0.25
13 0.8002232142857143 0.109375 0.24553571428571427 0.21205357142857142
13 0.22767857142857142 0.03794642857142857 0.24553571428571427 0.07589285714285714
13 0.9441964285714286 0.5870535714285714 0.11049107142857142 0.20870535714285715
12 0.9051339285714286 0.4720982142857143 0.08370535714285714 0.07477678571428571
13 0.765625 0.625 0.25223214285714285 0.26450892857142855
13 0.22544642857142858 0.6194196428571429 0.2689732142857143 0.2622767857142857
0 0.5033482142857143 0.5033482142857143 0.41294642857142855 0.43080357142857145
13 0.9464285714285714 0.8917410714285714 0.10379464285714286 0.21651785714285715
13 0.5502232142857143 0.8125 0.26674107142857145 0.21651785714285715
13 0.6517857142857143 0.28348214285714285 0.24330357142857142 0.23772321428571427
13 0.08928571428571429 0.8080357142857143 0.17745535714285715 0.22544642857142858
13 0.8470982142857143 0.21540178571428573 0.20424107142857142 0.20424107142857142
13 0.18526785714285715 0.37723214285714285 0.24776785714285715 0.23325892857142858
13 0.10379464285714286 0.15848214285714285 0.20647321428571427 0.25223214285714285
13 0.3549107142857143 0.9140625 0.22767857142857142 0.171875