12 0.3783482142857143 0.09263392857142858 0.04352678571428571 0.03794642857142857
12 0.3091517857142857 0.16183035714285715 0.018973214285714284 0.029017857142857144
12 0.5345982142857143 0.35825892857142855 0.033482142857142856 0.04352678571428571
12 0.25669642857142855 0.6395089285714286 0.021205357142857144 0.03794642857142857
12 0.8058035714285714 0.5267857142857143 0.026785714285714284 0.03794642857142857
12 0.9575892857142857 0.49776785714285715 0.026785714285714284 0.03125
12 0.7209821428571429 0.6819196428571429 0.018973214285714284 0.029017857142857144
17 0.5970982142857143 0.3705357142857143 0.06919642857142858 0.07924107142857142
17 0.09263392857142858 0.26674107142857145 0.06919642857142858 0.08928571428571429
17 0.14397321428571427 0.34598214285714285 0.06473214285714286 0.08705357142857142
17 0.7779017857142857 0.22433035714285715 0.0625 0.08928571428571429
1 0.47767857142857145 0.109375 0.06473214285714286 0.10044642857142858
1 0.8392857142857143 0.23660714285714285 0.05803571428571429 0.08705357142857142
1 0.7098214285714286 0.5948660714285714 0.05803571428571429 0.08147321428571429
14 0.6104910714285714 0.8839285714285714 0.07477678571428571 0.08928571428571429
13 0.5658482142857143 0.45982142857142855 0.07254464285714286 0.09151785714285714
13 0.08370535714285714 0.8392857142857143 0.06473214285714286 0.08928571428571429
13 0.25892857142857145 0.20647321428571427 0.06919642857142858 0.08705357142857142
5 0.6026785714285714 0.7008928571428571 0.06473214285714286 0.09598214285714286
11 0.34486607142857145 0.31919642857142855 0.06919642857142858 0.10044642857142858