15 0.19419642857142858 0.6584821428571429 0.060267857142857144 0.05803571428571429
15 0.8024553571428571 0.6774553571428571 0.06696428571428571 0.05803571428571429
14 0.3125 0.8962053571428571 0.052455357142857144 0.0625
14 0.4017857142857143 0.6383928571428571 0.060267857142857144 0.04352678571428571
14 0.5803571428571429 0.5066964285714286 0.08147321428571429 0.041294642857142856
14 0.12276785714285714 0.15513392857142858 0.05803571428571429 0.05580357142857143
14 0.09933035714285714 0.09933035714285714 0.05803571428571429 0.05022321428571429
14 0.17857142857142858 0.07924107142857142 0.07477678571428571 0.05022321428571429
14 0.04241071428571429 0.8069196428571429 0.05803571428571429 0.04575892857142857
14 0.9084821428571429 0.31919642857142855 0.06696428571428571 0.05803571428571429
14 0.6216517857142857 0.16852678571428573 0.04575892857142857 0.0625
17 0.8850446428571429 0.5446428571428571 0.08147321428571429 0.07254464285714286
17 0.12276785714285714 0.2544642857142857 0.09151785714285714 0.06473214285714286
14 0.6819196428571429 0.8113839285714286 0.11495535714285714 0.03125
14 0.4564732142857143 0.453125 0.05022321428571429 0.04352678571428571
2 0.9285714285714286 0.203125 0.10602678571428571 0.04799107142857143
17 0.9743303571428571 0.7544642857142857 0.05022321428571429 0.08705357142857142
13 0.796875 0.29910714285714285 0.08147321428571429 0.05803571428571429
11 0.32700892857142855 0.39174107142857145 0.10044642857142858 0.060267857142857144