13 0.9720982142857143 0.359375 0.05022321428571429 0.19754464285714285
13 0.06473214285714286 0.42075892857142855 0.12946428571428573 0.21651785714285715
13 0.42745535714285715 0.9821428571428571 0.1875 0.03571428571428571
13 0.8872767857142857 0.6116071428571429 0.22098214285714285 0.29799107142857145
12 0.7410714285714286 0.8861607142857143 0.08370535714285714 0.09151785714285714
13 0.37388392857142855 0.7957589285714286 0.2689732142857143 0.23102678571428573
13 0.19308035714285715 0.28348214285714285 0.28125 0.23772321428571427
13 0.23883928571428573 0.9654017857142857 0.22321428571428573 0.06919642857142858
13 0.7745535714285714 0.46205357142857145 0.21428571428571427 0.25223214285714285
6 0.5 0.49776785714285715 0.4185267857142857 0.46651785714285715
13 0.07142857142857142 0.9397321428571429 0.14174107142857142 0.12053571428571429
13 0.06808035714285714 0.7946428571428571 0.13504464285714285 0.20200892857142858
13 0.5323660714285714 0.9285714285714286 0.21428571428571427 0.14174107142857142
6 0.9520089285714286 0.8325892857142857 0.09598214285714286 0.32924107142857145
13 0.7488839285714286 0.3002232142857143 0.18973214285714285 0.18303571428571427
13 0.5379464285714286 0.16629464285714285 0.23995535714285715 0.24330357142857142
13 0.12834821428571427 0.06808035714285714 0.21651785714285715 0.13616071428571427
13 0.5915178571428571 0.7645089285714286 0.22879464285714285 0.18973214285714285
13 0.17075892857142858 0.6473214285714286 0.21875 0.20870535714285715
13 0.7589285714285714 0.10714285714285714 0.20424107142857142 0.20870535714285715