12 0.17633928571428573 0.6741071428571429 0.024553571428571428 0.029017857142857144
12 0.19754464285714285 0.6517857142857143 0.024553571428571428 0.033482142857142856
12 0.041294642857142856 0.5011160714285714 0.029017857142857144 0.03794642857142857
12 0.5491071428571429 0.4263392857142857 0.024553571428571428 0.033482142857142856
12 0.5412946428571429 0.3950892857142857 0.029017857142857144 0.03571428571428571
12 0.16629464285714285 0.9252232142857143 0.018973214285714284 0.026785714285714284
12 0.17633928571428573 0.9475446428571429 0.024553571428571428 0.04352678571428571
12 0.9084821428571429 0.6618303571428571 0.029017857142857144 0.03794642857142857
12 0.9129464285714286 0.7466517857142857 0.016741071428571428 0.024553571428571428
12 0.9330357142857143 0.7198660714285714 0.018973214285714284 0.024553571428571428
12 0.9475446428571429 0.7120535714285714 0.016741071428571428 0.021205357142857144
12 0.9520089285714286 0.7332589285714286 0.021205357142857144 0.029017857142857144
12 0.9073660714285714 0.7020089285714286 0.03794642857142857 0.05803571428571429
17 0.9274553571428571 0.6149553571428571 0.06696428571428571 0.08705357142857142
12 0.9263392857142857 0.39732142857142855 0.029017857142857144 0.03794642857142857
12 0.9107142857142857 0.3783482142857143 0.018973214285714284 0.024553571428571428
12 0.9174107142857143 0.3549107142857143 0.018973214285714284 0.033482142857142856
12 0.9386160714285714 0.3705357142857143 0.018973214285714284 0.021205357142857144
12 0.9497767857142857 0.3861607142857143 0.018973214285714284 0.029017857142857144
12 0.9341517857142857 0.34933035714285715 0.021205357142857144 0.029017857142857144
12 0.9486607142857143 0.3392857142857143 0.018973214285714284 0.024553571428571428
17 0.8482142857142857 0.41517857142857145 0.0625 0.08370535714285714
2 0.9799107142857143 0.3861607142857143 0.03794642857142857 0.10044642857142858
2 0.9006696428571429 0.046875 0.04799107142857143 0.09151785714285714
12 0.47879464285714285 0.17075892857142858 0.024553571428571428 0.033482142857142856
12 0.2779017857142857 0.09598214285714286 0.024553571428571428 0.03125
12 0.203125 0.06473214285714286 0.024553571428571428 0.03125
1 0.8024553571428571 0.7321428571428571 0.060267857142857144 0.07924107142857142
1 0.09375 0.5569196428571429 0.05803571428571429 0.09821428571428571
17 0.12276785714285714 0.8002232142857143 0.0625 0.08705357142857142
17 0.8560267857142857 0.8917410714285714 0.06473214285714286 0.09151785714285714
17 0.35267857142857145 0.19308035714285715 0.06696428571428571 0.09375
17 0.36941964285714285 0.5379464285714286 0.0625 0.09151785714285714