18 0.22879464285714285 0.8169642857142857 0.11272321428571429 0.07924107142857142
14 0.5357142857142857 0.6897321428571429 0.09598214285714286 0.08705357142857142
13 0.6986607142857143 0.9174107142857143 0.11272321428571429 0.07700892857142858
13 0.32589285714285715 0.9352678571428571 0.09151785714285714 0.07477678571428571
13 0.17745535714285715 0.9229910714285714 0.10044642857142858 0.07700892857142858
13 0.09151785714285714 0.6294642857142857 0.11272321428571429 0.07700892857142858
13 0.10825892857142858 0.30691964285714285 0.11272321428571429 0.07700892857142858
13 0.625 0.125 0.10044642857142858 0.06696428571428571
13 0.8303571428571429 0.10044642857142858 0.09151785714285714 0.07924107142857142
13 0.9118303571428571 0.32700892857142855 0.11272321428571429 0.07700892857142858
13 0.8872767857142857 0.4497767857142857 0.11272321428571429 0.07700892857142858
13 0.8314732142857143 0.5379464285714286 0.11272321428571429 0.07700892857142858
13 0.5089285714285714 0.43080357142857145 0.11272321428571429 0.07700892857142858
11 0.2779017857142857 0.25 0.11272321428571429 0.07700892857142858
11 0.5491071428571429 0.8783482142857143 0.09598214285714286 0.08705357142857142
15 0.8370535714285714 0.171875 0.10044642857142858 0.06919642857142858
15 0.8660714285714286 0.6975446428571429 0.11272321428571429 0.07700892857142858
13 0.6964285714285714 0.6919642857142857 0.11272321428571429 0.07700892857142858
13 0.24665178571428573 0.5111607142857143 0.11272321428571429 0.07700892857142858
13 0.30357142857142855 0.3247767857142857 0.11272321428571429 0.07700892857142858
13 0.20982142857142858 0.09933035714285714 0.11272321428571429 0.07700892857142858
11 0.29575892857142855 0.06584821428571429 0.09375 0.06919642857142858
11 0.6674107142857143 0.22544642857142858 0.07700892857142858 0.08147321428571429
11 0.5625 0.07366071428571429 0.12053571428571429 0.08147321428571429
11 0.44419642857142855 0.7522321428571429 0.09375 0.08147321428571429
17 0.21651785714285715 0.43080357142857145 0.08147321428571429 0.11049107142857142
11 0.12723214285714285 0.21540178571428573 0.08705357142857142 0.09375
12 0.20200892857142858 0.6863839285714286 0.04352678571428571 0.033482142857142856