9 0.27901785714285715 0.18415178571428573 0.5580357142857143 0.36830357142857145
13 0.8292410714285714 0.03236607142857143 0.26450892857142855 0.06473214285714286
13 0.5892857142857143 0.16629464285714285 0.0625 0.24553571428571427
13 0.9118303571428571 0.08928571428571429 0.17522321428571427 0.17745535714285715
13 0.6964285714285714 0.12388392857142858 0.23549107142857142 0.21875
13 0.6350446428571429 0.2779017857142857 0.15401785714285715 0.18080357142857142
13 0.8515625 0.2622767857142857 0.296875 0.21205357142857142
0 0.32700892857142855 0.7354910714285714 0.46205357142857145 0.5290178571428571
12 0.6037946428571429 0.9017857142857143 0.04575892857142857 0.09375
13 0.6763392857142857 0.43638392857142855 0.23772321428571427 0.13727678571428573
6 0.9341517857142857 0.5245535714285714 0.13169642857142858 0.3125
13 0.9073660714285714 0.8939732142857143 0.18526785714285715 0.21205357142857142
12 0.5926339285714286 0.7600446428571429 0.06919642857142858 0.09598214285714286
13 0.7332589285714286 0.90625 0.28794642857142855 0.1875