13 0.9732142857142857 0.8883928571428571 0.052455357142857144 0.22321428571428573
13 0.8537946428571429 0.016741071428571428 0.21651785714285715 0.033482142857142856
13 0.7834821428571429 0.8214285714285714 0.3002232142857143 0.32924107142857145
12 0.25223214285714285 0.5111607142857143 0.07254464285714286 0.08705357142857142
12 0.24107142857142858 0.5926339285714286 0.08928571428571429 0.07254464285714286
13 0.9486607142857143 0.27120535714285715 0.09821428571428571 0.26674107142857145
0 0.4966517857142857 0.49441964285714285 0.47098214285714285 0.48325892857142855
13 0.34486607142857145 0.03571428571428571 0.22098214285714285 0.07142857142857142
13 0.8694196428571429 0.6283482142857143 0.25669642857142855 0.24776785714285715
13 0.5290178571428571 0.8024553571428571 0.24776785714285715 0.18973214285714285
13 0.12165178571428571 0.06584821428571429 0.23549107142857142 0.13169642857142858
13 0.859375 0.4497767857142857 0.24330357142857142 0.23325892857142858
13 0.6551339285714286 0.15178571428571427 0.21205357142857142 0.20424107142857142
13 0.5446428571428571 0.9162946428571429 0.25 0.16741071428571427
13 0.39285714285714285 0.19084821428571427 0.25223214285714285 0.22879464285714285
13 0.28683035714285715 0.9107142857142857 0.24776785714285715 0.17745535714285715
13 0.10491071428571429 0.49107142857142855 0.20870535714285715 0.23995535714285715
13 0.08258928571428571 0.8113839285714286 0.16517857142857142 0.203125