16 0.45424107142857145 0.7488839285714286 0.06696428571428571 0.08705357142857142
8 0.5412946428571429 0.29575892857142855 0.04799107142857143 0.06919642857142858
8 0.6272321428571429 0.31138392857142855 0.05803571428571429 0.07254464285714286
11 0.6272321428571429 0.6729910714285714 0.04799107142857143 0.08147321428571429
13 0.6841517857142857 0.8404017857142857 0.0625 0.07700892857142858
8 0.41629464285714285 0.6160714285714286 0.05803571428571429 0.07477678571428571
13 0.31026785714285715 0.6071428571428571 0.06473214285714286 0.07254464285714286
13 0.27566964285714285 0.32589285714285715 0.0625 0.07700892857142858
13 0.4408482142857143 0.14174107142857142 0.0625 0.08147321428571429
13 0.26674107142857145 0.20200892857142858 0.05803571428571429 0.08705357142857142
8 0.04799107142857143 0.14174107142857142 0.05803571428571429 0.07254464285714286
13 0.7220982142857143 0.24776785714285715 0.05580357142857143 0.08147321428571429
13 0.5011160714285714 0.43973214285714285 0.05803571428571429 0.07700892857142858
15 0.5558035714285714 0.41964285714285715 0.05803571428571429 0.07700892857142858
13 0.5691964285714286 0.5033482142857143 0.06473214285714286 0.07700892857142858
13 0.35714285714285715 0.7845982142857143 0.060267857142857144 0.08705357142857142
13 0.27455357142857145 0.8482142857142857 0.06919642857142858 0.07254464285714286
13 0.8470982142857143 0.8582589285714286 0.06696428571428571 0.07924107142857142
11 0.9575892857142857 0.39732142857142855 0.05580357142857143 0.09151785714285714
8 0.05580357142857143 0.39285714285714285 0.0625 0.06696428571428571
13 0.12276785714285714 0.2935267857142857 0.05803571428571429 0.07477678571428571
13 0.6383928571428571 0.38950892857142855 0.0625 0.08147321428571429
8 0.025669642857142856 0.7142857142857143 0.04799107142857143 0.07924107142857142
13 0.05803571428571429 0.5491071428571429 0.0625 0.07700892857142858
13 0.32589285714285715 0.26004464285714285 0.0625 0.08370535714285714
13 0.19419642857142858 0.04799107142857143 0.05803571428571429 0.08147321428571429
13 0.19866071428571427 0.9352678571428571 0.07477678571428571 0.09151785714285714
13 0.17075892857142858 0.7745535714285714 0.06473214285714286 0.08705357142857142
13 0.27901785714285715 0.7611607142857143 0.07254464285714286 0.08928571428571429
13 0.17633928571428573 0.6149553571428571 0.07700892857142858 0.11272321428571429
13 0.22767857142857142 0.5167410714285714 0.06696428571428571 0.08928571428571429
13 0.22991071428571427 0.41964285714285715 0.07254464285714286 0.10044642857142858
13 0.10267857142857142 0.44754464285714285 0.0625 0.08705357142857142
13 0.16294642857142858 0.36049107142857145 0.06473214285714286 0.08705357142857142
13 0.10714285714285714 0.8303571428571429 0.060267857142857144 0.08705357142857142
13 0.15066964285714285 0.11941964285714286 0.06696428571428571 0.09375
13 0.26339285714285715 0.06808035714285714 0.07700892857142858 0.10044642857142858
13 0.36607142857142855 0.5267857142857143 0.06696428571428571 0.10044642857142858
13 0.3705357142857143 0.8895089285714286 0.06696428571428571 0.09151785714285714
5 0.6573660714285714 0.15736607142857142 0.06696428571428571 0.08147321428571429
13 0.703125 0.40625 0.06473214285714286 0.09598214285714286
13 0.5334821428571429 0.5970982142857143 0.07477678571428571 0.09375
13 0.4810267857142857 0.6618303571428571 0.07254464285714286 0.08705357142857142
13 0.46316964285714285 0.5558035714285714 0.06696428571428571 0.08705357142857142
13 0.47879464285714285 0.3482142857142857 0.07700892857142858 0.10602678571428571
5 0.38392857142857145 0.31138392857142855 0.07254464285714286 0.08370535714285714
13 0.3470982142857143 0.16629464285714285 0.06473214285714286 0.08928571428571429
13 0.37611607142857145 0.08258928571428571 0.06473214285714286 0.09151785714285714
13 0.5022321428571429 0.05357142857142857 0.07589285714285714 0.10714285714285714
13 0.5948660714285714 0.07700892857142858 0.0625 0.09151785714285714
13 0.40401785714285715 0.22209821428571427 0.07254464285714286 0.09151785714285714
11 0.8683035714285714 0.05133928571428571 0.05803571428571429 0.09598214285714286
13 0.7678571428571429 0.10602678571428571 0.0625 0.08928571428571429
13 0.8136160714285714 0.17522321428571427 0.0625 0.09598214285714286
13 0.8683035714285714 0.234375 0.06696428571428571 0.09598214285714286
13 0.9419642857142857 0.21428571428571427 0.06696428571428571 0.09151785714285714
13 0.8738839285714286 0.33370535714285715 0.06696428571428571 0.08705357142857142
13 0.7756696428571429 0.34486607142857145 0.07254464285714286 0.08147321428571429
7 0.6964285714285714 0.7488839285714286 0.08147321428571429 0.10602678571428571
13 0.7823660714285714 0.578125 0.06696428571428571 0.08370535714285714
13 0.828125 0.48995535714285715 0.06473214285714286 0.08147321428571429
13 0.8861607142857143 0.5524553571428571 0.06696428571428571 0.09151785714285714
13 0.8950892857142857 0.6741071428571429 0.07254464285714286 0.09821428571428571
13 0.5133928571428571 0.7991071428571429 0.0625 0.09598214285714286
13 0.6674107142857143 0.9352678571428571 0.06919642857142858 0.09151785714285714
13 0.6049107142857143 0.8883928571428571 0.06696428571428571 0.08705357142857142
13 0.5379464285714286 0.9341517857142857 0.06696428571428571 0.09375
13 0.7611607142857143 0.8560267857142857 0.07700892857142858 0.10602678571428571
13 0.8627232142857143 0.9564732142857143 0.07254464285714286 0.08705357142857142
13 0.8950892857142857 0.7924107142857143 0.07254464285714286 0.09151785714285714
13 0.9698660714285714 0.7533482142857143 0.060267857142857144 0.09375
13 0.578125 0.8102678571428571 0.0625 0.08705357142857142
13 0.96875 0.9285714285714286 0.0625 0.08705357142857142