15 0.04352678571428571 0.13169642857142858 0.05803571428571429 0.07254464285714286
15 0.12611607142857142 0.19419642857142858 0.05022321428571429 0.07700892857142858
15 0.17745535714285715 0.22209821428571427 0.05580357142857143 0.07700892857142858
15 0.17075892857142858 0.08258928571428571 0.05022321428571429 0.06696428571428571
15 0.42410714285714285 0.07254464285714286 0.052455357142857144 0.07477678571428571
15 0.42745535714285715 0.21428571428571427 0.05022321428571429 0.06696428571428571
15 0.28125 0.08035714285714286 0.06919642857142858 0.07700892857142858
15 0.5267857142857143 0.22767857142857142 0.05803571428571429 0.07477678571428571
15 0.7600446428571429 0.4107142857142857 0.05022321428571429 0.0625
15 0.7075892857142857 0.4107142857142857 0.04575892857142857 0.0625
15 0.8604910714285714 0.23772321428571427 0.05580357142857143 0.07254464285714286
15 0.5055803571428571 0.5122767857142857 0.05022321428571429 0.06919642857142858
15 0.28683035714285715 0.8002232142857143 0.05803571428571429 0.07477678571428571
15 0.14508928571428573 0.9095982142857143 0.05580357142857143 0.06696428571428571
15 0.32924107142857145 0.84375 0.052455357142857144 0.07254464285714286
15 0.09709821428571429 0.6350446428571429 0.060267857142857144 0.07700892857142858
15 0.8169642857142857 0.6216517857142857 0.05022321428571429 0.0625
15 0.7935267857142857 0.5691964285714286 0.05022321428571429 0.06696428571428571
15 0.8303571428571429 0.5267857142857143 0.05580357142857143 0.06696428571428571
15 0.7332589285714286 0.46875 0.05022321428571429 0.06696428571428571
15 0.8560267857142857 0.7991071428571429 0.05580357142857143 0.07477678571428571
15 0.7935267857142857 0.7879464285714286 0.05580357142857143 0.06919642857142858
15 0.6852678571428571 0.734375 0.052455357142857144 0.06919642857142858
15 0.6584821428571429 0.7946428571428571 0.05580357142857143 0.08147321428571429
15 0.28236607142857145 0.5915178571428571 0.052455357142857144 0.07477678571428571
8 0.34486607142857145 0.13616071428571427 0.052455357142857144 0.06919642857142858
8 0.5602678571428571 0.06919642857142858 0.052455357142857144 0.07477678571428571
12 0.4185267857142857 0.5535714285714286 0.018973214285714284 0.033482142857142856
12 0.8136160714285714 0.421875 0.018973214285714284 0.033482142857142856
12 0.9676339285714286 0.8973214285714286 0.029017857142857144 0.03571428571428571