14 0.8247767857142857 0.10491071428571429 0.11049107142857142 0.041294642857142856
2 0.7991071428571429 0.47879464285714285 0.10044642857142858 0.07700892857142858
14 0.28236607142857145 0.6160714285714286 0.08705357142857142 0.052455357142857144
14 0.34151785714285715 0.65625 0.0625 0.05803571428571429
11 0.49888392857142855 0.23214285714285715 0.09598214285714286 0.06919642857142858
11 0.21316964285714285 0.65625 0.10044642857142858 0.0625
16 0.8337053571428571 0.6685267857142857 0.10602678571428571 0.08147321428571429
13 0.10714285714285714 0.3861607142857143 0.09151785714285714 0.07254464285714286
13 0.16517857142857142 0.23995535714285715 0.09151785714285714 0.07254464285714286
13 0.08816964285714286 0.5323660714285714 0.10044642857142858 0.07700892857142858
13 0.4107142857142857 0.4029017857142857 0.08928571428571429 0.06919642857142858
13 0.44308035714285715 0.4799107142857143 0.10602678571428571 0.07477678571428571