1 0.40401785714285715 0.30245535714285715 0.11049107142857142 0.08705357142857142
1 0.3794642857142857 0.38839285714285715 0.12053571428571429 0.09151785714285714
1 0.3638392857142857 0.4720982142857143 0.10044642857142858 0.08705357142857142
1 0.23102678571428573 0.4486607142857143 0.09821428571428571 0.07700892857142858
1 0.17522321428571427 0.5066964285714286 0.11272321428571429 0.07700892857142858
1 0.33482142857142855 0.703125 0.11495535714285714 0.09151785714285714
1 0.265625 0.6517857142857143 0.10044642857142858 0.07700892857142858
1 0.17857142857142858 0.7488839285714286 0.11272321428571429 0.07924107142857142
1 0.24441964285714285 0.19419642857142858 0.11272321428571429 0.07700892857142858
1 0.6294642857142857 0.22767857142857142 0.11272321428571429 0.07700892857142858
1 0.5368303571428571 0.08816964285714286 0.11272321428571429 0.07700892857142858
1 0.6004464285714286 0.7232142857142857 0.09598214285714286 0.06696428571428571
1 0.27455357142857145 0.8683035714285714 0.11049107142857142 0.07700892857142858
12 0.4341517857142857 0.47433035714285715 0.024553571428571428 0.018973214285714284
12 0.7488839285714286 0.027901785714285716 0.029017857142857144 0.024553571428571428
12 0.8314732142857143 0.22544642857142858 0.033482142857142856 0.024553571428571428
12 0.9419642857142857 0.5870535714285714 0.026785714285714284 0.018973214285714284
12 0.7399553571428571 0.5814732142857143 0.029017857142857144 0.021205357142857144