3 0.32589285714285715 0.4575892857142857 0.6082589285714286 0.5412946428571429
13 0.7198660714285714 0.18638392857142858 0.18080357142857142 0.37276785714285715
0 0.8917410714285714 0.3716517857142857 0.21651785714285715 0.5122767857142857
13 0.8716517857142857 0.609375 0.25669642857142855 0.23772321428571427
13 0.8493303571428571 0.109375 0.2767857142857143 0.21875
13 0.7466517857142857 0.3861607142857143 0.23325892857142858 0.26674107142857145
13 0.6685267857142857 0.2533482142857143 0.07700892857142858 0.24776785714285715
13 0.37723214285714285 0.890625 0.36049107142857145 0.21875
13 0.5904017857142857 0.8526785714285714 0.07924107142857142 0.23772321428571427
3 0.20982142857142858 0.8571428571428571 0.41964285714285715 0.25892857142857145
13 0.46651785714285715 0.9587053571428571 0.2544642857142857 0.08147321428571429
13 0.43638392857142855 0.7912946428571429 0.24330357142857142 0.125
13 0.13727678571428573 0.9497767857142857 0.27455357142857145 0.10044642857142858
10 0.9095982142857143 0.8638392857142857 0.18080357142857142 0.27120535714285715