10 0.3002232142857143 0.296875 0.4185267857142857 0.48325892857142855
13 0.8638392857142857 0.18303571428571427 0.27120535714285715 0.2544642857142857
13 0.9754464285714286 0.5212053571428571 0.04799107142857143 0.2544642857142857
13 0.5669642857142857 0.07589285714285714 0.11495535714285714 0.15178571428571427
13 0.5479910714285714 0.11383928571428571 0.078125 0.22767857142857142
13 0.8616071428571429 0.6573660714285714 0.25669642857142855 0.08370535714285714
13 0.9676339285714286 0.2935267857142857 0.06473214285714286 0.21651785714285715
13 0.7176339285714286 0.05133928571428571 0.24776785714285715 0.10267857142857142
6 0.6428571428571429 0.42299107142857145 0.26674107142857145 0.5189732142857143
13 0.6160714285714286 0.6607142857142857 0.21428571428571427 0.07700892857142858
13 0.8694196428571429 0.4341517857142857 0.23549107142857142 0.24776785714285715
10 0.17299107142857142 0.7678571428571429 0.34598214285714285 0.13727678571428573
0 0.8426339285714286 0.8415178571428571 0.31473214285714285 0.28348214285714285