13 0.9542410714285714 0.6808035714285714 0.09151785714285714 0.23325892857142858
13 0.018973214285714284 0.6316964285714286 0.03794642857142857 0.24776785714285715
13 0.7410714285714286 0.03459821428571429 0.25 0.06919642857142858
13 0.7220982142857143 0.9308035714285714 0.28794642857142855 0.13504464285714285
13 0.8872767857142857 0.8069196428571429 0.22098214285714285 0.24330357142857142
13 0.9263392857142857 0.9598214285714286 0.14620535714285715 0.07924107142857142
13 0.06361607142857142 0.14620535714285715 0.12723214285714285 0.28794642857142855
13 0.12276785714285714 0.45535714285714285 0.23995535714285715 0.20424107142857142
13 0.75 0.6607142857142857 0.22879464285714285 0.24553571428571427
13 0.9363839285714286 0.3861607142857143 0.12723214285714285 0.18526785714285715
13 0.2533482142857143 0.6037946428571429 0.21428571428571427 0.25669642857142855
13 0.9140625 0.578125 0.171875 0.23660714285714285
13 0.39174107142857145 0.8805803571428571 0.22879464285714285 0.23325892857142858
13 0.3950892857142857 0.16183035714285715 0.22544642857142858 0.23549107142857142
13 0.9006696428571429 0.08258928571428571 0.18973214285714285 0.16517857142857142
6 0.5167410714285714 0.5100446428571429 0.38504464285714285 0.40401785714285715
13 0.19084821428571427 0.8426339285714286 0.21651785714285715 0.25223214285714285
13 0.19308035714285715 0.20200892857142858 0.19754464285714285 0.20870535714285715