16 0.049107142857142856 0.8683035714285714 0.09821428571428571 0.07700892857142858
2 0.15066964285714285 0.5301339285714286 0.10602678571428571 0.0625
16 0.5535714285714286 0.12388392857142858 0.09598214285714286 0.06696428571428571
17 0.8180803571428571 0.44419642857142855 0.09151785714285714 0.06919642857142858
11 0.23772321428571427 0.3950892857142857 0.09151785714285714 0.052455357142857144
5 0.4732142857142857 0.30245535714285715 0.09598214285714286 0.06696428571428571
14 0.18415178571428573 0.8370535714285714 0.06696428571428571 0.06696428571428571
17 0.9609375 0.5055803571428571 0.078125 0.07366071428571429
17 0.41517857142857145 0.12834821428571427 0.09375 0.07254464285714286
17 0.4799107142857143 0.04017857142857143 0.11049107142857142 0.06696428571428571
17 0.6964285714285714 0.4017857142857143 0.10602678571428571 0.07254464285714286
17 0.9743303571428571 0.14508928571428573 0.05022321428571429 0.07924107142857142