17 0.22433035714285715 0.8537946428571429 0.08370535714285714 0.11049107142857142
17 0.5368303571428571 0.09040178571428571 0.09821428571428571 0.13169642857142858
17 0.9319196428571429 0.7455357142857143 0.08147321428571429 0.10044642857142858
17 0.06919642857142858 0.21763392857142858 0.08928571428571429 0.12053571428571429
7 0.546875 0.3560267857142857 0.07700892857142858 0.11272321428571429
15 0.4877232142857143 0.25892857142857145 0.08705357142857142 0.11272321428571429
7 0.6752232142857143 0.9029017857142857 0.08370535714285714 0.11049107142857142
7 0.26004464285714285 0.5959821428571429 0.08928571428571429 0.12276785714285714
7 0.20758928571428573 0.7544642857142857 0.08147321428571429 0.11049107142857142
7 0.12834821428571427 0.3560267857142857 0.08370535714285714 0.11049107142857142
7 0.140625 0.5770089285714286 0.08147321428571429 0.11272321428571429
13 0.08928571428571429 0.7120535714285714 0.08705357142857142 0.12053571428571429
13 0.703125 0.5535714285714286 0.07700892857142858 0.11272321428571429
13 0.8404017857142857 0.9095982142857143 0.08705357142857142 0.10602678571428571
13 0.9006696428571429 0.8404017857142857 0.08705357142857142 0.11495535714285714
13 0.5747767857142857 0.6417410714285714 0.08705357142857142 0.11049107142857142
7 0.43973214285714285 0.5133928571428571 0.08705357142857142 0.11495535714285714
13 0.8404017857142857 0.42075892857142855 0.07924107142857142 0.10602678571428571
13 0.6194196428571429 0.14285714285714285 0.08147321428571429 0.11272321428571429
7 0.5055803571428571 0.8247767857142857 0.08705357142857142 0.12053571428571429
7 0.6395089285714286 0.36049107142857145 0.09151785714285714 0.13504464285714285
12 0.8883928571428571 0.48325892857142855 0.029017857142857144 0.024553571428571428
11 0.46875 0.4263392857142857 0.09598214285714286 0.10602678571428571
8 0.17522321428571427 0.6573660714285714 0.06696428571428571 0.09151785714285714
12 0.6830357142857143 0.25 0.03794642857142857 0.04352678571428571
11 0.4375 0.7857142857142857 0.07700892857142858 0.125