18 0.578125 0.25 0.09151785714285714 0.07254464285714286
11 0.11049107142857142 0.09040178571428571 0.07700892857142858 0.11272321428571429
17 0.32700892857142855 0.4375 0.07700892857142858 0.11272321428571429
17 0.24776785714285715 0.052455357142857144 0.07589285714285714 0.10491071428571429
17 0.5636160714285714 0.9497767857142857 0.07700892857142858 0.10044642857142858
17 0.06696428571428571 0.7779017857142857 0.07700892857142858 0.11272321428571429
17 0.21986607142857142 0.8314732142857143 0.07700892857142858 0.11272321428571429
14 0.6060267857142857 0.04352678571428571 0.07700892857142858 0.08705357142857142
14 0.08035714285714286 0.052455357142857144 0.07589285714285714 0.10491071428571429
17 0.7020089285714286 0.6651785714285714 0.07700892857142858 0.11272321428571429
11 0.11495535714285714 0.8214285714285714 0.07700892857142858 0.11272321428571429
11 0.23772321428571427 0.31808035714285715 0.07700892857142858 0.11272321428571429
14 0.32700892857142855 0.27901785714285715 0.07700892857142858 0.11272321428571429
14 0.18861607142857142 0.23549107142857142 0.07700892857142858 0.11272321428571429
14 0.026785714285714284 0.13058035714285715 0.052455357142857144 0.11272321428571429
17 0.9252232142857143 0.5334821428571429 0.07700892857142858 0.11272321428571429
17 0.9609375 0.46205357142857145 0.078125 0.11160714285714286
17 0.6774553571428571 0.25 0.07700892857142858 0.11272321428571429
16 0.7957589285714286 0.041294642857142856 0.07700892857142858 0.08147321428571429
16 0.36941964285714285 0.09375 0.07700892857142858 0.11272321428571429
16 0.734375 0.4877232142857143 0.07700892857142858 0.11272321428571429
15 0.390625 0.27901785714285715 0.07700892857142858 0.11272321428571429
17 0.4017857142857143 0.6875 0.07700892857142858 0.11272321428571429
13 0.6395089285714286 0.609375 0.07700892857142858 0.09151785714285714
13 0.7008928571428571 0.8303571428571429 0.06919642857142858 0.10825892857142858
13 0.6763392857142857 0.5256696428571429 0.06919642857142858 0.09598214285714286