12 0.22321428571428573 0.33370535714285715 0.09151785714285714 0.09375
13 0.40066964285714285 0.42075892857142855 0.2622767857142857 0.03794642857142857
3 0.27232142857142855 0.15178571428571427 0.5122767857142857 0.30245535714285715
13 0.5323660714285714 0.12276785714285714 0.09375 0.24553571428571427
13 0.09821428571428571 0.35267857142857145 0.19642857142857142 0.17410714285714285
12 0.6026785714285714 0.15848214285714285 0.04575892857142857 0.09598214285714286
0 0.7890625 0.21986607142857142 0.421875 0.43973214285714285
13 0.9118303571428571 0.12165178571428571 0.17522321428571427 0.24330357142857142
10 0.2622767857142857 0.7444196428571429 0.5245535714285714 0.5111607142857143
13 0.7533482142857143 0.49441964285714285 0.27120535714285715 0.10825892857142858
13 0.9285714285714286 0.4564732142857143 0.14174107142857142 0.033482142857142856
3 0.7890625 0.8136160714285714 0.421875 0.37276785714285715
13 0.6573660714285714 0.6517857142857143 0.15625 0.28348214285714285