13 0.6752232142857143 0.030133928571428572 0.08705357142857142 0.060267857142857144
13 0.6729910714285714 0.23883928571428573 0.09151785714285714 0.2767857142857143
13 0.22544642857142858 0.19308035714285715 0.25669642857142855 0.22098214285714285
13 0.07254464285714286 0.12946428571428573 0.14508928571428573 0.25892857142857145
13 0.12388392857142858 0.3080357142857143 0.24776785714285715 0.2544642857142857
3 0.41629464285714285 0.3325892857142857 0.5100446428571429 0.31026785714285715
13 0.4486607142857143 0.11495535714285714 0.29464285714285715 0.22991071428571427
0 0.859375 0.24441964285714285 0.28125 0.4877232142857143
12 0.07366071428571429 0.5290178571428571 0.09821428571428571 0.08147321428571429
13 0.5479910714285714 0.9151785714285714 0.27455357142857145 0.16964285714285715
6 0.27566964285714285 0.7566964285714286 0.38504464285714285 0.40848214285714285
13 0.07366071428571429 0.7745535714285714 0.14620535714285715 0.3169642857142857
13 0.546875 0.6551339285714286 0.3080357142857143 0.3002232142857143
6 0.8638392857142857 0.6149553571428571 0.27120535714285715 0.2544642857142857