13 0.8794642857142857 0.8236607142857143 0.23995535714285715 0.3392857142857143
13 0.5290178571428571 0.8191964285714286 0.43080357142857145 0.36049107142857145
13 0.2611607142857143 0.024553571428571428 0.16852678571428573 0.04799107142857143
13 0.9464285714285714 0.6763392857142857 0.10714285714285714 0.29464285714285715
13 0.3125 0.9754464285714286 0.23102678571428573 0.04799107142857143
12 0.9866071428571429 0.40848214285714285 0.026785714285714284 0.07254464285714286
13 0.8125 0.39174107142857145 0.20870535714285715 0.21205357142857142
13 0.42075892857142855 0.029017857142857144 0.21205357142857142 0.05803571428571429
13 0.9207589285714286 0.036830357142857144 0.15848214285714285 0.07366071428571429
13 0.5022321428571429 0.9051339285714286 0.27120535714285715 0.18973214285714285
13 0.8660714285714286 0.19642857142857142 0.23995535714285715 0.19754464285714285
13 0.11049107142857142 0.6551339285714286 0.22098214285714285 0.23325892857142858
6 0.5066964285714286 0.5881696428571429 0.47544642857142855 0.4810267857142857
13 0.07366071428571429 0.234375 0.14397321428571427 0.26674107142857145
13 0.18415178571428573 0.08370535714285714 0.20758928571428573 0.16741071428571427
13 0.16294642857142858 0.46986607142857145 0.20647321428571427 0.20647321428571427
13 0.6886160714285714 0.24330357142857142 0.19977678571428573 0.20870535714285715
13 0.7924107142857143 0.9397321428571429 0.18973214285714285 0.12053571428571429
13 0.8113839285714286 0.6573660714285714 0.21205357142857142 0.20200892857142858