13 0.2689732142857143 0.984375 0.19977678571428573 0.026785714285714284
13 0.36830357142857145 0.027901785714285716 0.21428571428571427 0.05580357142857143
13 0.19084821428571427 0.7823660714285714 0.23325892857142858 0.23102678571428573
13 0.109375 0.9006696428571429 0.20870535714285715 0.19196428571428573
13 0.7299107142857143 0.7154017857142857 0.22544642857142858 0.18080357142857142
13 0.9196428571428571 0.7433035714285714 0.15625 0.23995535714285715
13 0.828125 0.07366071428571429 0.23325892857142858 0.14620535714285715
13 0.8102678571428571 0.5814732142857143 0.21428571428571427 0.21651785714285715
3 0.49441964285714285 0.515625 0.42745535714285715 0.4419642857142857
13 0.5323660714285714 0.859375 0.25223214285714285 0.22544642857142858
13 0.14620535714285715 0.23883928571428573 0.23995535714285715 0.23325892857142858
13 0.48995535714285715 0.18861607142857142 0.21875 0.22321428571428573