2 0.9341517857142857 0.28013392857142855 0.11272321428571429 0.07700892857142858
2 0.9408482142857143 0.5502232142857143 0.11272321428571429 0.07700892857142858
2 0.8716517857142857 0.8225446428571429 0.11272321428571429 0.07700892857142858
2 0.7444196428571429 0.14174107142857142 0.11272321428571429 0.07700892857142858
2 0.7098214285714286 0.7332589285714286 0.11272321428571429 0.07700892857142858
2 0.6930803571428571 0.8839285714285714 0.12053571428571429 0.08705357142857142
2 0.6473214285714286 0.21428571428571427 0.11272321428571429 0.07700892857142858
2 0.6283482142857143 0.45200892857142855 0.11272321428571429 0.07700892857142858
2 0.5993303571428571 0.17745535714285715 0.11272321428571429 0.07700892857142858
2 0.5915178571428571 0.6707589285714286 0.11272321428571429 0.07700892857142858
2 0.5647321428571429 0.5770089285714286 0.11272321428571429 0.07700892857142858
2 0.5334821428571429 0.3939732142857143 0.11272321428571429 0.07700892857142858
2 0.5334821428571429 0.8627232142857143 0.11272321428571429 0.07700892857142858
2 0.49441964285714285 0.7198660714285714 0.11272321428571429 0.07700892857142858
2 0.48549107142857145 0.6595982142857143 0.12053571428571429 0.09598214285714286
2 0.44642857142857145 0.5033482142857143 0.11272321428571429 0.07700892857142858
2 0.41183035714285715 0.5814732142857143 0.11272321428571429 0.07700892857142858
2 0.43638392857142855 0.9129464285714286 0.10044642857142858 0.06919642857142858
2 0.41517857142857145 0.4341517857142857 0.11272321428571429 0.07700892857142858
2 0.390625 0.19642857142857142 0.11495535714285714 0.08705357142857142
2 0.39732142857142855 0.09821428571428571 0.11272321428571429 0.07700892857142858
2 0.28683035714285715 0.5535714285714286 0.11495535714285714 0.08705357142857142
2 0.27901785714285715 0.8404017857142857 0.11272321428571429 0.07700892857142858
2 0.29575892857142855 0.7020089285714286 0.11272321428571429 0.07700892857142858
2 0.2767857142857143 0.036830357142857144 0.11160714285714286 0.07366071428571429
2 0.2689732142857143 0.2767857142857143 0.11272321428571429 0.07700892857142858
2 0.20424107142857142 0.23325892857142858 0.11272321428571429 0.07700892857142858
2 0.17857142857142858 0.7220982142857143 0.11272321428571429 0.07700892857142858
2 0.19308035714285715 0.4575892857142857 0.14397321428571427 0.09821428571428571
2 0.14397321428571427 0.2689732142857143 0.11272321428571429 0.07700892857142858
2 0.15959821428571427 0.8158482142857143 0.11272321428571429 0.07924107142857142
2 0.18415178571428573 0.06584821428571429 0.11272321428571429 0.07700892857142858
2 0.14174107142857142 0.6060267857142857 0.11272321428571429 0.07700892857142858
2 0.09709821428571429 0.7555803571428571 0.11272321428571429 0.07700892857142858
2 0.08816964285714286 0.33816964285714285 0.11272321428571429 0.07700892857142858
2 0.421875 0.9430803571428571 0.125 0.08370535714285714
12 0.6283482142857143 0.7935267857142857 0.05803571428571429 0.04352678571428571
12 0.28013392857142855 0.32924107142857145 0.041294642857142856 0.04352678571428571
14 0.05357142857142857 0.3638392857142857 0.03794642857142857 0.03125
2 0.14285714285714285 0.08816964285714286 0.08928571428571429 0.0625
12 0.3404017857142857 0.22433035714285715 0.03794642857142857 0.024553571428571428