16 0.14397321428571427 0.21875 0.11272321428571429 0.07700892857142858
16 0.09709821428571429 0.48325892857142855 0.11272321428571429 0.07700892857142858
16 0.11607142857142858 0.3950892857142857 0.11272321428571429 0.07700892857142858
16 0.23772321428571427 0.32254464285714285 0.11272321428571429 0.07700892857142858
16 0.31026785714285715 0.12834821428571427 0.11272321428571429 0.07700892857142858
16 0.24441964285714285 0.07254464285714286 0.11272321428571429 0.07700892857142858
16 0.31473214285714285 0.03459821428571429 0.11272321428571429 0.06919642857142858
16 0.3236607142857143 0.21205357142857142 0.11272321428571429 0.07700892857142858
16 0.4375 0.16294642857142858 0.11272321428571429 0.07700892857142858
16 0.49107142857142855 0.23102678571428573 0.11272321428571429 0.07700892857142858
16 0.5535714285714286 0.09933035714285714 0.11272321428571429 0.07700892857142858
16 0.5814732142857143 0.21428571428571427 0.11272321428571429 0.07700892857142858
16 0.6361607142857143 0.027901785714285716 0.11272321428571429 0.05580357142857143
16 0.7042410714285714 0.20200892857142858 0.11272321428571429 0.07700892857142858
16 0.8415178571428571 0.22433035714285715 0.11272321428571429 0.07700892857142858
16 0.9185267857142857 0.18861607142857142 0.11272321428571429 0.07700892857142858
16 0.4810267857142857 0.30691964285714285 0.11272321428571429 0.07700892857142858
16 0.40625 0.328125 0.11272321428571429 0.07700892857142858
16 0.3091517857142857 0.36941964285714285 0.11272321428571429 0.07700892857142858
16 0.3236607142857143 0.4408482142857143 0.11272321428571429 0.07700892857142858
16 0.4575892857142857 0.38504464285714285 0.11272321428571429 0.07700892857142858
16 0.6339285714285714 0.390625 0.11272321428571429 0.07700892857142858
16 0.6986607142857143 0.4497767857142857 0.11272321428571429 0.07700892857142858
16 0.6651785714285714 0.5245535714285714 0.11272321428571429 0.07700892857142858
16 0.2689732142857143 0.5904017857142857 0.11272321428571429 0.07700892857142858
16 0.18526785714285715 0.5345982142857143 0.11272321428571429 0.07700892857142858
16 0.36049107142857145 0.6205357142857143 0.11272321428571429 0.07700892857142858
16 0.07477678571428571 0.609375 0.11272321428571429 0.07700892857142858
16 0.17075892857142858 0.6194196428571429 0.11272321428571429 0.07700892857142858
16 0.09040178571428571 0.7142857142857143 0.11272321428571429 0.07924107142857142
16 0.14397321428571427 0.6930803571428571 0.11272321428571429 0.07924107142857142
16 0.20758928571428573 0.7511160714285714 0.11272321428571429 0.07924107142857142
16 0.28125 0.6819196428571429 0.11272321428571429 0.07700892857142858
14 0.5022321428571429 0.6886160714285714 0.11272321428571429 0.07700892857142858
16 0.04575892857142857 0.8995535714285714 0.09151785714285714 0.07924107142857142
16 0.12165178571428571 0.9051339285714286 0.11272321428571429 0.07700892857142858
16 0.24665178571428573 0.9051339285714286 0.11272321428571429 0.07700892857142858
16 0.04352678571428571 0.8225446428571429 0.08705357142857142 0.07700892857142858
16 0.3314732142857143 0.8560267857142857 0.11272321428571429 0.07924107142857142
16 0.37276785714285715 0.9129464285714286 0.11272321428571429 0.07700892857142858
16 0.31808035714285715 0.9676339285714286 0.11272321428571429 0.06473214285714286
16 0.21205357142857142 0.9620535714285714 0.11160714285714286 0.07589285714285714
16 0.7477678571428571 0.6707589285714286 0.11272321428571429 0.07700892857142858
16 0.9430803571428571 0.5636160714285714 0.11272321428571429 0.07700892857142858
16 0.8627232142857143 0.35825892857142855 0.11272321428571429 0.07700892857142858
16 0.5825892857142857 0.5457589285714286 0.11272321428571429 0.07700892857142858
16 0.6763392857142857 0.5982142857142857 0.11272321428571429 0.07700892857142858
16 0.5792410714285714 0.6216517857142857 0.11272321428571429 0.07700892857142858
16 0.6339285714285714 0.6752232142857143 0.11272321428571429 0.07700892857142858
16 0.7276785714285714 0.7600446428571429 0.11272321428571429 0.07924107142857142
16 0.5770089285714286 0.8482142857142857 0.11272321428571429 0.07700892857142858
15 0.6529017857142857 0.921875 0.11272321428571429 0.07700892857142858
15 0.71875 0.05133928571428571 0.11272321428571429 0.07700892857142858
13 0.6618303571428571 0.28794642857142855 0.11272321428571429 0.07700892857142858
11 0.8560267857142857 0.8627232142857143 0.11272321428571429 0.07924107142857142
5 0.16517857142857142 0.8337053571428571 0.11272321428571429 0.07924107142857142
13 0.17857142857142858 0.12946428571428573 0.11272321428571429 0.07700892857142858
13 0.09933035714285714 0.7845982142857143 0.11272321428571429 0.07700892857142858
15 0.08816964285714286 0.26674107142857145 0.11272321428571429 0.07700892857142858
16 0.5647321428571429 0.44754464285714285 0.11272321428571429 0.07700892857142858
16 0.38058035714285715 0.7611607142857143 0.11272321428571429 0.07700892857142858
16 0.7834821428571429 0.47433035714285715 0.11272321428571429 0.07700892857142858
16 0.9006696428571429 0.29129464285714285 0.11272321428571429 0.07700892857142858
5 0.9352678571428571 0.34933035714285715 0.11272321428571429 0.07700892857142858
13 0.8459821428571429 0.7433035714285714 0.11272321428571429 0.07700892857142858
13 0.5435267857142857 0.7767857142857143 0.11272321428571429 0.07700892857142858
13 0.45982142857142855 0.828125 0.11272321428571429 0.07700892857142858
13 0.32142857142857145 0.4966517857142857 0.11272321428571429 0.07700892857142858
5 0.7522321428571429 0.5870535714285714 0.11272321428571429 0.07700892857142858
5 0.8493303571428571 0.5558035714285714 0.11272321428571429 0.07700892857142858
13 0.6584821428571429 0.08370535714285714 0.11272321428571429 0.07700892857142858
13 0.23883928571428573 0.21986607142857142 0.11272321428571429 0.07700892857142858
13 0.046875 0.36495535714285715 0.09375 0.07700892857142858