3 0.27566964285714285 0.22991071428571427 0.5502232142857143 0.45870535714285715
9 0.8537946428571429 0.22879464285714285 0.2924107142857143 0.4575892857142857
13 0.6819196428571429 0.7165178571428571 0.05580357142857143 0.23995535714285715
13 0.10602678571428571 0.5133928571428571 0.21205357142857142 0.10825892857142858
13 0.20200892857142858 0.6037946428571429 0.2544642857142857 0.28794642857142855
12 0.17857142857142858 0.9129464285714286 0.11495535714285714 0.11272321428571429
13 0.09263392857142858 0.6361607142857143 0.18526785714285715 0.23772321428571427
6 0.43526785714285715 0.7410714285714286 0.5479910714285714 0.5167410714285714
13 0.0625 0.8761160714285714 0.125 0.24776785714285715
13 0.5993303571428571 0.9787946428571429 0.20758928571428573 0.04241071428571429
10 0.8537946428571429 0.7053571428571429 0.2924107142857143 0.4955357142857143