0 0.21651785714285715 0.16183035714285715 0.4330357142857143 0.3236607142857143
6 0.6819196428571429 0.29575892857142855 0.42075892857142855 0.36495535714285715
13 0.43526785714285715 0.6618303571428571 0.06696428571428571 0.24330357142857142
13 0.2924107142857143 0.6607142857142857 0.28794642857142855 0.23772321428571427
13 0.28125 0.5457589285714286 0.28794642857142855 0.13504464285714285
13 0.020089285714285716 0.7075892857142857 0.04017857142857143 0.26339285714285715
6 0.31026785714285715 0.8325892857142857 0.3169642857142857 0.33370535714285715
13 0.8995535714285714 0.9743303571428571 0.20089285714285715 0.046875
6 0.640625 0.6049107142857143 0.34375 0.25223214285714285
13 0.8805803571428571 0.5636160714285714 0.23325892857142858 0.17075892857142858
13 0.6964285714285714 0.7879464285714286 0.25223214285714285 0.24553571428571427
13 0.9430803571428571 0.7979910714285714 0.11272321428571429 0.23995535714285715
13 0.6026785714285714 0.9308035714285714 0.26785714285714285 0.13839285714285715