18 0.9308035714285714 0.18080357142857142 0.09375 0.08147321428571429
18 0.8526785714285714 0.21428571428571427 0.09598214285714286 0.06919642857142858
18 0.7689732142857143 0.40401785714285715 0.09151785714285714 0.07700892857142858
18 0.546875 0.38950892857142855 0.08370535714285714 0.07700892857142858
14 0.7198660714285714 0.9017857142857143 0.052455357142857144 0.07700892857142858
14 0.44754464285714285 0.8024553571428571 0.05803571428571429 0.033482142857142856
14 0.6238839285714286 0.27901785714285715 0.06696428571428571 0.041294642857142856
14 0.4642857142857143 0.2622767857142857 0.0625 0.05803571428571429
15 0.8761160714285714 0.4888392857142857 0.060267857142857144 0.04575892857142857
12 0.8470982142857143 0.125 0.033482142857142856 0.024553571428571428
12 0.7857142857142857 0.5658482142857143 0.021205357142857144 0.014508928571428572
12 0.3013392857142857 0.6004464285714286 0.029017857142857144 0.021205357142857144
12 0.33705357142857145 0.6941964285714286 0.033482142857142856 0.024553571428571428
12 0.12834821428571427 0.7723214285714286 0.04352678571428571 0.024553571428571428
18 0.9185267857142857 0.08816964285714286 0.05803571428571429 0.06473214285714286
12 0.13392857142857142 0.2533482142857143 0.03794642857142857 0.029017857142857144
18 0.23102678571428573 0.12165178571428571 0.09151785714285714 0.05580357142857143
7 0.21875 0.27901785714285715 0.10379464285714286 0.08705357142857142
2 0.48660714285714285 0.5870535714285714 0.06919642857142858 0.09598214285714286
13 0.30357142857142855 0.7366071428571429 0.10602678571428571 0.08705357142857142