13 0.47433035714285715 0.13169642857142858 0.18973214285714285 0.26339285714285715
13 0.13392857142857142 0.12611607142857142 0.26674107142857145 0.25223214285714285
0 0.375 0.27232142857142855 0.38950892857142855 0.39174107142857145
13 0.13169642857142858 0.33705357142857145 0.26339285714285715 0.26339285714285715
13 0.125 0.43973214285714285 0.25 0.05803571428571429
6 0.9252232142857143 0.22544642857142858 0.14955357142857142 0.28348214285714285
13 0.04352678571428571 0.5111607142857143 0.08705357142857142 0.08370535714285714
13 0.2767857142857143 0.5044642857142857 0.29799107142857145 0.07254464285714286
13 0.06473214285714286 0.8560267857142857 0.12946428571428573 0.28794642857142855
13 0.5022321428571429 0.53125 0.13504464285714285 0.125
13 0.53125 0.9118303571428571 0.07700892857142858 0.17522321428571427
13 0.15736607142857142 0.6417410714285714 0.31473214285714285 0.3125
10 0.42299107142857145 0.8627232142857143 0.2935267857142857 0.27455357142857145
10 0.6897321428571429 0.8113839285714286 0.23995535714285715 0.37723214285714285