13 0.8136160714285714 0.4877232142857143 0.08705357142857142 0.0625
13 0.15848214285714285 0.5323660714285714 0.11272321428571429 0.07700892857142858
13 0.3638392857142857 0.28125 0.08705357142857142 0.0625
5 0.24330357142857142 0.13727678571428573 0.08147321428571429 0.0625
13 0.12723214285714285 0.17857142857142858 0.08147321428571429 0.060267857142857144
1 0.06361607142857142 0.23549107142857142 0.09821428571428571 0.07254464285714286
17 0.5122767857142857 0.6752232142857143 0.08705357142857142 0.06696428571428571
13 0.06361607142857142 0.5479910714285714 0.08370535714285714 0.06919642857142858
13 0.28348214285714285 0.4185267857142857 0.08705357142857142 0.0625
5 0.29464285714285715 0.48214285714285715 0.09375 0.06696428571428571
13 0.7310267857142857 0.7142857142857143 0.08147321428571429 0.0625
5 0.6651785714285714 0.671875 0.08705357142857142 0.06696428571428571
11 0.5368303571428571 0.43973214285714285 0.09375 0.08147321428571429
13 0.7131696428571429 0.38392857142857145 0.09151785714285714 0.06696428571428571
13 0.6361607142857143 0.38058035714285715 0.08147321428571429 0.0625
13 0.796875 0.5491071428571429 0.08705357142857142 0.0625
13 0.06361607142857142 0.7299107142857143 0.08705357142857142 0.0625
13 0.2924107142857143 0.07700892857142858 0.09151785714285714 0.0625
5 0.7912946428571429 0.15178571428571427 0.09151785714285714 0.0625
5 0.7991071428571429 0.234375 0.08370535714285714 0.06919642857142858
5 0.4888392857142857 0.796875 0.11495535714285714 0.06696428571428571
5 0.19419642857142858 0.8928571428571429 0.09151785714285714 0.07254464285714286
1 0.8392857142857143 0.6160714285714286 0.09151785714285714 0.06919642857142858
1 0.30691964285714285 0.6886160714285714 0.09151785714285714 0.06919642857142858
1 0.044642857142857144 0.16741071428571427 0.08705357142857142 0.0625
1 0.4017857142857143 0.3560267857142857 0.08705357142857142 0.06473214285714286
1 0.6540178571428571 0.4888392857142857 0.08705357142857142 0.06919642857142858