0 0.2544642857142857 0.26785714285714285 0.5089285714285714 0.5178571428571429
9 0.9118303571428571 0.28236607142857145 0.17522321428571427 0.49330357142857145
12 0.484375 0.6651785714285714 0.10825892857142858 0.09821428571428571
13 0.13616071428571427 0.5848214285714286 0.26674107142857145 0.11272321428571429
6 0.33035714285714285 0.8761160714285714 0.37276785714285715 0.24776785714285715
13 0.6651785714285714 0.6294642857142857 0.05022321428571429 0.20200892857142858
13 0.578125 0.9520089285714286 0.22321428571428573 0.09598214285714286
13 0.6473214285714286 0.8337053571428571 0.08370535714285714 0.24553571428571427
13 0.09151785714285714 0.9084821428571429 0.18303571428571427 0.18303571428571427
13 0.021205357142857144 0.7790178571428571 0.04241071428571429 0.21428571428571427
13 0.5200892857142857 0.8169642857142857 0.21875 0.21428571428571427
3 0.8448660714285714 0.7377232142857143 0.31026785714285715 0.4185267857142857