14 0.7801339285714286 0.6037946428571429 0.05022321428571429 0.07477678571428571
14 0.9542410714285714 0.4966517857142857 0.07924107142857142 0.11272321428571429
14 0.40736607142857145 0.203125 0.05580357142857143 0.06919642857142858
14 0.47433035714285715 0.19084821428571427 0.05580357142857143 0.07477678571428571
14 0.8995535714285714 0.027901785714285716 0.07254464285714286 0.05580357142857143
14 0.9174107142857143 0.23772321428571427 0.060267857142857144 0.08928571428571429
18 0.30357142857142855 0.46986607142857145 0.09151785714285714 0.12723214285714285
5 0.21875 0.8783482142857143 0.07924107142857142 0.11272321428571429
7 0.7377232142857143 0.8761160714285714 0.08705357142857142 0.11495535714285714
5 0.7466517857142857 0.7042410714285714 0.07254464285714286 0.10602678571428571
11 0.2622767857142857 0.6875 0.07924107142857142 0.11272321428571429
5 0.42745535714285715 0.7600446428571429 0.10379464285714286 0.13504464285714285
12 0.34598214285714285 0.9274553571428571 0.03571428571428571 0.04799107142857143
12 0.9776785714285714 0.35044642857142855 0.033482142857142856 0.033482142857142856
18 0.18526785714285715 0.5145089285714286 0.10379464285714286 0.14955357142857142
11 0.20200892857142858 0.43638392857142855 0.10825892857142858 0.14174107142857142
18 0.5301339285714286 0.43638392857142855 0.06696428571428571 0.09375
5 0.14174107142857142 0.640625 0.07700892857142858 0.12053571428571429