13 0.05803571428571429 0.13616071428571427 0.11495535714285714 0.27120535714285715
13 0.21986607142857142 0.32924107142857145 0.21428571428571427 0.13950892857142858
0 0.4732142857142857 0.19977678571428573 0.3794642857142857 0.39955357142857145
13 0.0625 0.3247767857142857 0.125 0.14955357142857142
13 0.6183035714285714 0.3705357142857143 0.23995535714285715 0.05803571428571429
13 0.3549107142857143 0.5033482142857143 0.2857142857142857 0.20870535714285715
13 0.5881696428571429 0.5256696428571429 0.23325892857142858 0.23325892857142858
13 0.6339285714285714 0.7845982142857143 0.20870535714285715 0.26674107142857145
9 0.37388392857142855 0.7700892857142857 0.40401785714285715 0.39174107142857145
13 0.05803571428571429 0.46875 0.11495535714285714 0.13950892857142858
13 0.09151785714285714 0.8314732142857143 0.18303571428571427 0.23995535714285715
13 0.6830357142857143 0.45870535714285715 0.11049107142857142 0.12053571428571429
13 0.04017857142857143 0.640625 0.07924107142857142 0.23772321428571427
3 0.9285714285714286 0.8191964285714286 0.14174107142857142 0.36049107142857145