17 0.12611607142857142 0.4408482142857143 0.08147321428571429 0.11272321428571429
17 0.20870535714285715 0.8024553571428571 0.07700892857142858 0.10602678571428571
17 0.5636160714285714 0.6908482142857143 0.07700892857142858 0.10602678571428571
18 0.7444196428571429 0.34375 0.10044642857142858 0.07924107142857142
18 0.484375 0.24665178571428573 0.07700892857142858 0.11272321428571429
7 0.6941964285714286 0.6875 0.08147321428571429 0.11272321428571429
7 0.3080357142857143 0.6506696428571429 0.07700892857142858 0.11272321428571429
7 0.11049107142857142 0.18526785714285715 0.07700892857142858 0.11272321428571429
7 0.036830357142857144 0.12053571428571429 0.07366071428571429 0.11160714285714286
7 0.5323660714285714 0.3939732142857143 0.08370535714285714 0.11495535714285714
7 0.8995535714285714 0.40848214285714285 0.07700892857142858 0.11272321428571429
7 0.8370535714285714 0.3872767857142857 0.07700892857142858 0.11272321428571429
19 0.25 0.08035714285714286 0.13950892857142858 0.15848214285714285
17 0.59375 0.14285714285714285 0.07477678571428571 0.12276785714285714
17 0.12834821428571427 0.04352678571428571 0.06473214285714286 0.08705357142857142
17 0.13616071428571427 0.7488839285714286 0.07700892857142858 0.10044642857142858