13 0.7845982142857143 0.056919642857142856 0.08147321428571429 0.0625
13 0.8950892857142857 0.29464285714285715 0.06696428571428571 0.0625
14 0.24107142857142858 0.12946428571428573 0.10044642857142858 0.07700892857142858
14 0.13727678571428573 0.2935267857142857 0.11272321428571429 0.07700892857142858
14 0.8404017857142857 0.49776785714285715 0.060267857142857144 0.05580357142857143
14 0.8426339285714286 0.5602678571428571 0.07254464285714286 0.07700892857142858
14 0.8582589285714286 0.4419642857142857 0.08147321428571429 0.05803571428571429
16 0.10602678571428571 0.5658482142857143 0.10379464285714286 0.07700892857142858
16 0.5145089285714286 0.5055803571428571 0.11272321428571429 0.07700892857142858
11 0.09375 0.6875 0.10602678571428571 0.06473214285714286
14 0.7566964285714286 0.49441964285714285 0.08147321428571429 0.06473214285714286
13 0.9475446428571429 0.03125 0.10491071428571429 0.0625
13 0.8705357142857143 0.06584821428571429 0.09598214285714286 0.06696428571428571
13 0.9542410714285714 0.15066964285714285 0.09151785714285714 0.07477678571428571
13 0.8627232142857143 0.17410714285714285 0.09151785714285714 0.07254464285714286
13 0.7723214285714286 0.17075892857142858 0.11272321428571429 0.07700892857142858
13 0.7020089285714286 0.22767857142857142 0.11272321428571429 0.07700892857142858
13 0.6886160714285714 0.14508928571428573 0.09151785714285714 0.06696428571428571
5 0.6785714285714286 0.05803571428571429 0.08147321428571429 0.0625
13 0.8180803571428571 0.30357142857142855 0.07700892857142858 0.0625
13 0.8537946428571429 0.24553571428571427 0.08705357142857142 0.0625
13 0.9575892857142857 0.41517857142857145 0.08370535714285714 0.06473214285714286
13 0.9151785714285714 0.5089285714285714 0.09598214285714286 0.06696428571428571
13 0.9241071428571429 0.5926339285714286 0.08705357142857142 0.06696428571428571
13 0.796875 0.41629464285714285 0.08928571428571429 0.06696428571428571
13 0.7176339285714286 0.38169642857142855 0.08370535714285714 0.0625
13 0.6875 0.48214285714285715 0.09598214285714286 0.07254464285714286
13 0.6930803571428571 0.5658482142857143 0.11272321428571429 0.07700892857142858
13 0.7533482142857143 0.6194196428571429 0.11272321428571429 0.07700892857142858
11 0.8236607142857143 0.7991071428571429 0.09598214285714286 0.0625
8 0.8895089285714286 0.9229910714285714 0.07254464285714286 0.060267857142857144
13 0.9542410714285714 0.890625 0.07700892857142858 0.05803571428571429
13 0.8883928571428571 0.8493303571428571 0.09598214285714286 0.06473214285714286
13 0.7979910714285714 0.8794642857142857 0.09598214285714286 0.07700892857142858
13 0.9564732142857143 0.7924107142857143 0.08705357142857142 0.07700892857142858
13 0.9073660714285714 0.7399553571428571 0.08705357142857142 0.06696428571428571
13 0.8091517857142857 0.7154017857142857 0.09598214285714286 0.06696428571428571
13 0.8973214285714286 0.6707589285714286 0.08147321428571429 0.06473214285714286
13 0.7176339285714286 0.7176339285714286 0.09151785714285714 0.07477678571428571
13 0.7287946428571429 0.7924107142857143 0.09375 0.07477678571428571
13 0.6752232142857143 0.8571428571428571 0.09375 0.08147321428571429
13 0.5881696428571429 0.8470982142857143 0.07254464285714286 0.07254464285714286
13 0.6272321428571429 0.7243303571428571 0.09151785714285714 0.0625
13 0.5691964285714286 0.6071428571428571 0.09151785714285714 0.0625
13 0.6037946428571429 0.453125 0.09151785714285714 0.06696428571428571
13 0.6395089285714286 0.38950892857142855 0.08370535714285714 0.0625
13 0.6428571428571429 0.3125 0.08370535714285714 0.06696428571428571
13 0.5591517857142857 0.32142857142857145 0.09151785714285714 0.06473214285714286
13 0.5212053571428571 0.2533482142857143 0.08928571428571429 0.07254464285714286
13 0.6071428571428571 0.11830357142857142 0.09151785714285714 0.08147321428571429
13 0.5948660714285714 0.04799107142857143 0.08147321428571429 0.0625
13 0.5189732142857143 0.12946428571428573 0.08370535714285714 0.06696428571428571
13 0.43861607142857145 0.14955357142857142 0.08147321428571429 0.0625
11 0.46205357142857145 0.19866071428571427 0.08705357142857142 0.07700892857142858
11 0.41964285714285715 0.34151785714285715 0.10044642857142858 0.07254464285714286
13 0.28236607142857145 0.9676339285714286 0.08147321428571429 0.060267857142857144
13 0.18191964285714285 0.7533482142857143 0.07700892857142858 0.05803571428571429
8 0.04352678571428571 0.26004464285714285 0.08705357142857142 0.07700892857142858
13 0.46875 0.9542410714285714 0.07924107142857142 0.07254464285714286
13 0.39285714285714285 0.9698660714285714 0.08370535714285714 0.060267857142857144
13 0.5100446428571429 0.8314732142857143 0.08705357142857142 0.06919642857142858
13 0.42857142857142855 0.8448660714285714 0.07700892857142858 0.06696428571428571
13 0.35044642857142855 0.8738839285714286 0.08370535714285714 0.06696428571428571
13 0.39285714285714285 0.7834821428571429 0.09151785714285714 0.06696428571428571
13 0.46986607142857145 0.7154017857142857 0.08705357142857142 0.06473214285714286
13 0.3638392857142857 0.6997767857142857 0.08705357142857142 0.05803571428571429
13 0.3247767857142857 0.734375 0.09151785714285714 0.06473214285714286
13 0.29017857142857145 0.8191964285714286 0.08705357142857142 0.06919642857142858
13 0.25892857142857145 0.7790178571428571 0.08705357142857142 0.05803571428571429
11 0.20089285714285715 0.9397321428571429 0.08705357142857142 0.07700892857142858
13 0.15178571428571427 0.8493303571428571 0.08370535714285714 0.06696428571428571
13 0.056919642857142856 0.8125 0.08928571428571429 0.06696428571428571
13 0.10491071428571429 0.7600446428571429 0.07700892857142858 0.06696428571428571
13 0.19196428571428573 0.6819196428571429 0.09821428571428571 0.07700892857142858
13 0.2544642857142857 0.6417410714285714 0.08370535714285714 0.0625
13 0.34151785714285715 0.6428571428571429 0.07254464285714286 0.0625
13 0.45982142857142855 0.6004464285714286 0.08147321428571429 0.07254464285714286
13 0.4341517857142857 0.5357142857142857 0.09151785714285714 0.0625
13 0.47544642857142855 0.4330357142857143 0.08705357142857142 0.07254464285714286
16 0.3549107142857143 0.5022321428571429 0.09821428571428571 0.07477678571428571
13 0.34151785714285715 0.40401785714285715 0.09151785714285714 0.06696428571428571
13 0.25223214285714285 0.3482142857142857 0.10044642857142858 0.07254464285714286
13 0.3404017857142857 0.32142857142857145 0.10044642857142858 0.07477678571428571
13 0.40848214285714285 0.24888392857142858 0.11272321428571429 0.07700892857142858
13 0.32924107142857145 0.25558035714285715 0.11272321428571429 0.07700892857142858
7 0.27120535714285715 0.18861607142857142 0.12276785714285714 0.09151785714285714
13 0.45200892857142855 0.04799107142857143 0.08147321428571429 0.06473214285714286
13 0.375 0.056919642857142856 0.08147321428571429 0.06696428571428571
13 0.29910714285714285 0.08035714285714286 0.08705357142857142 0.05803571428571429
13 0.03571428571428571 0.06473214285714286 0.07142857142857142 0.06696428571428571
13 0.08705357142857142 0.22879464285714285 0.09598214285714286 0.06696428571428571
13 0.036830357142857144 0.140625 0.07254464285714286 0.06696428571428571
13 0.19866071428571427 0.40066964285714285 0.08370535714285714 0.06696428571428571
13 0.17410714285714285 0.43861607142857145 0.10044642857142858 0.0625
13 0.22098214285714285 0.49888392857142855 0.10602678571428571 0.07700892857142858
13 0.18526785714285715 0.5993303571428571 0.07700892857142858 0.06696428571428571
5 0.04241071428571429 0.4341517857142857 0.08147321428571429 0.07254464285714286
13 0.036830357142857144 0.921875 0.07366071428571429 0.0625
16 0.15736607142857142 0.18526785714285715 0.07254464285714286 0.06696428571428571