1 0.5959821428571429 0.6975446428571429 0.11049107142857142 0.08705357142857142
1 0.6205357142857143 0.6116071428571429 0.12053571428571429 0.09151785714285714
1 0.6361607142857143 0.5279017857142857 0.10044642857142858 0.08705357142857142
1 0.7689732142857143 0.5513392857142857 0.09821428571428571 0.07700892857142858
1 0.8247767857142857 0.49330357142857145 0.11272321428571429 0.07700892857142858
1 0.6651785714285714 0.296875 0.11495535714285714 0.09151785714285714
1 0.734375 0.3482142857142857 0.10044642857142858 0.07700892857142858
1 0.8214285714285714 0.25111607142857145 0.11272321428571429 0.07700892857142858
1 0.7555803571428571 0.8058035714285714 0.11272321428571429 0.07924107142857142
1 0.3705357142857143 0.7723214285714286 0.11272321428571429 0.07700892857142858
1 0.46316964285714285 0.9118303571428571 0.11272321428571429 0.07700892857142858
1 0.39955357142857145 0.2767857142857143 0.09598214285714286 0.06696428571428571
1 0.7254464285714286 0.13169642857142858 0.11049107142857142 0.07700892857142858
12 0.5658482142857143 0.5256696428571429 0.024553571428571428 0.018973214285714284
12 0.25111607142857145 0.9720982142857143 0.029017857142857144 0.024553571428571428
12 0.16852678571428573 0.7745535714285714 0.033482142857142856 0.024553571428571428
12 0.05803571428571429 0.41294642857142855 0.026785714285714284 0.018973214285714284
12 0.26004464285714285 0.4185267857142857 0.029017857142857144 0.021205357142857144