18 0.4017857142857143 0.4095982142857143 0.12276785714285714 0.07254464285714286
11 0.24888392857142858 0.2622767857142857 0.09821428571428571 0.06919642857142858
2 0.7767857142857143 0.11049107142857142 0.10044642857142858 0.08147321428571429
14 0.49107142857142855 0.5279017857142857 0.07254464285714286 0.07700892857142858
13 0.07366071428571429 0.46875 0.09151785714285714 0.06473214285714286
13 0.09040178571428571 0.04352678571428571 0.08705357142857142 0.06473214285714286
13 0.28125 0.36830357142857145 0.09151785714285714 0.06696428571428571
13 0.19308035714285715 0.20089285714285715 0.09151785714285714 0.06919642857142858
13 0.4174107142857143 0.46316964285714285 0.09598214285714286 0.0625
13 0.27455357142857145 0.6517857142857143 0.09598214285714286 0.07254464285714286
13 0.36607142857142855 0.6540178571428571 0.09598214285714286 0.07254464285714286
13 0.4341517857142857 0.7098214285714286 0.10602678571428571 0.06696428571428571
13 0.8247767857142857 0.5323660714285714 0.09598214285714286 0.06919642857142858