18 0.7332589285714286 0.16852678571428573 0.10044642857142858 0.09375
18 0.6607142857142857 0.17857142857142858 0.06696428571428571 0.09598214285714286
18 0.33035714285714285 0.05133928571428571 0.05803571428571429 0.10267857142857142
18 0.41964285714285715 0.16852678571428573 0.04799107142857143 0.08705357142857142
18 0.7533482142857143 0.3716517857142857 0.06473214285714286 0.07254464285714286
18 0.8169642857142857 0.6607142857142857 0.05803571428571429 0.10044642857142858
18 0.5066964285714286 0.3002232142857143 0.08705357142857142 0.07254464285714286
18 0.06919642857142858 0.14397321428571427 0.06473214285714286 0.09598214285714286
18 0.046875 0.49776785714285715 0.06696428571428571 0.0625
18 0.3247767857142857 0.7321428571428571 0.06919642857142858 0.14955357142857142
18 0.46316964285714285 0.11495535714285714 0.06473214285714286 0.06696428571428571
18 0.6104910714285714 0.4810267857142857 0.0625 0.11272321428571429
18 0.5803571428571429 0.8225446428571429 0.0625 0.11049107142857142