6 0.39174107142857145 0.421875 0.2689732142857143 0.13169642857142858
6 0.8035714285714286 0.16517857142857142 0.39174107142857145 0.32924107142857145
13 0.5948660714285714 0.25223214285714285 0.09375 0.17745535714285715
13 0.8102678571428571 0.42299107142857145 0.21651785714285715 0.12946428571428573
13 0.6607142857142857 0.36049107142857145 0.20200892857142858 0.21428571428571427
13 0.21205357142857142 0.9832589285714286 0.25 0.033482142857142856
13 0.4575892857142857 0.9720982142857143 0.18080357142857142 0.05580357142857143
13 0.4732142857142857 0.7566964285714286 0.14955357142857142 0.22098214285714285
6 0.29129464285714285 0.5870535714285714 0.39955357142857145 0.19754464285714285
13 0.13727678571428573 0.7276785714285714 0.26450892857142855 0.21651785714285715
13 0.33482142857142855 0.8794642857142857 0.20647321428571427 0.22544642857142858
9 0.8102678571428571 0.7075892857142857 0.3794642857142857 0.43973214285714285