14 0.43861607142857145 0.24776785714285715 0.07700892857142858 0.11272321428571429
14 0.08482142857142858 0.7600446428571429 0.06696428571428571 0.07700892857142858
5 0.4642857142857143 0.10602678571428571 0.07700892857142858 0.11272321428571429
5 0.18638392857142858 0.36941964285714285 0.07700892857142858 0.11272321428571429
5 0.08705357142857142 0.36607142857142855 0.07700892857142858 0.11272321428571429
5 0.23883928571428573 0.8939732142857143 0.07700892857142858 0.11272321428571429
5 0.25 0.6986607142857143 0.07700892857142858 0.11272321428571429
5 0.2689732142857143 0.6127232142857143 0.07700892857142858 0.11272321428571429
5 0.2935267857142857 0.5334821428571429 0.07700892857142858 0.11272321428571429
5 0.3404017857142857 0.6049107142857143 0.07700892857142858 0.11272321428571429
5 0.8225446428571429 0.8415178571428571 0.07700892857142858 0.11272321428571429
5 0.6607142857142857 0.8236607142857143 0.07700892857142858 0.11272321428571429
5 0.5189732142857143 0.9441964285714286 0.07700892857142858 0.11049107142857142
5 0.6049107142857143 0.9263392857142857 0.07700892857142858 0.11272321428571429
5 0.6495535714285714 0.6049107142857143 0.07700892857142858 0.11272321428571429
5 0.5881696428571429 0.4486607142857143 0.07700892857142858 0.11272321428571429
5 0.9441964285714286 0.5602678571428571 0.07700892857142858 0.11272321428571429
5 0.6741071428571429 0.052455357142857144 0.07589285714285714 0.10491071428571429
5 0.5424107142857143 0.12388392857142858 0.07700892857142858 0.11272321428571429
11 0.3080357142857143 0.07366071428571429 0.06473214285714286 0.10044642857142858
17 0.41294642857142855 0.8783482142857143 0.07700892857142858 0.11272321428571429
5 0.7823660714285714 0.5033482142857143 0.07700892857142858 0.11272321428571429
5 0.5033482142857143 0.7377232142857143 0.07700892857142858 0.11272321428571429
5 0.32700892857142855 0.75 0.07700892857142858 0.11272321428571429
5 0.09821428571428571 0.6729910714285714 0.07700892857142858 0.11272321428571429
5 0.38950892857142855 0.46651785714285715 0.07700892857142858 0.11272321428571429
5 0.78125 0.6897321428571429 0.07700892857142858 0.11272321428571429
5 0.3861607142857143 0.27901785714285715 0.07700892857142858 0.11272321428571429
8 0.9274553571428571 0.9151785714285714 0.07700892857142858 0.11272321428571429
5 0.44308035714285715 0.3638392857142857 0.10602678571428571 0.11495535714285714
14 0.49888392857142855 0.43526785714285715 0.06696428571428571 0.06696428571428571
5 0.19977678571428573 0.48660714285714285 0.0625 0.09151785714285714
18 0.8727678571428571 0.6439732142857143 0.04799107142857143 0.09598214285714286