13 0.8895089285714286 0.29129464285714285 0.22098214285714285 0.05803571428571429
13 0.8761160714285714 0.07477678571428571 0.24776785714285715 0.14955357142857142
13 0.8125 0.14397321428571427 0.28348214285714285 0.28794642857142855
13 0.6841517857142857 0.23995535714285715 0.25223214285714285 0.15848214285714285
13 0.03125 0.9285714285714286 0.0625 0.14174107142857142
13 0.049107142857142856 0.3392857142857143 0.09821428571428571 0.03794642857142857
13 0.23102678571428573 0.5959821428571429 0.26450892857142855 0.2622767857142857
6 0.4017857142857143 0.7388392857142857 0.3080357142857143 0.34375
13 0.4564732142857143 0.38950892857142855 0.20200892857142858 0.13950892857142858
13 0.06808035714285714 0.7176339285714286 0.13616071428571427 0.22991071428571427
3 0.7790178571428571 0.5803571428571429 0.4419642857142857 0.5212053571428571