13 0.9720982142857143 0.4174107142857143 0.05022321428571429 0.21651785714285715
13 0.07142857142857142 0.45535714285714285 0.14174107142857142 0.25669642857142855
13 0.8950892857142857 0.5725446428571429 0.19754464285714285 0.27901785714285715
13 0.7488839285714286 0.03794642857142857 0.24330357142857142 0.07589285714285714
12 0.7678571428571429 0.5669642857142857 0.08705357142857142 0.07700892857142858
13 0.35044642857142855 0.2767857142857143 0.23102678571428573 0.19754464285714285
13 0.8035714285714286 0.27566964285714285 0.25223214285714285 0.2689732142857143
13 0.24441964285714285 0.5301339285714286 0.21205357142857142 0.3002232142857143
13 0.46316964285714285 0.953125 0.26450892857142855 0.08928571428571429
13 0.08147321428571429 0.9051339285714286 0.16294642857142858 0.18973214285714285
13 0.7321428571428571 0.7388392857142857 0.22098214285714285 0.21875
13 0.09263392857142858 0.20535714285714285 0.18526785714285715 0.24776785714285715
13 0.4732142857142857 0.8013392857142857 0.26004464285714285 0.19977678571428573
13 0.10602678571428571 0.6997767857142857 0.20647321428571427 0.22098214285714285
13 0.27455357142857145 0.09709821428571429 0.25223214285714285 0.18973214285714285
13 0.7845982142857143 0.9162946428571429 0.265625 0.16741071428571427
3 0.5334821428571429 0.5100446428571429 0.42299107142857145 0.4419642857142857