13 0.9542410714285714 0.5033482142857143 0.06696428571428571 0.09375
13 0.9006696428571429 0.5602678571428571 0.07700892857142858 0.09598214285714286
13 0.8627232142857143 0.6138392857142857 0.07700892857142858 0.11272321428571429
13 0.9341517857142857 0.625 0.07700892857142858 0.11272321428571429
13 0.8549107142857143 0.6997767857142857 0.07700892857142858 0.11272321428571429
13 0.78125 0.40848214285714285 0.06696428571428571 0.09598214285714286
7 0.6662946428571429 0.5625 0.07700892857142858 0.11272321428571429
2 0.25111607142857145 0.25558035714285715 0.07700892857142858 0.08705357142857142
13 0.31138392857142855 0.125 0.07700892857142858 0.11272321428571429
13 0.33370535714285715 0.28348214285714285 0.07700892857142858 0.11272321428571429
13 0.38058035714285715 0.3325892857142857 0.07700892857142858 0.11272321428571429
13 0.4174107142857143 0.40848214285714285 0.07700892857142858 0.11272321428571429
13 0.9475446428571429 0.8035714285714286 0.06473214285714286 0.09151785714285714
15 0.11383928571428571 0.9185267857142857 0.07700892857142858 0.10044642857142858
13 0.19754464285714285 0.8526785714285714 0.07700892857142858 0.11272321428571429
13 0.453125 0.16183035714285715 0.07254464285714286 0.08705357142857142
13 0.49330357142857145 0.8236607142857143 0.07700892857142858 0.11272321428571429
13 0.6417410714285714 0.28348214285714285 0.07700892857142858 0.11272321428571429
13 0.3705357142857143 0.8091517857142857 0.07700892857142858 0.11272321428571429
13 0.3783482142857143 0.8973214285714286 0.07700892857142858 0.11272321428571429
13 0.30580357142857145 0.9084821428571429 0.07700892857142858 0.11272321428571429
13 0.4720982142857143 0.9285714285714286 0.07700892857142858 0.11272321428571429
13 0.5279017857142857 0.9040178571428571 0.07700892857142858 0.11272321428571429
13 0.5033482142857143 0.08147321428571429 0.07700892857142858 0.11272321428571429
13 0.5345982142857143 0.1875 0.07700892857142858 0.11272321428571429
13 0.4497767857142857 0.5200892857142857 0.07700892857142858 0.11272321428571429
13 0.49888392857142855 0.45424107142857145 0.07700892857142858 0.11272321428571429
13 0.5200892857142857 0.37723214285714285 0.07700892857142858 0.11272321428571429
13 0.46316964285714285 0.3236607142857143 0.07700892857142858 0.11272321428571429
13 0.5892857142857143 0.6361607142857143 0.07700892857142858 0.11272321428571429
13 0.6919642857142857 0.6462053571428571 0.07700892857142858 0.10044642857142858
13 0.9341517857142857 0.7131696428571429 0.07700892857142858 0.11272321428571429
13 0.7935267857142857 0.6707589285714286 0.07700892857142858 0.11272321428571429
15 0.8459821428571429 0.18526785714285715 0.07700892857142858 0.10044642857142858
13 0.8191964285714286 0.12276785714285714 0.07700892857142858 0.11272321428571429
13 0.7611607142857143 0.06584821428571429 0.07700892857142858 0.11272321428571429
15 0.7075892857142857 0.041294642857142856 0.07700892857142858 0.08147321428571429
13 0.7399553571428571 0.25558035714285715 0.07700892857142858 0.11272321428571429
13 0.7901785714285714 0.3013392857142857 0.06696428571428571 0.09151785714285714
13 0.33035714285714285 0.6529017857142857 0.07254464285714286 0.09151785714285714
13 0.12834821428571427 0.7723214285714286 0.07700892857142858 0.11272321428571429
13 0.11383928571428571 0.6082589285714286 0.07700892857142858 0.11272321428571429
13 0.052455357142857144 0.5848214285714286 0.07700892857142858 0.11272321428571429
13 0.7388392857142857 0.5089285714285714 0.07700892857142858 0.11272321428571429
13 0.5279017857142857 0.7555803571428571 0.07700892857142858 0.11272321428571429
13 0.36495535714285715 0.47767857142857145 0.07700892857142858 0.11272321428571429
13 0.24888392857142858 0.4966517857142857 0.07700892857142858 0.11272321428571429
13 0.4732142857142857 0.6930803571428571 0.07700892857142858 0.11272321428571429
13 0.47879464285714285 0.6227678571428571 0.07700892857142858 0.11272321428571429
13 0.3861607142857143 0.5457589285714286 0.07700892857142858 0.11272321428571429
13 0.6462053571428571 0.7845982142857143 0.07700892857142858 0.11272321428571429
13 0.6383928571428571 0.9497767857142857 0.07924107142857142 0.10044642857142858
13 0.19308035714285715 0.10491071428571429 0.07700892857142858 0.11272321428571429
13 0.19977678571428573 0.2533482142857143 0.06473214285714286 0.09375
13 0.11495535714285714 0.3002232142857143 0.07700892857142858 0.11272321428571429
13 0.04241071428571429 0.38950892857142855 0.07700892857142858 0.11272321428571429
13 0.06138392857142857 0.44642857142857145 0.07700892857142858 0.11272321428571429
13 0.10602678571428571 0.5223214285714286 0.07700892857142858 0.11272321428571429
13 0.15625 0.4654017857142857 0.07700892857142858 0.11272321428571429
13 0.07366071428571429 0.7689732142857143 0.07700892857142858 0.11272321428571429
13 0.033482142857142856 0.6964285714285714 0.06696428571428571 0.11272321428571429
13 0.23102678571428573 0.9497767857142857 0.07700892857142858 0.10044642857142858
13 0.29799107142857145 0.8091517857142857 0.07700892857142858 0.11272321428571429
13 0.07477678571428571 0.09933035714285714 0.07700892857142858 0.11272321428571429
13 0.07254464285714286 0.17633928571428573 0.07700892857142858 0.11272321428571429
13 0.0625 0.23883928571428573 0.07700892857142858 0.11272321428571429
13 0.6774553571428571 0.11383928571428571 0.07700892857142858 0.11272321428571429
13 0.6618303571428571 0.20647321428571427 0.07700892857142858 0.11272321428571429
13 0.6205357142857143 0.7075892857142857 0.07700892857142858 0.11272321428571429
13 0.6439732142857143 0.44308035714285715 0.07700892857142858 0.11272321428571429
13 0.8995535714285714 0.09375 0.06696428571428571 0.09151785714285714
15 0.8761160714285714 0.04241071428571429 0.07700892857142858 0.08370535714285714
13 0.8180803571428571 0.03571428571428571 0.078125 0.07142857142857142
13 0.8136160714285714 0.5747767857142857 0.07700892857142858 0.11272321428571429
13 0.41294642857142855 0.26674107142857145 0.07700892857142858 0.11272321428571429
13 0.7745535714285714 0.18191964285714285 0.07700892857142858 0.11272321428571429
13 0.5055803571428571 0.036830357142857144 0.078125 0.07366071428571429
13 0.3984375 0.03794642857142857 0.078125 0.07589285714285714
13 0.2689732142857143 0.04017857142857143 0.07700892857142858 0.07924107142857142
13 0.17745535714285715 0.026785714285714284 0.07924107142857142 0.052455357142857144
13 0.9654017857142857 0.06808035714285714 0.06919642857142858 0.08147321428571429
15 0.9821428571428571 0.20647321428571427 0.03571428571428571 0.11495535714285714
13 0.28013392857142855 0.9598214285714286 0.07700892857142858 0.07924107142857142
13 0.3404017857142857 0.9564732142857143 0.07924107142857142 0.08705357142857142
13 0.8962053571428571 0.9732142857142857 0.07700892857142858 0.052455357142857144
15 0.7377232142857143 0.953125 0.07700892857142858 0.09151785714285714
15 0.8225446428571429 0.7912946428571429 0.06473214285714286 0.08370535714285714
13 0.9174107142857143 0.24665178571428573 0.07254464285714286 0.09375
15 0.12053571428571429 0.17522321428571427 0.060267857142857144 0.09151785714285714
15 0.14732142857142858 0.20200892857142858 0.06696428571428571 0.08928571428571429
13 0.6037946428571429 0.375 0.07700892857142858 0.11272321428571429
1 0.546875 0.6841517857142857 0.07700892857142858 0.09151785714285714
13 0.2767857142857143 0.33482142857142855 0.07700892857142858 0.11272321428571429
13 0.3013392857142857 0.42857142857142855 0.07700892857142858 0.11272321428571429
13 0.25558035714285715 0.7522321428571429 0.07700892857142858 0.11272321428571429
2 0.25669642857142855 0.8325892857142857 0.06919642857142858 0.10044642857142858
13 0.08928571428571429 0.6897321428571429 0.07700892857142858 0.11272321428571429
13 0.17075892857142858 0.9587053571428571 0.07700892857142858 0.08147321428571429
14 0.9430803571428571 0.8761160714285714 0.05803571428571429 0.08147321428571429
15 0.7087053571428571 0.18526785714285715 0.07700892857142858 0.11272321428571429
13 0.27455357142857145 0.5825892857142857 0.07700892857142858 0.11272321428571429
1 0.23325892857142858 0.6395089285714286 0.06696428571428571 0.10379464285714286
13 0.5948660714285714 0.8493303571428571 0.07700892857142858 0.11272321428571429
13 0.8649553571428571 0.90625 0.07700892857142858 0.11272321428571429
13 0.171875 0.7098214285714286 0.07700892857142858 0.11272321428571429
13 0.765625 0.7700892857142857 0.07700892857142858 0.09375
13 0.8504464285714286 0.5033482142857143 0.07700892857142858 0.11272321428571429
15 0.5747767857142857 0.04352678571428571 0.07254464285714286 0.08705357142857142
11 0.5669642857142857 0.25669642857142855 0.07700892857142858 0.08928571428571429
11 0.421875 0.09486607142857142 0.06696428571428571 0.09375
19 0.546875 0.5424107142857143 0.08147321428571429 0.12053571428571429