13 0.9665178571428571 0.5814732142857143 0.0625 0.2689732142857143
13 0.9196428571428571 0.09151785714285714 0.16071428571428573 0.17745535714285715
13 0.6819196428571429 0.041294642857142856 0.24776785714285715 0.08147321428571429
13 0.19977678571428573 0.45870535714285715 0.24553571428571427 0.23995535714285715
6 0.5011160714285714 0.5100446428571429 0.40401785714285715 0.41294642857142855
13 0.8191964285714286 0.46986607142857145 0.28348214285714285 0.24553571428571427
13 0.07477678571428571 0.8247767857142857 0.14955357142857142 0.24553571428571427
13 0.16294642857142858 0.12834821428571427 0.23995535714285715 0.22879464285714285
13 0.7611607142857143 0.25669642857142855 0.21651785714285715 0.23549107142857142
13 0.5412946428571429 0.15848214285714285 0.26004464285714285 0.22321428571428573
13 0.9207589285714286 0.828125 0.15401785714285715 0.23995535714285715
13 0.20424107142857142 0.609375 0.26450892857142855 0.20870535714285715
13 0.2779017857142857 0.8526785714285714 0.27120535714285715 0.29129464285714285
13 0.5200892857142857 0.8761160714285714 0.23549107142857142 0.24330357142857142