6 0.19866071428571427 0.21316964285714285 0.18080357142857142 0.37276785714285715
13 0.34263392857142855 0.08482142857142858 0.109375 0.16964285714285715
13 0.6584821428571429 0.31919642857142855 0.28794642857142855 0.27901785714285715
13 0.41517857142857145 0.34151785714285715 0.25223214285714285 0.23549107142857142
13 0.9363839285714286 0.20758928571428573 0.12723214285714285 0.22321428571428573
0 0.7633928571428571 0.13058035714285715 0.41964285714285715 0.2611607142857143
10 0.14397321428571427 0.8359375 0.28794642857142855 0.328125
13 0.765625 0.9944196428571429 0.23660714285714285 0.011160714285714286
13 0.8683035714285714 0.8895089285714286 0.26339285714285715 0.22098214285714285
13 0.9464285714285714 0.7075892857142857 0.10714285714285714 0.22321428571428573
13 0.5279017857142857 0.9620535714285714 0.23883928571428573 0.07589285714285714
3 0.5602678571428571 0.6116071428571429 0.5435267857142857 0.30580357142857145
13 0.8549107142857143 0.6138392857142857 0.2544642857142857 0.27455357142857145
13 0.32142857142857145 0.8772321428571429 0.06473214285714286 0.23549107142857142
13 0.35044642857142855 0.6696428571428571 0.125 0.25223214285714285
13 0.44754464285714285 0.8392857142857143 0.27455357142857145 0.25