10 0.30357142857142855 0.34263392857142855 0.36830357142857145 0.21428571428571427
3 0.8805803571428571 0.3247767857142857 0.23772321428571427 0.25
9 0.14732142857142858 0.5948660714285714 0.29464285714285715 0.2924107142857143
13 0.9966517857142857 0.5680803571428571 0.006696428571428571 0.23772321428571427
13 0.7823660714285714 0.7946428571428571 0.22321428571428573 0.23549107142857142
13 0.734375 0.5848214285714286 0.23325892857142858 0.20200892857142858
13 0.8247767857142857 0.47879464285714285 0.23102678571428573 0.05803571428571429
13 0.8705357142857143 0.9352678571428571 0.22098214285714285 0.12946428571428573
13 0.578125 0.48995535714285715 0.18080357142857142 0.08147321428571429
6 0.6026785714285714 0.71875 0.22879464285714285 0.42745535714285715
13 0.6830357142857143 0.9185267857142857 0.17745535714285715 0.16294642857142858