0 0.34263392857142855 0.13504464285714285 0.39174107142857145 0.2689732142857143
6 0.6964285714285714 0.12723214285714285 0.31473214285714285 0.2544642857142857
13 0.46651785714285715 0.7633928571428571 0.14397321428571427 0.36830357142857145
13 0.056919642857142856 0.8091517857142857 0.11272321428571429 0.27120535714285715
13 0.4095982142857143 0.6004464285714286 0.22544642857142858 0.26450892857142855
13 0.39174107142857145 0.9207589285714286 0.2544642857142857 0.12946428571428573
13 0.45870535714285715 0.5424107142857143 0.15848214285714285 0.24330357142857142
13 0.5022321428571429 0.6986607142857143 0.07254464285714286 0.22879464285714285
6 0.16964285714285715 0.5022321428571429 0.3392857142857143 0.46651785714285715
13 0.6071428571428571 0.31361607142857145 0.13727678571428573 0.08928571428571429
13 0.8872767857142857 0.9665178571428571 0.22544642857142858 0.06696428571428571
13 0.7801339285714286 0.46986607142857145 0.23995535714285715 0.25223214285714285
13 0.6205357142857143 0.5066964285714286 0.16294642857142858 0.20647321428571427
13 0.6752232142857143 0.38392857142857145 0.25 0.22879464285714285
6 0.75 0.7466517857142857 0.42299107142857145 0.5066964285714286
13 0.9241071428571429 0.41629464285714285 0.15178571428571427 0.26004464285714285
13 0.9241071428571429 0.6205357142857143 0.15178571428571427 0.26450892857142855
13 0.953125 0.8415178571428571 0.09375 0.23549107142857142