7 0.43638392857142855 0.5044642857142857 0.10379464285714286 0.12723214285714285
7 0.3392857142857143 0.8459821428571429 0.09598214285714286 0.12946428571428573
13 0.8493303571428571 0.8459821428571429 0.07254464285714286 0.09375
13 0.78125 0.546875 0.07254464285714286 0.09598214285714286
13 0.8091517857142857 0.7154017857142857 0.07700892857142858 0.09598214285714286
13 0.7098214285714286 0.6037946428571429 0.07700892857142858 0.10044642857142858
8 0.7354910714285714 0.43861607142857145 0.06919642857142858 0.09151785714285714
11 0.20758928571428573 0.26339285714285715 0.07254464285714286 0.08147321428571429
11 0.09040178571428571 0.20200892857142858 0.06696428571428571 0.10602678571428571
11 0.24776785714285715 0.7991071428571429 0.08147321428571429 0.07700892857142858
13 0.22544642857142858 0.6852678571428571 0.07924107142857142 0.09151785714285714
11 0.33370535714285715 0.6707589285714286 0.09151785714285714 0.10602678571428571
8 0.6305803571428571 0.7433035714285714 0.07477678571428571 0.09151785714285714
1 0.2924107142857143 0.2689732142857143 0.07700892857142858 0.10602678571428571
1 0.06919642857142858 0.44308035714285715 0.07700892857142858 0.10602678571428571
8 0.49888392857142855 0.43861607142857145 0.07254464285714286 0.08147321428571429
1 0.8839285714285714 0.32700892857142855 0.07924107142857142 0.10379464285714286