12 0.3125 0.8772321428571429 0.04799107142857143 0.033482142857142856
12 0.21205357142857142 0.14174107142857142 0.029017857142857144 0.029017857142857144
12 0.20200892857142858 0.3236607142857143 0.03794642857142857 0.03125
12 0.37388392857142855 0.9174107142857143 0.033482142857142856 0.029017857142857144
12 0.8850446428571429 0.9832589285714286 0.03571428571428571 0.029017857142857144
17 0.43861607142857145 0.18638392857142858 0.09151785714285714 0.06696428571428571
17 0.26004464285714285 0.5959821428571429 0.08705357142857142 0.06696428571428571
17 0.23214285714285715 0.6685267857142857 0.09151785714285714 0.06696428571428571
17 0.890625 0.5189732142857143 0.09151785714285714 0.05803571428571429
17 0.5290178571428571 0.7779017857142857 0.09151785714285714 0.06473214285714286
17 0.8705357142857143 0.7823660714285714 0.09375 0.06473214285714286