15 0.14397321428571427 0.07924107142857142 0.04575892857142857 0.060267857142857144
15 0.12053571428571429 0.14174107142857142 0.052455357142857144 0.07254464285714286
15 0.12053571428571429 0.4642857142857143 0.05803571428571429 0.06696428571428571
15 0.16852678571428573 0.48995535714285715 0.05803571428571429 0.06696428571428571
15 0.23995535714285715 0.41517857142857145 0.05580357142857143 0.06696428571428571
15 0.42075892857142855 0.2544642857142857 0.05803571428571429 0.06696428571428571
15 0.3627232142857143 0.37723214285714285 0.0625 0.08705357142857142
8 0.6104910714285714 0.07366071428571429 0.05580357142857143 0.06696428571428571
13 0.6997767857142857 0.07589285714285714 0.052455357142857144 0.07924107142857142
8 0.7834821428571429 0.13727678571428573 0.04799107142857143 0.06473214285714286
8 0.7064732142857143 0.5736607142857143 0.04799107142857143 0.06919642857142858
8 0.4375 0.36830357142857145 0.04799107142857143 0.06696428571428571
8 0.09933035714285714 0.6149553571428571 0.05580357142857143 0.07477678571428571
8 0.07366071428571429 0.4263392857142857 0.04799107142857143 0.07700892857142858
15 0.25111607142857145 0.6261160714285714 0.04575892857142857 0.07254464285714286
15 0.35379464285714285 0.49888392857142855 0.05580357142857143 0.07254464285714286
15 0.37723214285714285 0.5636160714285714 0.05580357142857143 0.06473214285714286
15 0.296875 0.6551339285714286 0.052455357142857144 0.05580357142857143
15 0.2935267857142857 0.5926339285714286 0.05580357142857143 0.06473214285714286
15 0.34486607142857145 0.6238839285714286 0.05580357142857143 0.07254464285714286
15 0.5279017857142857 0.5212053571428571 0.05580357142857143 0.07254464285714286
15 0.7834821428571429 0.38058035714285715 0.05803571428571429 0.06696428571428571
15 0.8370535714285714 0.35267857142857145 0.05022321428571429 0.07254464285714286
15 0.7611607142857143 0.21875 0.05580357142857143 0.07700892857142858
15 0.8872767857142857 0.26785714285714285 0.052455357142857144 0.06919642857142858
15 0.6049107142857143 0.13950892857142858 0.05580357142857143 0.06919642857142858
15 0.44419642857142855 0.18973214285714285 0.052455357142857144 0.07924107142857142
15 0.5 0.18526785714285715 0.04799107142857143 0.06919642857142858
15 0.5345982142857143 0.15066964285714285 0.052455357142857144 0.06919642857142858
15 0.25669642857142855 0.9107142857142857 0.05022321428571429 0.07924107142857142
15 0.11160714285714286 0.9174107142857143 0.0625 0.08370535714285714
15 0.19642857142857142 0.8537946428571429 0.052455357142857144 0.07477678571428571
15 0.18303571428571427 0.7879464285714286 0.0625 0.07924107142857142
15 0.32254464285714285 0.8258928571428571 0.05803571428571429 0.06473214285714286
15 0.3783482142857143 0.7857142857142857 0.05803571428571429 0.07477678571428571
15 0.42299107142857145 0.7410714285714286 0.052455357142857144 0.07254464285714286
15 0.5814732142857143 0.859375 0.04799107142857143 0.060267857142857144
15 0.6662946428571429 0.7611607142857143 0.06696428571428571 0.08370535714285714
15 0.6875 0.6383928571428571 0.052455357142857144 0.06919642857142858
15 0.8225446428571429 0.7321428571428571 0.04799107142857143 0.06696428571428571
15 0.8404017857142857 0.6674107142857143 0.04575892857142857 0.06696428571428571
15 0.8169642857142857 0.5658482142857143 0.05022321428571429 0.07254464285714286
15 0.8325892857142857 0.42857142857142855 0.06473214285714286 0.08370535714285714
15 0.9375 0.7912946428571429 0.05803571428571429 0.07477678571428571
15 0.8683035714285714 0.7991071428571429 0.052455357142857144 0.06473214285714286
15 0.9475446428571429 0.7165178571428571 0.0625 0.07924107142857142
15 0.9486607142857143 0.11383928571428571 0.04799107142857143 0.07254464285714286
15 0.8850446428571429 0.14508928571428573 0.060267857142857144 0.060267857142857144
15 0.9765625 0.25223214285714285 0.046875 0.07589285714285714
19 0.65625 0.9620535714285714 0.09598214285714286 0.07477678571428571
12 0.39285714285714285 0.11049107142857142 0.03125 0.052455357142857144
12 0.08370535714285714 0.15848214285714285 0.021205357142857144 0.03794642857142857
12 0.46316964285714285 0.5245535714285714 0.024553571428571428 0.04352678571428571
12 0.5122767857142857 0.578125 0.026785714285714284 0.04352678571428571
12 0.484375 0.8392857142857143 0.021205357142857144 0.04352678571428571
12 0.42410714285714285 0.9821428571428571 0.026785714285714284 0.03571428571428571
12 0.4654017857142857 0.9486607142857143 0.026785714285714284 0.033482142857142856