1 0.078125 0.6160714285714286 0.08928571428571429 0.0625
13 0.8125 0.9732142857142857 0.08370535714285714 0.052455357142857144
13 0.7868303571428571 0.890625 0.09151785714285714 0.06473214285714286
13 0.6674107142857143 0.9709821428571429 0.09375 0.05803571428571429
13 0.7723214285714286 0.8058035714285714 0.08705357142857142 0.06919642857142858
13 0.8883928571428571 0.7433035714285714 0.08147321428571429 0.05803571428571429
13 0.9441964285714286 0.6986607142857143 0.09151785714285714 0.06696428571428571
13 0.84375 0.6852678571428571 0.08147321428571429 0.07254464285714286
13 0.6618303571428571 0.6607142857142857 0.09598214285714286 0.06919642857142858
13 0.8649553571428571 0.6149553571428571 0.08928571428571429 0.06696428571428571
13 0.9073660714285714 0.5636160714285714 0.08705357142857142 0.0625
13 0.7979910714285714 0.5479910714285714 0.09598214285714286 0.0625
13 0.7857142857142857 0.4029017857142857 0.09598214285714286 0.06696428571428571
13 0.7700892857142857 0.34375 0.08928571428571429 0.06473214285714286
13 0.8459821428571429 0.28125 0.08705357142857142 0.0625
13 0.7377232142857143 0.2857142857142857 0.08147321428571429 0.0625
13 0.8560267857142857 0.21875 0.07477678571428571 0.060267857142857144
13 0.9631696428571429 0.15290178571428573 0.07366071428571429 0.06919642857142858
13 0.8794642857142857 0.10602678571428571 0.08147321428571429 0.060267857142857144
13 0.8381696428571429 0.06696428571428571 0.07924107142857142 0.0625
13 0.9029017857142857 0.026785714285714284 0.08705357142857142 0.052455357142857144
13 0.7589285714285714 0.06138392857142857 0.07924107142857142 0.0625
13 0.6752232142857143 0.06919642857142858 0.08705357142857142 0.06696428571428571
13 0.7209821428571429 0.20089285714285715 0.08147321428571429 0.0625
13 0.671875 0.25111607142857145 0.08147321428571429 0.0625
13 0.5881696428571429 0.2544642857142857 0.07700892857142858 0.0625
13 0.6495535714285714 0.3158482142857143 0.08928571428571429 0.0625
13 0.5636160714285714 0.32254464285714285 0.08147321428571429 0.0625
13 0.3794642857142857 0.09375 0.09598214285714286 0.07700892857142858
1 0.46316964285714285 0.23214285714285715 0.08705357142857142 0.06696428571428571
13 0.46763392857142855 0.30357142857142855 0.09151785714285714 0.0625
13 0.43861607142857145 0.36049107142857145 0.08147321428571429 0.0625
13 0.5122767857142857 0.40625 0.09151785714285714 0.06696428571428571
13 0.625 0.40625 0.11272321428571429 0.07700892857142858
13 0.5904017857142857 0.59375 0.08147321428571429 0.06473214285714286
13 0.5680803571428571 0.6741071428571429 0.09151785714285714 0.06919642857142858
13 0.6082589285714286 0.7366071428571429 0.09151785714285714 0.06919642857142858
13 0.5680803571428571 0.8013392857142857 0.08928571428571429 0.06696428571428571
13 0.5089285714285714 0.7544642857142857 0.08705357142857142 0.06696428571428571
13 0.44419642857142855 0.7075892857142857 0.08147321428571429 0.0625
13 0.5011160714285714 0.6026785714285714 0.08705357142857142 0.07254464285714286
13 0.4330357142857143 0.6395089285714286 0.08928571428571429 0.06473214285714286
13 0.43526785714285715 0.4497767857142857 0.09598214285714286 0.06473214285714286
13 0.5167410714285714 0.9352678571428571 0.08705357142857142 0.06919642857142858
13 0.34598214285714285 0.9464285714285714 0.08147321428571429 0.06696428571428571
13 0.40625 0.8236607142857143 0.08705357142857142 0.07254464285714286
13 0.3080357142857143 0.8169642857142857 0.08147321428571429 0.0625
13 0.26339285714285715 0.9553571428571429 0.07924107142857142 0.06696428571428571
13 0.17857142857142858 0.9464285714285714 0.08705357142857142 0.06696428571428571
13 0.234375 0.3638392857142857 0.09151785714285714 0.0625
13 0.19642857142857142 0.21540178571428573 0.08705357142857142 0.0625
13 0.19308035714285715 0.44642857142857145 0.09151785714285714 0.06696428571428571
13 0.3158482142857143 0.5881696428571429 0.08705357142857142 0.05803571428571429
13 0.34263392857142855 0.6462053571428571 0.08370535714285714 0.05803571428571429
13 0.2935267857142857 0.6930803571428571 0.08147321428571429 0.0625
13 0.26004464285714285 0.7511160714285714 0.07924107142857142 0.06473214285714286
13 0.19196428571428573 0.7879464285714286 0.07924107142857142 0.0625
13 0.11272321428571429 0.8102678571428571 0.08370535714285714 0.06696428571428571
13 0.15066964285714285 0.7220982142857143 0.08705357142857142 0.0625
13 0.20647321428571427 0.6752232142857143 0.08928571428571429 0.0625
13 0.19866071428571427 0.6082589285714286 0.09375 0.06696428571428571
13 0.07477678571428571 0.6964285714285714 0.07924107142857142 0.06473214285714286
13 0.09709821428571429 0.9620535714285714 0.08705357142857142 0.06696428571428571
13 0.06361607142857142 0.5044642857142857 0.08928571428571429 0.0625
13 0.036830357142857144 0.5691964285714286 0.07366071428571429 0.0625
13 0.8616071428571429 0.9241071428571429 0.08370535714285714 0.06696428571428571
13 0.9363839285714286 0.9631696428571429 0.08370535714285714 0.0625
13 0.8939732142857143 0.8627232142857143 0.08705357142857142 0.0625
13 0.4095982142857143 0.5357142857142857 0.08928571428571429 0.07700892857142858
13 0.30691964285714285 0.13727678571428573 0.08705357142857142 0.06696428571428571
13 0.48325892857142855 0.07700892857142858 0.08705357142857142 0.06696428571428571
13 0.6417410714285714 0.12946428571428573 0.08147321428571429 0.0625
13 0.8035714285714286 0.13950892857142858 0.08370535714285714 0.0625
13 0.2845982142857143 0.22879464285714285 0.08147321428571429 0.06696428571428571
13 0.29464285714285715 0.30580357142857145 0.08705357142857142 0.06473214285714286
13 0.5457589285714286 0.203125 0.08705357142857142 0.06473214285714286
13 0.7154017857142857 0.4419642857142857 0.08705357142857142 0.06696428571428571
13 0.20758928571428573 0.15625 0.11272321428571429 0.07700892857142858
13 0.21986607142857142 0.08928571428571429 0.08705357142857142 0.06696428571428571
13 0.19977678571428573 0.30691964285714285 0.07700892857142858 0.05803571428571429
13 0.7165178571428571 0.5970982142857143 0.08705357142857142 0.06696428571428571
13 0.6462053571428571 0.5524553571428571 0.07700892857142858 0.05803571428571429
13 0.3470982142857143 0.3549107142857143 0.08705357142857142 0.060267857142857144
5 0.7857142857142857 0.6316964285714286 0.07924107142857142 0.060267857142857144
12 0.12276785714285714 0.5100446428571429 0.029017857142857144 0.018973214285714284
12 0.6462053571428571 0.3638392857142857 0.03571428571428571 0.024553571428571428