18 0.39620535714285715 0.46651785714285715 0.10379464285714286 0.10825892857142858
16 0.6919642857142857 0.4497767857142857 0.07924107142857142 0.11272321428571429
19 0.07142857142857142 0.16294642857142858 0.14174107142857142 0.17745535714285715
12 0.7622767857142857 0.6529017857142857 0.026785714285714284 0.033482142857142856
12 0.6785714285714286 0.7366071428571429 0.018973214285714284 0.03125
13 0.46205357142857145 0.26339285714285715 0.07254464285714286 0.09821428571428571
13 0.5267857142857143 0.3125 0.08928571428571429 0.10602678571428571
13 0.5736607142857143 0.4185267857142857 0.06696428571428571 0.09821428571428571
13 0.6395089285714286 0.33370535714285715 0.09375 0.09821428571428571
13 0.8883928571428571 0.34933035714285715 0.08370535714285714 0.11830357142857142
13 0.8080357142857143 0.3939732142857143 0.07924107142857142 0.09821428571428571
13 0.06361607142857142 0.5446428571428571 0.08705357142857142 0.10602678571428571
13 0.3392857142857143 0.24665178571428573 0.07924107142857142 0.08705357142857142