9 0.3091517857142857 0.27455357142857145 0.45870535714285715 0.3314732142857143
13 0.6428571428571429 0.36160714285714285 0.20870535714285715 0.15625
3 0.7868303571428571 0.21986607142857142 0.4252232142857143 0.43973214285714285
13 0.5848214285714286 0.21763392857142858 0.09375 0.27120535714285715
13 0.8482142857142857 0.4029017857142857 0.23995535714285715 0.07477678571428571
13 0.5926339285714286 0.06473214285714286 0.10825892857142858 0.12946428571428573
13 0.20870535714285715 0.45200892857142855 0.3080357142857143 0.024553571428571428
13 0.044642857142857144 0.65625 0.08928571428571429 0.2544642857142857
13 0.4575892857142857 0.8816964285714286 0.16071428571428573 0.23549107142857142
13 0.12053571428571429 0.5736607142857143 0.23995535714285715 0.26674107142857145
13 0.5022321428571429 0.7857142857142857 0.07254464285714286 0.26004464285714285
0 0.1953125 0.8225446428571429 0.390625 0.3549107142857143
13 0.515625 0.5479910714285714 0.04575892857142857 0.21651785714285715
13 0.41517857142857145 0.6049107142857143 0.24776785714285715 0.24776785714285715
0 0.734375 0.6964285714285714 0.39174107142857145 0.5122767857142857