2 0.9587053571428571 0.7477678571428571 0.08147321428571429 0.07700892857142858
11 0.36607142857142855 0.8470982142857143 0.11272321428571429 0.07700892857142858
8 0.17745535714285715 0.33816964285714285 0.08147321428571429 0.052455357142857144
8 0.46875 0.47098214285714285 0.08705357142857142 0.06919642857142858
13 0.22098214285714285 0.4654017857142857 0.11272321428571429 0.07700892857142858
13 0.49776785714285715 0.7935267857142857 0.11272321428571429 0.07700892857142858
8 0.8426339285714286 0.21316964285714285 0.08705357142857142 0.06696428571428571
13 0.46875 0.07477678571428571 0.09598214285714286 0.06919642857142858
13 0.3939732142857143 0.125 0.11272321428571429 0.07700892857142858
13 0.20982142857142858 0.18080357142857142 0.10602678571428571 0.06919642857142858
11 0.5200892857142857 0.421875 0.11272321428571429 0.07700892857142858
11 0.21651785714285715 0.9430803571428571 0.08705357142857142 0.07700892857142858
13 0.04575892857142857 0.9073660714285714 0.09151785714285714 0.07700892857142858
13 0.12723214285714285 0.9274553571428571 0.11272321428571429 0.07924107142857142
13 0.06473214285714286 0.6261160714285714 0.11272321428571429 0.07700892857142858
13 0.29017857142857145 0.7845982142857143 0.11272321428571429 0.07700892857142858
13 0.3013392857142857 0.9263392857142857 0.11272321428571429 0.07700892857142858
15 0.23660714285714285 0.6752232142857143 0.09598214285714286 0.06696428571428571
13 0.48660714285714285 0.9486607142857143 0.10825892857142858 0.06696428571428571
13 0.46205357142857145 0.8660714285714286 0.09821428571428571 0.07924107142857142
13 0.5714285714285714 0.8270089285714286 0.11272321428571429 0.07700892857142858
13 0.5904017857142857 0.9419642857142857 0.11272321428571429 0.07700892857142858
13 0.6339285714285714 0.8738839285714286 0.11272321428571429 0.07924107142857142
13 0.19866071428571427 0.7555803571428571 0.11272321428571429 0.07924107142857142
13 0.19866071428571427 0.8191964285714286 0.11272321428571429 0.07924107142857142
13 0.27232142857142855 0.5993303571428571 0.11495535714285714 0.07477678571428571
13 0.2935267857142857 0.7243303571428571 0.11272321428571429 0.07700892857142858
13 0.3325892857142857 0.6395089285714286 0.11272321428571429 0.07700892857142858
13 0.16852678571428573 0.39955357142857145 0.10379464285714286 0.07254464285714286
13 0.08928571428571429 0.4408482142857143 0.11272321428571429 0.07700892857142858
11 0.06584821428571429 0.27120535714285715 0.09151785714285714 0.08928571428571429
13 0.3404017857142857 0.27566964285714285 0.11272321428571429 0.07700892857142858
13 0.12165178571428571 0.16183035714285715 0.11272321428571429 0.07700892857142858
13 0.04575892857142857 0.12165178571428571 0.09151785714285714 0.07700892857142858
13 0.31473214285714285 0.15959821428571427 0.11272321428571429 0.07700892857142858
11 0.4810267857142857 0.34486607142857145 0.11272321428571429 0.07700892857142858
13 0.5267857142857143 0.22767857142857142 0.08705357142857142 0.07924107142857142
11 0.5848214285714286 0.04352678571428571 0.11272321428571429 0.07700892857142858
13 0.7901785714285714 0.8805803571428571 0.11272321428571429 0.07924107142857142
13 0.6060267857142857 0.7689732142857143 0.11272321428571429 0.07700892857142858
13 0.5535714285714286 0.7176339285714286 0.11272321428571429 0.07700892857142858
13 0.5334821428571429 0.6506696428571429 0.11272321428571429 0.07700892857142858
13 0.5267857142857143 0.5837053571428571 0.09375 0.07700892857142858
13 0.6785714285714286 0.5970982142857143 0.11272321428571429 0.07700892857142858
13 0.78125 0.5647321428571429 0.11272321428571429 0.07700892857142858
13 0.7700892857142857 0.6674107142857143 0.11272321428571429 0.07924107142857142
13 0.9084821428571429 0.8270089285714286 0.11272321428571429 0.07700892857142858
13 0.8314732142857143 0.8058035714285714 0.11272321428571429 0.07924107142857142
13 0.9274553571428571 0.9575892857142857 0.08928571428571429 0.06696428571428571
13 0.6372767857142857 0.18638392857142858 0.11272321428571429 0.07700892857142858
13 0.6283482142857143 0.265625 0.11272321428571429 0.07700892857142858
13 0.5625 0.3169642857142857 0.11272321428571429 0.07700892857142858
13 0.6082589285714286 0.37611607142857145 0.11272321428571429 0.07700892857142858
13 0.6227678571428571 0.4564732142857143 0.11272321428571429 0.07700892857142858
1 0.6997767857142857 0.40625 0.11272321428571429 0.07700892857142858
13 0.7834821428571429 0.1875 0.11272321428571429 0.07700892857142858
13 0.7477678571428571 0.31138392857142855 0.11272321428571429 0.07700892857142858
13 0.8939732142857143 0.37388392857142855 0.11272321428571429 0.07700892857142858
13 0.40848214285714285 0.31138392857142855 0.11272321428571429 0.07700892857142858
13 0.5334821428571429 0.11383928571428571 0.11272321428571429 0.07700892857142858
13 0.10825892857142858 0.04799107142857143 0.10825892857142858 0.0625