12 0.34486607142857145 0.15290178571428573 0.09151785714285714 0.08928571428571429
13 0.14732142857142858 0.26674107142857145 0.26004464285714285 0.24553571428571427
13 0.03571428571428571 0.5167410714285714 0.07142857142857142 0.18080357142857142
6 0.3783482142857143 0.36830357142857145 0.24553571428571427 0.34151785714285715
13 0.07924107142857142 0.31138392857142855 0.15848214285714285 0.24776785714285715
13 0.49441964285714285 0.5189732142857143 0.20870535714285715 0.17745535714285715
13 0.5725446428571429 0.328125 0.21205357142857142 0.31919642857142855
13 0.07700892857142858 0.10825892857142858 0.15401785714285715 0.21651785714285715
13 0.15736607142857142 0.48214285714285715 0.3002232142857143 0.25223214285714285
13 0.4654017857142857 0.09933035714285714 0.203125 0.19866071428571427
13 0.6383928571428571 0.5368303571428571 0.07924107142857142 0.14174107142857142
3 0.9274553571428571 0.23995535714285715 0.140625 0.4799107142857143
13 0.49330357142857145 0.6774553571428571 0.3314732142857143 0.13950892857142858
13 0.27901785714285715 0.9743303571428571 0.26450892857142855 0.05022321428571429
13 0.12388392857142858 0.703125 0.21875 0.18973214285714285
13 0.08147321428571429 0.8738839285714286 0.16294642857142858 0.25223214285714285
13 0.6205357142857143 0.8616071428571429 0.11495535714285714 0.23325892857142858
10 0.8102678571428571 0.8526785714285714 0.26785714285714285 0.29464285714285715