18 0.4888392857142857 0.9341517857142857 0.06473214285714286 0.13169642857142858
14 0.203125 0.8482142857142857 0.0625 0.08705357142857142
7 0.09486607142857142 0.33705357142857145 0.08928571428571429 0.12723214285714285
7 0.140625 0.6127232142857143 0.07700892857142858 0.11272321428571429
11 0.4642857142857143 0.34598214285714285 0.08147321428571429 0.11495535714285714
11 0.6662946428571429 0.5022321428571429 0.07700892857142858 0.08705357142857142
17 0.3716517857142857 0.34598214285714285 0.07924107142857142 0.10825892857142858
17 0.8303571428571429 0.25111607142857145 0.08147321428571429 0.10602678571428571
17 0.8348214285714286 0.5435267857142857 0.08705357142857142 0.10602678571428571
11 0.8928571428571429 0.7366071428571429 0.08705357142857142 0.10602678571428571
12 0.13058035714285715 0.12388392857142858 0.024553571428571428 0.03125
12 0.45089285714285715 0.6529017857142857 0.021205357142857144 0.029017857142857144