13 0.9765625 0.8705357142857143 0.046875 0.23660714285714285
13 0.8270089285714286 0.44308035714285715 0.18526785714285715 0.25223214285714285
13 0.9542410714285714 0.05915178571428571 0.09151785714285714 0.11830357142857142
13 0.8683035714285714 0.9821428571428571 0.22544642857142858 0.03125
13 0.46316964285714285 0.026785714285714284 0.18080357142857142 0.052455357142857144
13 0.06919642857142858 0.9732142857142857 0.13839285714285715 0.049107142857142856
13 0.265625 0.05133928571428571 0.24107142857142858 0.10267857142857142
13 0.078125 0.48549107142857145 0.15625 0.27120535714285715
13 0.05022321428571429 0.8861607142857143 0.10044642857142858 0.21205357142857142
13 0.9441964285714286 0.3470982142857143 0.10602678571428571 0.20647321428571427
13 0.6785714285714286 0.044642857142857144 0.19754464285714285 0.08928571428571429
13 0.9475446428571429 0.5368303571428571 0.10491071428571429 0.22098214285714285
13 0.8381696428571429 0.09933035714285714 0.24330357142857142 0.19866071428571427
13 0.18526785714285715 0.27901785714285715 0.26450892857142855 0.21428571428571427
13 0.18526785714285715 0.11049107142857142 0.18973214285714285 0.17745535714285715
13 0.8761160714285714 0.8069196428571429 0.22098214285714285 0.2857142857142857
13 0.5212053571428571 0.19419642857142858 0.26674107142857145 0.20647321428571427
6 0.5301339285714286 0.5089285714285714 0.43973214285714285 0.43526785714285715
13 0.22879464285714285 0.6149553571428571 0.21651785714285715 0.21428571428571427
13 0.3716517857142857 0.7600446428571429 0.23549107142857142 0.22098214285714285
13 0.21205357142857142 0.8895089285714286 0.21205357142857142 0.22098214285714285