18 0.2767857142857143 0.8180803571428571 0.07254464285714286 0.14397321428571427
18 0.28013392857142855 0.38392857142857145 0.06473214285714286 0.07700892857142858
14 0.8136160714285714 0.23660714285714285 0.052455357142857144 0.07700892857142858
14 0.7712053571428571 0.16517857142857142 0.03794642857142857 0.08147321428571429
14 0.6417410714285714 0.390625 0.03794642857142857 0.08147321428571429
14 0.14397321428571427 0.4888392857142857 0.07477678571428571 0.04352678571428571
14 0.11941964285714286 0.5368303571428571 0.06696428571428571 0.05803571428571429
14 0.7979910714285714 0.5412946428571429 0.06696428571428571 0.05803571428571429
14 0.18080357142857142 0.15848214285714285 0.05803571428571429 0.04799107142857143
14 0.15178571428571427 0.36495535714285715 0.06473214285714286 0.0625
14 0.08147321428571429 0.22433035714285715 0.060267857142857144 0.08147321428571429
14 0.24776785714285715 0.12834821428571427 0.04799107142857143 0.0625
14 0.6573660714285714 0.9073660714285714 0.052455357142857144 0.05803571428571429
14 0.45535714285714285 0.6808035714285714 0.08147321428571429 0.07700892857142858
12 0.8917410714285714 0.5089285714285714 0.016741071428571428 0.024553571428571428
12 0.7098214285714286 0.30580357142857145 0.021205357142857144 0.029017857142857144
12 0.8303571428571429 0.14174107142857142 0.018973214285714284 0.029017857142857144
17 0.20089285714285715 0.5970982142857143 0.07254464285714286 0.08370535714285714
11 0.36941964285714285 0.43861607142857145 0.0625 0.11495535714285714
13 0.5870535714285714 0.3627232142857143 0.07254464285714286 0.09598214285714286
11 0.45089285714285715 0.5948660714285714 0.06919642857142858 0.09151785714285714
18 0.6886160714285714 0.025669642857142856 0.07700892857142858 0.05022321428571429