12 0.38058035714285715 0.017857142857142856 0.11830357142857142 0.03125
13 0.9520089285714286 0.765625 0.09151785714285714 0.2857142857142857
13 0.056919642857142856 0.8604910714285714 0.11272321428571429 0.2689732142857143
13 0.859375 0.046875 0.28125 0.09375
13 0.5892857142857143 0.05357142857142857 0.29464285714285715 0.10714285714285714
13 0.8638392857142857 0.5837053571428571 0.27120535714285715 0.25223214285714285
13 0.6618303571428571 0.8225446428571429 0.2935267857142857 0.25669642857142855
13 0.23214285714285715 0.06696428571428571 0.21428571428571427 0.13392857142857142
13 0.22433035714285715 0.9363839285714286 0.25669642857142855 0.12276785714285714
13 0.22433035714285715 0.7555803571428571 0.23325892857142858 0.25669642857142855
13 0.40401785714285715 0.20200892857142858 0.2689732142857143 0.23549107142857142
13 0.4252232142857143 0.8716517857142857 0.23995535714285715 0.22879464285714285
13 0.859375 0.9140625 0.28125 0.171875
3 0.5100446428571429 0.5446428571428571 0.5145089285714286 0.4877232142857143