15 0.049107142857142856 0.7299107142857143 0.04575892857142857 0.060267857142857144
15 0.07254464285714286 0.6618303571428571 0.05580357142857143 0.07254464285714286
15 0.2767857142857143 0.8772321428571429 0.0625 0.08147321428571429
15 0.29575892857142855 0.7176339285714286 0.05803571428571429 0.07700892857142858
15 0.36607142857142855 0.49776785714285715 0.05803571428571429 0.07700892857142858
15 0.390625 0.35825892857142855 0.06473214285714286 0.07477678571428571
15 0.41294642857142855 0.14174107142857142 0.05022321428571429 0.06696428571428571
15 0.3872767857142857 0.19084821428571427 0.05803571428571429 0.07254464285714286
15 0.3404017857142857 0.16964285714285715 0.052455357142857144 0.0625
15 0.140625 0.24107142857142858 0.052455357142857144 0.07254464285714286
15 0.06919642857142858 0.25111607142857145 0.05803571428571429 0.07700892857142858
15 0.11383928571428571 0.05022321428571429 0.060267857142857144 0.06696428571428571
15 0.5658482142857143 0.03459821428571429 0.05580357142857143 0.06696428571428571
15 0.20647321428571427 0.6729910714285714 0.05803571428571429 0.06919642857142858
15 0.32924107142857145 0.6383928571428571 0.060267857142857144 0.08147321428571429
15 0.44419642857142855 0.5948660714285714 0.052455357142857144 0.07254464285714286
15 0.42410714285714285 0.515625 0.052455357142857144 0.07477678571428571
15 0.5892857142857143 0.47544642857142855 0.05580357142857143 0.07254464285714286
15 0.5513392857142857 0.5256696428571429 0.05803571428571429 0.07254464285714286
15 0.6763392857142857 0.3091517857142857 0.05580357142857143 0.07700892857142858
15 0.6238839285714286 0.09151785714285714 0.060267857142857144 0.08705357142857142
15 0.5200892857142857 0.7779017857142857 0.052455357142857144 0.07254464285714286
15 0.5803571428571429 0.6964285714285714 0.05580357142857143 0.07254464285714286
15 0.6183035714285714 0.7700892857142857 0.05022321428571429 0.07477678571428571
15 0.6685267857142857 0.7700892857142857 0.052455357142857144 0.06919642857142858
15 0.5770089285714286 0.8258928571428571 0.060267857142857144 0.07700892857142858
15 0.7745535714285714 0.515625 0.060267857142857144 0.07700892857142858
15 0.8805803571428571 0.31138392857142855 0.052455357142857144 0.08147321428571429
15 0.9319196428571429 0.29575892857142855 0.052455357142857144 0.06696428571428571
15 0.9508928571428571 0.25111607142857145 0.05803571428571429 0.07477678571428571
15 0.9720982142857143 0.18861607142857142 0.04799107142857143 0.06473214285714286
15 0.8236607142857143 0.31138392857142855 0.05803571428571429 0.08147321428571429
15 0.8582589285714286 0.39174107142857145 0.06696428571428571 0.08147321428571429
15 0.8493303571428571 0.026785714285714284 0.05803571428571429 0.052455357142857144
15 0.11830357142857142 0.9430803571428571 0.05803571428571429 0.07924107142857142
15 0.2935267857142857 0.20200892857142858 0.0625 0.07924107142857142
15 0.47433035714285715 0.5345982142857143 0.05803571428571429 0.07477678571428571
15 0.5647321428571429 0.9598214285714286 0.0625 0.07700892857142858
15 0.8537946428571429 0.703125 0.052455357142857144 0.07477678571428571
15 0.8370535714285714 0.7779017857142857 0.05022321428571429 0.06696428571428571
15 0.4263392857142857 0.21428571428571427 0.05803571428571429 0.07477678571428571
15 0.45200892857142855 0.36049107142857145 0.0625 0.07254464285714286
15 0.4654017857142857 0.27901785714285715 0.05803571428571429 0.07254464285714286
15 0.8917410714285714 0.8504464285714286 0.06696428571428571 0.08147321428571429
15 0.6205357142857143 0.9754464285714286 0.0625 0.04799107142857143
15 0.27901785714285715 0.9709821428571429 0.0625 0.05803571428571429
15 0.024553571428571428 0.04352678571428571 0.04799107142857143 0.06473214285714286
15 0.33482142857142855 0.03125 0.05580357142857143 0.0625
15 0.09263392857142858 0.12165178571428571 0.04799107142857143 0.06696428571428571
15 0.22433035714285715 0.5055803571428571 0.05803571428571429 0.07700892857142858
15 0.25223214285714285 0.041294642857142856 0.0625 0.08147321428571429
8 0.09151785714285714 0.49330357142857145 0.04799107142857143 0.06919642857142858
8 0.30691964285714285 0.10825892857142858 0.05803571428571429 0.07254464285714286
13 0.04352678571428571 0.17299107142857142 0.05803571428571429 0.07700892857142858
13 0.21205357142857142 0.11607142857142858 0.06696428571428571 0.08147321428571429
13 0.17522321428571427 0.03459821428571429 0.060267857142857144 0.06919642857142858
13 0.22544642857142858 0.3158482142857143 0.07254464285714286 0.09151785714285714
13 0.23883928571428573 0.23102678571428573 0.05803571428571429 0.07254464285714286
13 0.2845982142857143 0.43638392857142855 0.06696428571428571 0.08928571428571429
13 0.22209821428571427 0.40401785714285715 0.0625 0.08147321428571429
13 0.390625 0.27901785714285715 0.0625 0.07700892857142858
15 0.4107142857142857 0.4263392857142857 0.05580357142857143 0.07700892857142858
15 0.47879464285714285 0.05580357142857143 0.06696428571428571 0.08705357142857142
15 0.5357142857142857 0.13504464285714285 0.05580357142857143 0.06696428571428571
13 0.5881696428571429 0.4029017857142857 0.06473214285714286 0.07700892857142858
13 0.6316964285714286 0.35379464285714285 0.0625 0.08928571428571429
11 0.8794642857142857 0.14955357142857142 0.07700892857142858 0.07700892857142858
13 0.8459821428571429 0.23102678571428573 0.0625 0.08147321428571429
15 0.625 0.5323660714285714 0.052455357142857144 0.07477678571428571
15 0.6707589285714286 0.5145089285714286 0.060267857142857144 0.06696428571428571
8 0.22991071428571427 0.5803571428571429 0.05803571428571429 0.07254464285714286
8 0.29129464285714285 0.5122767857142857 0.05803571428571429 0.06696428571428571
13 0.34933035714285715 0.5680803571428571 0.0625 0.07700892857142858
13 0.29017857142857145 0.5848214285714286 0.05803571428571429 0.07700892857142858
15 0.125 0.5814732142857143 0.05803571428571429 0.07254464285714286
8 0.18526785714285715 0.7466517857142857 0.05803571428571429 0.07700892857142858
13 0.16183035714285715 0.8816964285714286 0.0625 0.07924107142857142
13 0.21875 0.8582589285714286 0.05803571428571429 0.07254464285714286
13 0.5457589285714286 0.6395089285714286 0.06696428571428571 0.08928571428571429
13 0.9397321428571429 0.7410714285714286 0.06473214285714286 0.08705357142857142
13 0.05803571428571429 0.9587053571428571 0.060267857142857144 0.08147321428571429
15 0.4575892857142857 0.8962053571428571 0.05803571428571429 0.08147321428571429
13 0.6104910714285714 0.6071428571428571 0.06696428571428571 0.08705357142857142
15 0.6741071428571429 0.6417410714285714 0.0625 0.08370535714285714
13 0.5 0.7064732142857143 0.0625 0.08147321428571429
15 0.734375 0.34598214285714285 0.05803571428571429 0.07254464285714286
15 0.9151785714285714 0.9419642857142857 0.0625 0.07477678571428571
13 0.7220982142857143 0.25669642857142855 0.060267857142857144 0.07477678571428571
13 0.7622767857142857 0.19754464285714285 0.0625 0.08147321428571429
13 0.8102678571428571 0.14174107142857142 0.05803571428571429 0.08147321428571429
13 0.7912946428571429 0.8683035714285714 0.0625 0.08147321428571429
13 0.8459821428571429 0.9363839285714286 0.0625 0.08705357142857142
13 0.7399553571428571 0.8136160714285714 0.05803571428571429 0.07700892857142858
13 0.7455357142857143 0.6707589285714286 0.060267857142857144 0.07700892857142858
15 0.515625 0.8571428571428571 0.0625 0.08705357142857142
15 0.4185267857142857 0.9508928571428571 0.0625 0.07700892857142858
15 0.4799107142857143 0.9419642857142857 0.04799107142857143 0.06696428571428571
15 0.046875 0.3013392857142857 0.052455357142857144 0.0625