3 0.24776785714285715 0.17075892857142858 0.4419642857142857 0.34151785714285715
6 0.6774553571428571 0.3125 0.4185267857142857 0.19196428571428573
13 0.044642857142857144 0.78125 0.08928571428571429 0.26004464285714285
13 0.11830357142857142 0.6908482142857143 0.23549107142857142 0.25223214285714285
6 0.28236607142857145 0.8448660714285714 0.37276785714285715 0.31026785714285715
13 0.09151785714285714 0.9441964285714286 0.18303571428571427 0.11049107142857142
13 0.11049107142857142 0.5089285714285714 0.22098214285714285 0.19977678571428573
13 0.43973214285714285 0.8292410714285714 0.05803571428571429 0.2935267857142857
13 0.3247767857142857 0.5011160714285714 0.27901785714285715 0.18526785714285715
13 0.43638392857142855 0.5435267857142857 0.06473214285714286 0.2689732142857143
10 0.6540178571428571 0.7053571428571429 0.3705357142857143 0.48325892857142855