15 0.09821428571428571 0.11272321428571429 0.07700892857142858 0.11272321428571429
15 0.16964285714285715 0.15625 0.05803571428571429 0.06696428571428571
15 0.29017857142857145 0.05357142857142857 0.07589285714285714 0.10714285714285714
15 0.10379464285714286 0.44308035714285715 0.06473214285714286 0.08370535714285714
15 0.049107142857142856 0.6160714285714286 0.0625 0.07924107142857142
15 0.06473214285714286 0.6819196428571429 0.060267857142857144 0.08705357142857142
15 0.21540178571428573 0.5736607142857143 0.06919642857142858 0.09821428571428571
15 0.19866071428571427 0.4888392857142857 0.05580357142857143 0.08147321428571429
15 0.26785714285714285 0.5513392857142857 0.060267857142857144 0.08928571428571429
15 0.17857142857142858 0.6674107142857143 0.060267857142857144 0.08705357142857142
15 0.08147321428571429 0.7823660714285714 0.05022321428571429 0.07477678571428571
15 0.3783482142857143 0.7488839285714286 0.05580357142857143 0.07700892857142858
15 0.5212053571428571 0.5569196428571429 0.07924107142857142 0.11272321428571429
15 0.5435267857142857 0.44754464285714285 0.05803571428571429 0.08147321428571429
15 0.6383928571428571 0.43638392857142855 0.06473214285714286 0.08928571428571429
15 0.6517857142857143 0.34933035714285715 0.05580357142857143 0.08147321428571429
11 0.7064732142857143 0.3638392857142857 0.060267857142857144 0.08928571428571429
15 0.42075892857142855 0.09709821428571429 0.05803571428571429 0.08147321428571429
15 0.41183035714285715 0.16071428571428573 0.052455357142857144 0.08705357142857142
15 0.75 0.11830357142857142 0.05022321428571429 0.07924107142857142
15 0.7667410714285714 0.30245535714285715 0.06473214285714286 0.08705357142857142
15 0.8694196428571429 0.20982142857142858 0.07924107142857142 0.11272321428571429
15 0.6573660714285714 0.6752232142857143 0.060267857142857144 0.08705357142857142
15 0.7120535714285714 0.5970982142857143 0.07924107142857142 0.11272321428571429
15 0.7477678571428571 0.6674107142857143 0.06696428571428571 0.08370535714285714
15 0.7477678571428571 0.75 0.0625 0.08928571428571429
15 0.8314732142857143 0.7232142857142857 0.05803571428571429 0.07924107142857142
15 0.8571428571428571 0.8526785714285714 0.05803571428571429 0.08147321428571429
15 0.8995535714285714 0.7979910714285714 0.05580357142857143 0.07477678571428571
15 0.5457589285714286 0.26785714285714285 0.060267857142857144 0.08705357142857142
15 0.30691964285714285 0.7957589285714286 0.07700892857142858 0.11272321428571429
1 0.359375 0.49888392857142855 0.06919642857142858 0.08147321428571429