15 0.14620535714285715 0.8147321428571429 0.06696428571428571 0.052455357142857144
15 0.22991071428571427 0.6897321428571429 0.08147321428571429 0.0625
15 0.19419642857142858 0.49888392857142855 0.07254464285714286 0.05022321428571429
15 0.15066964285714285 0.5412946428571429 0.07254464285714286 0.05580357142857143
15 0.3470982142857143 0.47098214285714285 0.07700892857142858 0.052455357142857144
15 0.7622767857142857 0.8013392857142857 0.07700892857142858 0.05803571428571429
15 0.6004464285714286 0.8660714285714286 0.06919642857142858 0.04799107142857143
15 0.6138392857142857 0.8136160714285714 0.07254464285714286 0.05022321428571429
15 0.20089285714285715 0.36941964285714285 0.0625 0.05022321428571429
15 0.4174107142857143 0.14174107142857142 0.07477678571428571 0.052455357142857144
15 0.7611607142857143 0.22098214285714285 0.07254464285714286 0.05580357142857143
15 0.765625 0.11272321428571429 0.07700892857142858 0.0625
15 0.859375 0.5111607142857143 0.06696428571428571 0.05022321428571429
15 0.7879464285714286 0.4174107142857143 0.060267857142857144 0.05803571428571429
12 0.3939732142857143 0.9241071428571429 0.033482142857142856 0.024553571428571428
12 0.3091517857142857 0.6462053571428571 0.03794642857142857 0.024553571428571428
12 0.16517857142857142 0.44419642857142855 0.029017857142857144 0.021205357142857144
12 0.41294642857142855 0.203125 0.03794642857142857 0.018973214285714284
12 0.16071428571428573 0.05580357142857143 0.03571428571428571 0.021205357142857144