13 0.8828125 0.016741071428571428 0.234375 0.033482142857142856
13 0.8582589285714286 0.9854910714285714 0.23995535714285715 0.029017857142857144
13 0.19977678571428573 0.3716517857142857 0.22321428571428573 0.2857142857142857
13 0.9441964285714286 0.5881696428571429 0.11049107142857142 0.20424107142857142
13 0.9308035714285714 0.8716517857142857 0.13504464285714285 0.20424107142857142
13 0.20647321428571427 0.03571428571428571 0.24776785714285715 0.07142857142857142
13 0.44308035714285715 0.8325892857142857 0.21428571428571427 0.25
13 0.96875 0.28013392857142855 0.0625 0.19419642857142858
13 0.8549107142857143 0.31361607142857145 0.20870535714285715 0.3169642857142857
13 0.06361607142857142 0.9397321428571429 0.12723214285714285 0.12053571428571429
6 0.4877232142857143 0.47098214285714285 0.39174107142857145 0.40848214285714285
13 0.7879464285714286 0.5502232142857143 0.22879464285714285 0.17745535714285715
13 0.6763392857142857 0.7299107142857143 0.26004464285714285 0.22098214285714285
13 0.38058035714285715 0.15401785714285715 0.23995535714285715 0.22544642857142858
13 0.25892857142857145 0.9207589285714286 0.19419642857142858 0.15848214285714285
13 0.08705357142857142 0.5479910714285714 0.17299107142857142 0.21428571428571427