13 0.24107142857142858 0.14508928571428573 0.11272321428571429 0.07700892857142858
13 0.0625 0.09933035714285714 0.11272321428571429 0.07700892857142858
11 0.0625 0.21316964285714285 0.08370535714285714 0.07700892857142858
13 0.11383928571428571 0.16071428571428573 0.11272321428571429 0.07700892857142858
13 0.06361607142857142 0.296875 0.09821428571428571 0.07254464285714286
16 0.07700892857142858 0.37611607142857145 0.11272321428571429 0.07700892857142858
16 0.13727678571428573 0.5066964285714286 0.09375 0.07477678571428571
13 0.31473214285714285 0.04575892857142857 0.11272321428571429 0.07700892857142858
15 0.22544642857142858 0.34375 0.11272321428571429 0.07700892857142858
13 0.32700892857142855 0.3392857142857143 0.11272321428571429 0.07700892857142858
13 0.40401785714285715 0.2845982142857143 0.11272321428571429 0.07700892857142858
13 0.19642857142857142 0.26674107142857145 0.11272321428571429 0.07700892857142858
15 0.21540178571428573 0.46651785714285715 0.11272321428571429 0.07700892857142858
13 0.4174107142857143 0.37611607142857145 0.11272321428571429 0.07700892857142858
13 0.3404017857142857 0.42299107142857145 0.11272321428571429 0.07700892857142858
13 0.5915178571428571 0.3013392857142857 0.11272321428571429 0.07700892857142858
13 0.5535714285714286 0.4029017857142857 0.11272321428571429 0.07700892857142858
13 0.6149553571428571 0.19419642857142858 0.11272321428571429 0.07700892857142858
15 0.625 0.6026785714285714 0.11272321428571429 0.07700892857142858
15 0.3482142857142857 0.6082589285714286 0.11272321428571429 0.07700892857142858
16 0.14285714285714285 0.8024553571428571 0.11272321428571429 0.07700892857142858
8 0.28236607142857145 0.6808035714285714 0.07254464285714286 0.05803571428571429
8 0.5301339285714286 0.7198660714285714 0.08147321428571429 0.07254464285714286
11 0.06584821428571429 0.47767857142857145 0.09375 0.07700892857142858
11 0.28125 0.9631696428571429 0.08482142857142858 0.07366071428571429
11 0.33816964285714285 0.7388392857142857 0.10044642857142858 0.0625
13 0.44308035714285715 0.6964285714285714 0.11272321428571429 0.07700892857142858
13 0.3939732142857143 0.8415178571428571 0.11272321428571429 0.07924107142857142
13 0.07254464285714286 0.5558035714285714 0.11272321428571429 0.07700892857142858
13 0.15625 0.5870535714285714 0.11272321428571429 0.07700892857142858
13 0.16852678571428573 0.6830357142857143 0.11272321428571429 0.07924107142857142
13 0.08370535714285714 0.6863839285714286 0.08705357142857142 0.07924107142857142
13 0.04352678571428571 0.8180803571428571 0.08705357142857142 0.07700892857142858
13 0.10267857142857142 0.9073660714285714 0.11272321428571429 0.07700892857142858
13 0.36495535714285715 0.9609375 0.11383928571428571 0.078125
11 0.24665178571428573 0.7745535714285714 0.09151785714285714 0.07924107142857142
15 0.5814732142857143 0.8928571428571429 0.11272321428571429 0.07700892857142858
15 0.6674107142857143 0.7533482142857143 0.11272321428571429 0.07700892857142858
16 0.7488839285714286 0.71875 0.11272321428571429 0.07700892857142858
13 0.734375 0.9129464285714286 0.08928571428571429 0.07254464285714286
13 0.9609375 0.9486607142857143 0.078125 0.07589285714285714
13 0.9118303571428571 0.8950892857142857 0.09151785714285714 0.06473214285714286
13 0.8716517857142857 0.9698660714285714 0.11272321428571429 0.060267857142857144
13 0.8292410714285714 0.9207589285714286 0.11272321428571429 0.07700892857142858
11 0.5792410714285714 0.7979910714285714 0.11272321428571429 0.07700892857142858
13 0.59375 0.9654017857142857 0.11272321428571429 0.06919642857142858
11 0.8136160714285714 0.5569196428571429 0.09375 0.07254464285714286
13 0.8839285714285714 0.6194196428571429 0.11272321428571429 0.07700892857142858
13 0.9040178571428571 0.4375 0.11272321428571429 0.07700892857142858
13 0.8627232142857143 0.48549107142857145 0.11272321428571429 0.07700892857142858
13 0.8727678571428571 0.37388392857142855 0.11272321428571429 0.07700892857142858
13 0.9430803571428571 0.3013392857142857 0.11272321428571429 0.07700892857142858
11 0.6975446428571429 0.18303571428571427 0.09598214285714286 0.07700892857142858
13 0.9475446428571429 0.16183035714285715 0.10491071428571429 0.078125
13 0.5848214285714286 0.46763392857142855 0.11272321428571429 0.07700892857142858
13 0.5334821428571429 0.5323660714285714 0.11272321428571429 0.07700892857142858
13 0.49441964285714285 0.34375 0.11272321428571429 0.07700892857142858
15 0.84375 0.21428571428571427 0.08928571428571429 0.07477678571428571
13 0.8214285714285714 0.6729910714285714 0.11272321428571429 0.07700892857142858
13 0.7801339285714286 0.4330357142857143 0.11272321428571429 0.07700892857142858
13 0.7466517857142857 0.36830357142857145 0.11272321428571429 0.07700892857142858
8 0.17857142857142858 0.8861607142857143 0.08705357142857142 0.0625
8 0.6752232142857143 0.8448660714285714 0.07254464285714286 0.05580357142857143
8 0.7611607142857143 0.8158482142857143 0.09598214285714286 0.060267857142857144
8 0.8415178571428571 0.8459821428571429 0.07477678571428571 0.060267857142857144
8 0.96875 0.8214285714285714 0.0625 0.06696428571428571