10 0.2767857142857143 0.15401785714285715 0.5379464285714286 0.3080357142857143
3 0.875 0.15401785714285715 0.25 0.3080357142857143
13 0.3002232142857143 0.9430803571428571 0.30245535714285715 0.11272321428571429
0 0.34151785714285715 0.7477678571428571 0.5044642857142857 0.5044642857142857
13 0.21875 0.35044642857142855 0.26004464285714285 0.08705357142857142
13 0.09933035714285714 0.9252232142857143 0.19866071428571427 0.14955357142857142
13 0.6506696428571429 0.39174107142857145 0.19977678571428573 0.16852678571428573
13 0.33705357142857145 0.44308035714285715 0.28348214285714285 0.2622767857142857
13 0.6060267857142857 0.5691964285714286 0.26004464285714285 0.23325892857142858
13 0.09821428571428571 0.5479910714285714 0.19642857142857142 0.265625
13 0.6908482142857143 0.7477678571428571 0.11830357142857142 0.26004464285714285
13 0.06584821428571429 0.7756696428571429 0.13169642857142858 0.25223214285714285
13 0.5502232142857143 0.9229910714285714 0.27455357142857145 0.15401785714285715
9 0.875 0.734375 0.25 0.53125
13 0.8761160714285714 0.40736607142857145 0.24776785714285715 0.19977678571428573
13 0.7790178571428571 0.41964285714285715 0.05803571428571429 0.22321428571428573