2 0.25223214285714285 0.041294642857142856 0.07700892857142858 0.08147321428571429
11 0.15290178571428573 0.6339285714285714 0.07700892857142858 0.11272321428571429
8 0.6618303571428571 0.8225446428571429 0.052455357142857144 0.08147321428571429
8 0.5290178571428571 0.53125 0.06919642857142858 0.08705357142857142
13 0.5345982142857143 0.7790178571428571 0.07700892857142858 0.11272321428571429
13 0.20647321428571427 0.5022321428571429 0.07700892857142858 0.11272321428571429
8 0.7868303571428571 0.15736607142857142 0.06696428571428571 0.08705357142857142
13 0.9252232142857143 0.53125 0.06919642857142858 0.09598214285714286
13 0.875 0.6060267857142857 0.07700892857142858 0.11272321428571429
13 0.8191964285714286 0.7901785714285714 0.06919642857142858 0.10602678571428571
11 0.578125 0.4799107142857143 0.07700892857142858 0.11272321428571429
11 0.056919642857142856 0.7834821428571429 0.07700892857142858 0.08705357142857142
13 0.09263392857142858 0.9542410714285714 0.07700892857142858 0.09151785714285714
13 0.07254464285714286 0.8727678571428571 0.07700892857142858 0.11272321428571429
13 0.37388392857142855 0.9352678571428571 0.07700892857142858 0.11272321428571429
13 0.21540178571428573 0.7098214285714286 0.07700892857142858 0.11272321428571429
13 0.07366071428571429 0.6986607142857143 0.07700892857142858 0.11272321428571429
15 0.3247767857142857 0.7633928571428571 0.06696428571428571 0.09598214285714286
13 0.05133928571428571 0.5133928571428571 0.06696428571428571 0.10825892857142858
13 0.13392857142857142 0.5379464285714286 0.07924107142857142 0.09821428571428571
13 0.17299107142857142 0.42857142857142855 0.07700892857142858 0.11272321428571429
13 0.05803571428571429 0.4095982142857143 0.07700892857142858 0.11272321428571429
13 0.12611607142857142 0.36607142857142855 0.07700892857142858 0.11272321428571429
13 0.24441964285714285 0.8013392857142857 0.07700892857142858 0.11272321428571429
13 0.18080357142857142 0.8013392857142857 0.07700892857142858 0.11272321428571429
13 0.40066964285714285 0.7276785714285714 0.07477678571428571 0.11495535714285714
13 0.27566964285714285 0.7064732142857143 0.07700892857142858 0.11272321428571429
13 0.36049107142857145 0.6674107142857143 0.07700892857142858 0.11272321428571429
13 0.6004464285714286 0.8314732142857143 0.07254464285714286 0.10379464285714286
13 0.5591517857142857 0.9107142857142857 0.07700892857142858 0.11272321428571429
11 0.7287946428571429 0.9341517857142857 0.08928571428571429 0.09151785714285714
13 0.7243303571428571 0.6595982142857143 0.07700892857142858 0.11272321428571429
13 0.8381696428571429 0.8783482142857143 0.07700892857142858 0.11272321428571429
13 0.8783482142857143 0.9542410714285714 0.07700892857142858 0.09151785714285714
13 0.8404017857142857 0.6852678571428571 0.07700892857142858 0.11272321428571429
11 0.6551339285714286 0.5189732142857143 0.07700892857142858 0.11272321428571429
13 0.7723214285714286 0.4732142857142857 0.07924107142857142 0.08705357142857142
11 0.9564732142857143 0.41517857142857145 0.07700892857142858 0.11272321428571429
13 0.11941964285714286 0.20982142857142858 0.07700892857142858 0.11272321428571429
13 0.23102678571428573 0.3939732142857143 0.07700892857142858 0.11272321428571429
13 0.28236607142857145 0.44642857142857145 0.07700892857142858 0.11272321428571429
13 0.34933035714285715 0.46651785714285715 0.07700892857142858 0.11272321428571429
13 0.41629464285714285 0.4732142857142857 0.07700892857142858 0.09375
13 0.4029017857142857 0.32142857142857145 0.07700892857142858 0.11272321428571429
13 0.43526785714285715 0.21875 0.07700892857142858 0.11272321428571429
13 0.3325892857142857 0.22991071428571427 0.07700892857142858 0.11272321428571429
13 0.17299107142857142 0.09151785714285714 0.07700892857142858 0.11272321428571429
13 0.19419642857142858 0.16852678571428573 0.07700892857142858 0.11272321428571429
13 0.04241071428571429 0.07254464285714286 0.06696428571428571 0.08928571428571429
13 0.8136160714285714 0.3627232142857143 0.07700892857142858 0.11272321428571429
13 0.734375 0.3716517857142857 0.07700892857142858 0.11272321428571429
13 0.6830357142857143 0.4375 0.07700892857142858 0.11272321428571429
13 0.6238839285714286 0.39174107142857145 0.07700892857142858 0.11272321428571429
13 0.5435267857142857 0.37723214285714285 0.07700892857142858 0.11272321428571429
1 0.59375 0.3002232142857143 0.07700892857142858 0.11272321428571429
13 0.8125 0.21651785714285715 0.07700892857142858 0.11272321428571429
13 0.6886160714285714 0.25223214285714285 0.07700892857142858 0.11272321428571429
13 0.6261160714285714 0.10602678571428571 0.07700892857142858 0.11272321428571429
13 0.6886160714285714 0.5915178571428571 0.07700892857142858 0.11272321428571429
13 0.8861607142857143 0.46651785714285715 0.07700892857142858 0.11272321428571429
13 0.9520089285714286 0.8917410714285714 0.0625 0.10825892857142858