16 0.8683035714285714 0.9508928571428571 0.07700892857142858 0.09821428571428571
2 0.5301339285714286 0.8493303571428571 0.0625 0.10602678571428571
16 0.12388392857142858 0.44642857142857145 0.06696428571428571 0.09598214285714286
17 0.44419642857142855 0.18191964285714285 0.06919642857142858 0.09151785714285714
11 0.3950892857142857 0.7622767857142857 0.052455357142857144 0.09151785714285714
5 0.30245535714285715 0.5267857142857143 0.06696428571428571 0.09598214285714286
14 0.8370535714285714 0.8158482142857143 0.06696428571428571 0.06696428571428571
17 0.5055803571428571 0.03794642857142857 0.07366071428571429 0.07589285714285714
17 0.12834821428571427 0.5848214285714286 0.07254464285714286 0.09375
17 0.04017857142857143 0.5200892857142857 0.06696428571428571 0.11049107142857142
17 0.4017857142857143 0.30357142857142855 0.07254464285714286 0.10602678571428571
17 0.14508928571428573 0.025669642857142856 0.07924107142857142 0.05022321428571429