16 0.6104910714285714 0.8861607142857143 0.07700892857142858 0.11272321428571429
16 0.3013392857142857 0.24107142857142858 0.07700892857142858 0.11272321428571429
16 0.2700892857142857 0.14174107142857142 0.07700892857142858 0.11272321428571429
13 0.5200892857142857 0.4408482142857143 0.07700892857142858 0.11272321428571429
15 0.3002232142857143 0.6283482142857143 0.07700892857142858 0.11272321428571429
13 0.08482142857142858 0.0625 0.06696428571428571 0.09151785714285714
13 0.19196428571428573 0.9542410714285714 0.07700892857142858 0.09151785714285714
13 0.6071428571428571 0.9542410714285714 0.07924107142857142 0.09151785714285714
13 0.12834821428571427 0.9497767857142857 0.06473214285714286 0.10044642857142858
11 0.9129464285714286 0.9341517857142857 0.07700892857142858 0.11272321428571429
13 0.9609375 0.7678571428571429 0.078125 0.11160714285714286
13 0.7042410714285714 0.7310267857142857 0.07700892857142858 0.11272321428571429
13 0.12834821428571427 0.71875 0.0625 0.10044642857142858
13 0.024553571428571428 0.6785714285714286 0.04799107142857143 0.11272321428571429
13 0.46763392857142855 0.6607142857142857 0.07254464285714286 0.10044642857142858
13 0.03236607142857143 0.6082589285714286 0.0625 0.11272321428571429
13 0.21763392857142858 0.5647321428571429 0.07700892857142858 0.11272321428571429
13 0.9397321428571429 0.5602678571428571 0.07254464285714286 0.09598214285714286
13 0.7756696428571429 0.5223214285714286 0.07700892857142858 0.11272321428571429
13 0.026785714285714284 0.5 0.052455357142857144 0.11272321428571429
13 0.453125 0.5122767857142857 0.07700892857142858 0.11272321428571429
13 0.9743303571428571 0.49107142857142855 0.05022321428571429 0.11272321428571429
13 0.625 0.47433035714285715 0.07700892857142858 0.11272321428571429
8 0.9341517857142857 0.453125 0.06696428571428571 0.08147321428571429
8 0.8738839285714286 0.4486607142857143 0.052455357142857144 0.08147321428571429
13 0.03125 0.40736607142857145 0.0625 0.11272321428571429
13 0.6729910714285714 0.41183035714285715 0.07700892857142858 0.11272321428571429
13 0.8169642857142857 0.38839285714285715 0.06696428571428571 0.07254464285714286
13 0.5446428571428571 0.36607142857142855 0.07477678571428571 0.10602678571428571
13 0.03125 0.33816964285714285 0.0625 0.11272321428571429
7 0.8683035714285714 0.32254464285714285 0.07700892857142858 0.09821428571428571
13 0.3549107142857143 0.31026785714285715 0.07700892857142858 0.11272321428571429
13 0.42857142857142855 0.296875 0.07700892857142858 0.08705357142857142
13 0.49776785714285715 0.25892857142857145 0.0625 0.09598214285714286
13 0.5636160714285714 0.23549107142857142 0.07700892857142858 0.08705357142857142
13 0.39174107142857145 0.23883928571428573 0.07700892857142858 0.11272321428571429
13 0.03571428571428571 0.21763392857142858 0.07142857142857142 0.11383928571428571
13 0.6629464285714286 0.21540178571428573 0.07700892857142858 0.09598214285714286
13 0.8716517857142857 0.15066964285714285 0.07700892857142858 0.11272321428571429
16 0.3314732142857143 0.6897321428571429 0.07700892857142858 0.11272321428571429
16 0.45424107142857145 0.9095982142857143 0.07700892857142858 0.11272321428571429
16 0.7287946428571429 0.9084821428571429 0.07700892857142858 0.11272321428571429
18 0.7131696428571429 0.5714285714285714 0.07700892857142858 0.125
18 0.7388392857142857 0.43080357142857145 0.07700892857142858 0.11272321428571429
14 0.08928571428571429 0.16964285714285715 0.07700892857142858 0.09598214285714286
11 0.5479910714285714 0.6819196428571429 0.07700892857142858 0.11272321428571429
8 0.9408482142857143 0.08370535714285714 0.0625 0.08147321428571429
13 0.8616071428571429 0.044642857142857144 0.07924107142857142 0.08928571428571429
8 0.7879464285714286 0.07477678571428571 0.0625 0.07700892857142858
13 0.7834821428571429 0.19196428571428573 0.07254464285714286 0.09151785714285714
13 0.7645089285714286 0.24776785714285715 0.07700892857142858 0.11272321428571429
8 0.8995535714285714 0.23995535714285715 0.06696428571428571 0.07700892857142858
13 0.6607142857142857 0.04799107142857143 0.07700892857142858 0.09598214285714286
13 0.5111607142857143 0.0625 0.07700892857142858 0.09375
13 0.43861607142857145 0.08147321428571429 0.07254464285714286 0.09151785714285714
13 0.36049107142857145 0.08705357142857142 0.0625 0.09151785714285714
13 0.3794642857142857 0.13727678571428573 0.07700892857142858 0.11272321428571429
13 0.21651785714285715 0.0625 0.06696428571428571 0.10044642857142858
13 0.13058035714285715 0.11272321428571429 0.07700892857142858 0.11272321428571429
13 0.16741071428571427 0.17633928571428573 0.07700892857142858 0.11272321428571429
13 0.13727678571428573 0.23883928571428573 0.07700892857142858 0.11272321428571429
13 0.07924107142857142 0.29017857142857145 0.07700892857142858 0.11272321428571429
13 0.19308035714285715 0.3125 0.07700892857142858 0.11272321428571429
13 0.21316964285714285 0.3950892857142857 0.07700892857142858 0.11272321428571429
13 0.19754464285714285 0.46651785714285715 0.07700892857142858 0.11272321428571429
13 0.12834821428571427 0.45424107142857145 0.07700892857142858 0.11272321428571429
13 0.09263392857142858 0.4375 0.07700892857142858 0.11272321428571429
13 0.06808035714285714 0.5591517857142857 0.07700892857142858 0.11272321428571429
13 0.0625 0.6819196428571429 0.07700892857142858 0.11272321428571429
13 0.20870535714285715 0.7154017857142857 0.07700892857142858 0.11272321428571429
13 0.23995535714285715 0.6283482142857143 0.07700892857142858 0.11272321428571429
13 0.29129464285714285 0.31473214285714285 0.07700892857142858 0.11272321428571429
13 0.28794642857142855 0.47767857142857145 0.07924107142857142 0.09151785714285714
13 0.28013392857142855 0.5591517857142857 0.07700892857142858 0.11272321428571429
13 0.3482142857142857 0.6037946428571429 0.07700892857142858 0.11272321428571429
7 0.38504464285714285 0.7455357142857143 0.07700892857142858 0.11272321428571429
13 0.2611607142857143 0.875 0.07254464285714286 0.09151785714285714
13 0.15959821428571427 0.8660714285714286 0.07700892857142858 0.11272321428571429
13 0.05580357142857143 0.9319196428571429 0.07700892857142858 0.09151785714285714
13 0.5435267857142857 0.8839285714285714 0.07700892857142858 0.11272321428571429
13 0.5200892857142857 0.9229910714285714 0.07700892857142858 0.11272321428571429
13 0.46316964285714285 0.8214285714285714 0.07700892857142858 0.09151785714285714
13 0.5647321428571429 0.5881696428571429 0.07700892857142858 0.10602678571428571
13 0.6060267857142857 0.6127232142857143 0.07700892857142858 0.11272321428571429
13 0.49776785714285715 0.5792410714285714 0.06696428571428571 0.08705357142857142
13 0.8537946428571429 0.9006696428571429 0.07700892857142858 0.11272321428571429
13 0.9185267857142857 0.8158482142857143 0.07700892857142858 0.11272321428571429
13 0.84375 0.8069196428571429 0.07700892857142858 0.11272321428571429
13 0.6417410714285714 0.6785714285714286 0.07700892857142858 0.11272321428571429
13 0.7020089285714286 0.32142857142857145 0.07700892857142858 0.11272321428571429
13 0.6540178571428571 0.32589285714285715 0.0625 0.08705357142857142
13 0.24441964285714285 0.21651785714285715 0.07700892857142858 0.11272321428571429
13 0.5345982142857143 0.7790178571428571 0.07700892857142858 0.11272321428571429
14 0.2857142857142857 0.38392857142857145 0.07700892857142858 0.11272321428571429
14 0.45870535714285715 0.4341517857142857 0.07700892857142858 0.11272321428571429
14 0.296875 0.8069196428571429 0.07700892857142858 0.08928571428571429
14 0.7444196428571429 0.8348214285714286 0.07700892857142858 0.11272321428571429
14 0.6439732142857143 0.7622767857142857 0.07700892857142858 0.11272321428571429
13 0.6495535714285714 0.8292410714285714 0.07700892857142858 0.11272321428571429
13 0.3950892857142857 0.8348214285714286 0.07700892857142858 0.11272321428571429
8 0.8426339285714286 0.5133928571428571 0.0625 0.07254464285714286
8 0.6060267857142857 0.37388392857142855 0.06696428571428571 0.08705357142857142
13 0.8348214285714286 0.734375 0.08147321428571429 0.08928571428571429
11 0.4810267857142857 0.35267857142857145 0.07477678571428571 0.09598214285714286
13 0.20647321428571427 0.8058035714285714 0.07254464285714286 0.09598214285714286