1 0.4799107142857143 0.3638392857142857 0.06919642857142858 0.09598214285714286
1 0.3404017857142857 0.6875 0.07700892857142858 0.11272321428571429
1 0.33705357142857145 0.8482142857142857 0.06696428571428571 0.09598214285714286
1 0.18303571428571427 0.8537946428571429 0.07477678571428571 0.10379464285714286
1 0.8761160714285714 0.5736607142857143 0.07700892857142858 0.11272321428571429
17 0.5948660714285714 0.34598214285714285 0.07700892857142858 0.11272321428571429
17 0.24441964285714285 0.9419642857142857 0.07700892857142858 0.09151785714285714
17 0.060267857142857144 0.9017857142857143 0.07254464285714286 0.10602678571428571
17 0.17299107142857142 0.49888392857142855 0.07700892857142858 0.11272321428571429
17 0.18415178571428573 0.41183035714285715 0.06696428571428571 0.10044642857142858
17 0.46875 0.17075892857142858 0.07700892857142858 0.11272321428571429
5 0.43861607142857145 0.8772321428571429 0.07700892857142858 0.11272321428571429
5 0.04352678571428571 0.8125 0.07700892857142858 0.11272321428571429
5 0.0625 0.5814732142857143 0.07700892857142858 0.11272321428571429
1 0.078125 0.13392857142857142 0.07700892857142858 0.11272321428571429
5 0.23325892857142858 0.23883928571428573 0.07700892857142858 0.11272321428571429
15 0.6417410714285714 0.20089285714285715 0.06696428571428571 0.10044642857142858
15 0.6372767857142857 0.38058035714285715 0.06696428571428571 0.08705357142857142
1 0.48214285714285715 0.7522321428571429 0.07254464285714286 0.09151785714285714
1 0.5993303571428571 0.13392857142857142 0.07700892857142858 0.11272321428571429
1 0.39955357142857145 0.11272321428571429 0.07700892857142858 0.11272321428571429
15 0.8694196428571429 0.4341517857142857 0.07254464285714286 0.10044642857142858
15 0.7466517857142857 0.5100446428571429 0.060267857142857144 0.08705357142857142
13 0.7901785714285714 0.37723214285714285 0.07700892857142858 0.11272321428571429
13 0.8660714285714286 0.20758928571428573 0.07700892857142858 0.10044642857142858
13 0.9542410714285714 0.33816964285714285 0.07700892857142858 0.11272321428571429
13 0.9397321428571429 0.23883928571428573 0.07700892857142858 0.11272321428571429
13 0.9308035714285714 0.4252232142857143 0.07700892857142858 0.11272321428571429
13 0.6417410714285714 0.6908482142857143 0.07700892857142858 0.11272321428571429
13 0.48995535714285715 0.6573660714285714 0.06696428571428571 0.09598214285714286
13 0.40513392857142855 0.6060267857142857 0.07254464285714286 0.10602678571428571
13 0.21428571428571427 0.6852678571428571 0.07700892857142858 0.11272321428571429
13 0.34375 0.20424107142857142 0.07700892857142858 0.11272321428571429
12 0.7310267857142857 0.7901785714285714 0.04575892857142857 0.06696428571428571
12 0.8236607142857143 0.8805803571428571 0.03794642857142857 0.07477678571428571
12 0.8895089285714286 0.7321428571428571 0.03794642857142857 0.0625
12 0.33370535714285715 0.4720982142857143 0.03794642857142857 0.052455357142857144
12 0.39955357142857145 0.16852678571428573 0.026785714285714284 0.03794642857142857
12 0.19866071428571427 0.14732142857142858 0.029017857142857144 0.04799107142857143
12 0.22433035714285715 0.42857142857142855 0.03794642857142857 0.052455357142857144