6 0.11495535714285714 0.049107142857142856 0.22991071428571427 0.09821428571428571
3 0.8102678571428571 0.18080357142857142 0.3794642857142857 0.09598214285714286
13 0.11495535714285714 0.30580357142857145 0.20200892857142858 0.15401785714285715
13 0.26785714285714285 0.36049107142857145 0.22321428571428573 0.26450892857142855
13 0.09933035714285714 0.7131696428571429 0.19866071428571427 0.2700892857142857
13 0.2857142857142857 0.31361607142857145 0.1875 0.17075892857142858
3 0.30580357142857145 0.7220982142857143 0.14955357142857142 0.46875
13 0.16852678571428573 0.5412946428571429 0.2622767857142857 0.25
13 0.20870535714285715 0.9095982142857143 0.23549107142857142 0.18080357142857142
12 0.890625 0.8560267857142857 0.07254464285714286 0.06919642857142858
0 0.7689732142857143 0.6205357142857143 0.46205357142857145 0.47098214285714285
13 0.8515625 0.921875 0.296875 0.15625
13 0.9754464285714286 0.7488839285714286 0.04799107142857143 0.24330357142857142
13 0.46316964285714285 0.35267857142857145 0.16629464285714285 0.24776785714285715
13 0.6004464285714286 0.9107142857142857 0.23549107142857142 0.17745535714285715
13 0.8928571428571429 0.35267857142857145 0.21428571428571427 0.22879464285714285