1 0.5033482142857143 0.4185267857142857 0.07700892857142858 0.11272321428571429
1 0.40625 0.28683035714285715 0.07700892857142858 0.11272321428571429
1 0.3158482142857143 0.28683035714285715 0.07700892857142858 0.11272321428571429
1 0.375 0.12834821428571427 0.07700892857142858 0.11272321428571429
1 0.37388392857142855 0.056919642857142856 0.07700892857142858 0.11272321428571429
1 0.47879464285714285 0.052455357142857144 0.078125 0.10491071428571429
1 0.6529017857142857 0.20647321428571427 0.07700892857142858 0.11272321428571429
1 0.8705357142857143 0.5424107142857143 0.07700892857142858 0.11272321428571429
1 0.8939732142857143 0.2622767857142857 0.07700892857142858 0.11272321428571429
1 0.8337053571428571 0.16183035714285715 0.07700892857142858 0.11272321428571429
1 0.9162946428571429 0.08482142857142858 0.07700892857142858 0.11272321428571429
1 0.9508928571428571 0.044642857142857144 0.07924107142857142 0.08928571428571429
1 0.11049107142857142 0.28683035714285715 0.07700892857142858 0.11272321428571429
1 0.30691964285714285 0.20758928571428573 0.07700892857142858 0.11272321428571429
1 0.6316964285714286 0.4810267857142857 0.07700892857142858 0.11272321428571429
11 0.7689732142857143 0.6875 0.07700892857142858 0.11272321428571429
13 0.7857142857142857 0.9397321428571429 0.07700892857142858 0.11272321428571429
1 0.6049107142857143 0.5479910714285714 0.07700892857142858 0.11272321428571429
1 0.5669642857142857 0.37723214285714285 0.07700892857142858 0.11272321428571429
1 0.6138392857142857 0.13392857142857142 0.07700892857142858 0.11272321428571429
1 0.46875 0.3404017857142857 0.07700892857142858 0.11272321428571429
1 0.453125 0.036830357142857144 0.07589285714285714 0.07366071428571429
1 0.22209821428571427 0.04017857142857143 0.07700892857142858 0.07924107142857142
1 0.6752232142857143 0.05022321428571429 0.07700892857142858 0.10044642857142858
13 0.11049107142857142 0.052455357142857144 0.078125 0.10491071428571429
13 0.16071428571428573 0.11383928571428571 0.07700892857142858 0.11272321428571429
13 0.9654017857142857 0.18191964285714285 0.06919642857142858 0.11272321428571429
13 0.28683035714285715 0.39174107142857145 0.07700892857142858 0.11272321428571429
13 0.6808035714285714 0.4375 0.07700892857142858 0.11272321428571429
1 0.19754464285714285 0.43973214285714285 0.07700892857142858 0.11272321428571429
13 0.2611607142857143 0.4888392857142857 0.07700892857142858 0.11272321428571429
13 0.78125 0.5647321428571429 0.07700892857142858 0.11272321428571429
13 0.4252232142857143 0.5825892857142857 0.07700892857142858 0.11272321428571429
13 0.7064732142857143 0.5993303571428571 0.07700892857142858 0.11272321428571429
13 0.25 0.6049107142857143 0.07700892857142858 0.11272321428571429
13 0.07477678571428571 0.6138392857142857 0.07700892857142858 0.11272321428571429
13 0.6395089285714286 0.6361607142857143 0.07700892857142858 0.11272321428571429
13 0.8247767857142857 0.6372767857142857 0.07700892857142858 0.11272321428571429
13 0.3783482142857143 0.65625 0.07700892857142858 0.11272321428571429
13 0.46986607142857145 0.6529017857142857 0.07700892857142858 0.11272321428571429
13 0.28794642857142855 0.6763392857142857 0.07700892857142858 0.11272321428571429
13 0.5379464285714286 0.6841517857142857 0.07700892857142858 0.11272321428571429
13 0.890625 0.7131696428571429 0.07700892857142858 0.11272321428571429
11 0.9497767857142857 0.7700892857142857 0.07700892857142858 0.11272321428571429
13 0.5680803571428571 0.8560267857142857 0.07700892857142858 0.11272321428571429
11 0.47433035714285715 0.8627232142857143 0.07700892857142858 0.11272321428571429
13 0.11941964285714286 0.8716517857142857 0.07700892857142858 0.11272321428571429
13 0.9441964285714286 0.8772321428571429 0.07700892857142858 0.11272321428571429
13 0.39174107142857145 0.8872767857142857 0.07700892857142858 0.11272321428571429
13 0.6462053571428571 0.9151785714285714 0.07700892857142858 0.11272321428571429
13 0.8537946428571429 0.9207589285714286 0.07700892857142858 0.11272321428571429
13 0.5580357142857143 0.9453125 0.07589285714285714 0.109375
13 0.27566964285714285 0.9542410714285714 0.07700892857142858 0.09151785714285714
13 0.3950892857142857 0.9564732142857143 0.07700892857142858 0.08705357142857142
13 0.9609375 0.9520089285714286 0.078125 0.09598214285714286
13 0.7310267857142857 0.9006696428571429 0.07700892857142858 0.11272321428571429
13 0.7176339285714286 0.8415178571428571 0.07700892857142858 0.11272321428571429
13 0.234375 0.13727678571428573 0.07700892857142858 0.11272321428571429
13 0.29129464285714285 0.13616071428571427 0.07700892857142858 0.11272321428571429
13 0.328125 0.049107142857142856 0.07700892857142858 0.09598214285714286
13 0.20647321428571427 0.21651785714285715 0.07700892857142858 0.11272321428571429
13 0.19084821428571427 0.28683035714285715 0.07700892857142858 0.11272321428571429
13 0.20870535714285715 0.35825892857142855 0.07700892857142858 0.11272321428571429
13 0.13504464285714285 0.6930803571428571 0.07700892857142858 0.11272321428571429
13 0.21540178571428573 0.6897321428571429 0.07700892857142858 0.11272321428571429
13 0.14397321428571427 0.5814732142857143 0.07700892857142858 0.11272321428571429
13 0.14955357142857142 0.48549107142857145 0.07700892857142858 0.11272321428571429
13 0.07142857142857142 0.453125 0.07700892857142858 0.11272321428571429
13 0.06808035714285714 0.36941964285714285 0.07700892857142858 0.11272321428571429
13 0.07366071428571429 0.16741071428571427 0.07700892857142858 0.11272321428571429
13 0.43861607142857145 0.18191964285714285 0.07700892857142858 0.11272321428571429
11 0.25111607142857145 0.8080357142857143 0.07700892857142858 0.11272321428571429
13 0.171875 0.8091517857142857 0.07700892857142858 0.11272321428571429
13 0.15959821428571427 0.9352678571428571 0.07700892857142858 0.11272321428571429
13 0.9330357142857143 0.38839285714285715 0.07254464285714286 0.09151785714285714
13 0.8013392857142857 0.34933035714285715 0.07700892857142858 0.11272321428571429
13 0.8582589285714286 0.3247767857142857 0.07700892857142858 0.11272321428571429
1 0.7712053571428571 0.42857142857142855 0.07700892857142858 0.11272321428571429
1 0.7377232142857143 0.35825892857142855 0.07700892857142858 0.11272321428571429
1 0.65625 0.34151785714285715 0.07700892857142858 0.11272321428571429
1 0.65625 0.27901785714285715 0.07700892857142858 0.11272321428571429
1 0.8013392857142857 0.11607142857142858 0.07700892857142858 0.11272321428571429
1 0.7912946428571429 0.07142857142857142 0.07700892857142858 0.11272321428571429
1 0.8783482142857143 0.056919642857142856 0.07700892857142858 0.11272321428571429
1 0.5379464285714286 0.125 0.07700892857142858 0.11272321428571429
1 0.5513392857142857 0.052455357142857144 0.07589285714285714 0.10491071428571429
13 0.31361607142857145 0.5535714285714286 0.07700892857142858 0.11272321428571429
1 0.36830357142857145 0.5200892857142857 0.07700892857142858 0.11272321428571429
13 0.46205357142857145 0.5122767857142857 0.07700892857142858 0.11272321428571429
13 0.5122767857142857 0.5167410714285714 0.07700892857142858 0.09151785714285714
13 0.4720982142857143 0.15066964285714285 0.07700892857142858 0.11272321428571429
13 0.7287946428571429 0.19084821428571427 0.07700892857142858 0.11272321428571429
11 0.7511160714285714 0.78125 0.07700892857142858 0.11272321428571429
18 0.11049107142857142 0.9542410714285714 0.08147321428571429 0.09151785714285714
15 0.06361607142857142 0.8247767857142857 0.07700892857142858 0.11272321428571429
13 0.09486607142857142 0.7723214285714286 0.07700892857142858 0.11272321428571429
1 0.9732142857142857 0.6361607142857143 0.052455357142857144 0.11272321428571429
1 0.9174107142857143 0.6339285714285714 0.07700892857142858 0.11272321428571429
1 0.9051339285714286 0.4497767857142857 0.07700892857142858 0.11272321428571429
1 0.8270089285714286 0.49107142857142855 0.07700892857142858 0.11272321428571429
15 0.8136160714285714 0.8180803571428571 0.07700892857142858 0.11272321428571429
13 0.8225446428571429 0.7689732142857143 0.07700892857142858 0.11272321428571429
13 0.6618303571428571 0.8158482142857143 0.07700892857142858 0.11272321428571429
13 0.5870535714285714 0.7723214285714286 0.07700892857142858 0.11272321428571429
11 0.06808035714285714 0.6997767857142857 0.07700892857142858 0.09598214285714286