13 0.9676339285714286 0.640625 0.06473214285714286 0.2622767857142857
13 0.08928571428571429 0.04352678571428571 0.17745535714285715 0.08705357142857142
13 0.5145089285714286 0.9743303571428571 0.20647321428571427 0.05022321428571429
13 0.0625 0.8125 0.125 0.20870535714285715
12 0.8504464285714286 0.2845982142857143 0.08705357142857142 0.07477678571428571
13 0.7555803571428571 0.9475446428571429 0.2622767857142857 0.10044642857142858
3 0.49107142857142855 0.5100446428571429 0.43973214285714285 0.44754464285714285
13 0.28683035714285715 0.9441964285714286 0.23102678571428573 0.11049107142857142
13 0.17075892857142858 0.6450892857142857 0.23549107142857142 0.21205357142857142
13 0.8761160714285714 0.7991071428571429 0.23102678571428573 0.1875
13 0.8805803571428571 0.4877232142857143 0.21651785714285715 0.21651785714285715
13 0.42857142857142855 0.8180803571428571 0.22544642857142858 0.21651785714285715
13 0.5234375 0.08370535714285714 0.2611607142857143 0.16741071428571427
13 0.2622767857142857 0.2622767857142857 0.23549107142857142 0.21651785714285715
13 0.6752232142857143 0.23660714285714285 0.23325892857142858 0.20424107142857142