13 0.05357142857142857 0.24776785714285715 0.10714285714285714 0.21875
13 0.9397321428571429 0.060267857142857144 0.10825892857142858 0.11495535714285714
13 0.421875 0.9319196428571429 0.22321428571428573 0.13616071428571427
13 0.26004464285714285 0.027901785714285716 0.1875 0.05580357142857143
13 0.7845982142857143 0.030133928571428572 0.22544642857142858 0.060267857142857144
6 0.5 0.5033482142857143 0.34598214285714285 0.43973214285714285
12 0.12723214285714285 0.7299107142857143 0.09598214285714286 0.07700892857142858
13 0.9441964285714286 0.36049107142857145 0.11049107142857142 0.21875
13 0.27566964285714285 0.3404017857142857 0.23325892857142858 0.19754464285714285
13 0.07477678571428571 0.45200892857142855 0.14955357142857142 0.21205357142857142
13 0.8839285714285714 0.5591517857142857 0.22879464285714285 0.22098214285714285
13 0.19308035714285715 0.8761160714285714 0.24776785714285715 0.23102678571428573
13 0.4732142857142857 0.10491071428571429 0.21428571428571427 0.19977678571428573
13 0.23883928571428573 0.5680803571428571 0.22321428571428573 0.23549107142857142
13 0.46316964285714285 0.8415178571428571 0.21875 0.21205357142857142
13 0.28013392857142855 0.20200892857142858 0.20647321428571427 0.22879464285714285
13 0.671875 0.17745535714285715 0.18973214285714285 0.27455357142857145
13 0.6975446428571429 0.6729910714285714 0.21205357142857142 0.21651785714285715
13 0.6975446428571429 0.8883928571428571 0.23325892857142858 0.21875
13 0.9051339285714286 0.90625 0.17745535714285715 0.1875