18 0.5044642857142857 0.6551339285714286 0.07477678571428571 0.10602678571428571
18 0.9207589285714286 0.9609375 0.078125 0.078125
11 0.44308035714285715 0.3158482142857143 0.07924107142857142 0.11272321428571429
11 0.46986607142857145 0.19642857142857142 0.07924107142857142 0.11272321428571429
13 0.7087053571428571 0.7310267857142857 0.07924107142857142 0.11272321428571429
13 0.7823660714285714 0.6685267857142857 0.07924107142857142 0.11272321428571429
13 0.6194196428571429 0.7064732142857143 0.07924107142857142 0.11272321428571429
13 0.6808035714285714 0.4408482142857143 0.07924107142857142 0.11272321428571429
15 0.7957589285714286 0.5457589285714286 0.06696428571428571 0.08928571428571429
13 0.36941964285714285 0.5680803571428571 0.07924107142857142 0.11272321428571429
13 0.30357142857142855 0.5870535714285714 0.07924107142857142 0.11272321428571429
13 0.3158482142857143 0.7064732142857143 0.07924107142857142 0.11272321428571429
13 0.34263392857142855 0.4575892857142857 0.07924107142857142 0.11272321428571429
13 0.39620535714285715 0.3872767857142857 0.07924107142857142 0.11272321428571429
13 0.49888392857142855 0.38950892857142855 0.07700892857142858 0.11272321428571429
13 0.3404017857142857 0.31473214285714285 0.07924107142857142 0.11272321428571429
13 0.26674107142857145 0.32700892857142855 0.07924107142857142 0.11272321428571429
11 0.38950892857142855 0.23772321428571427 0.07924107142857142 0.11272321428571429
13 0.13058035714285715 0.17857142857142858 0.07924107142857142 0.11272321428571429
13 0.06696428571428571 0.15625 0.07924107142857142 0.11272321428571429
13 0.15513392857142858 0.2845982142857143 0.07924107142857142 0.11272321428571429
13 0.06138392857142857 0.41183035714285715 0.07924107142857142 0.11272321428571429
13 0.2533482142857143 0.09598214285714286 0.07924107142857142 0.11272321428571429
13 0.15290178571428573 0.11607142857142858 0.07700892857142858 0.11272321428571429
11 0.4185267857142857 0.15178571428571427 0.07924107142857142 0.11272321428571429
13 0.30580357142857145 0.04575892857142857 0.07700892857142858 0.09151785714285714
13 0.36049107142857145 0.12388392857142858 0.07924107142857142 0.11272321428571429
13 0.29799107142857145 0.19866071428571427 0.07924107142857142 0.11272321428571429
13 0.2611607142857143 0.21651785714285715 0.07924107142857142 0.11272321428571429
13 0.43191964285714285 0.056919642857142856 0.07924107142857142 0.11272321428571429
13 0.5189732142857143 0.08482142857142858 0.07924107142857142 0.11272321428571429
13 0.5725446428571429 0.12276785714285714 0.07924107142857142 0.11272321428571429
1 0.07477678571428571 0.24888392857142858 0.07477678571428571 0.10379464285714286
11 0.24441964285714285 0.6127232142857143 0.07700892857142858 0.11272321428571429
11 0.7064732142857143 0.24107142857142858 0.07924107142857142 0.11272321428571429
13 0.7622767857142857 0.18973214285714285 0.07924107142857142 0.11272321428571429
11 0.5825892857142857 0.3325892857142857 0.07924107142857142 0.11272321428571429
13 0.7801339285714286 0.3560267857142857 0.07924107142857142 0.11272321428571429
13 0.6395089285714286 0.5279017857142857 0.07924107142857142 0.11272321428571429
13 0.06584821428571429 0.7957589285714286 0.07924107142857142 0.11272321428571429
13 0.11049107142857142 0.7299107142857143 0.07924107142857142 0.11272321428571429
13 0.030133928571428572 0.7321428571428571 0.060267857142857144 0.11272321428571429
13 0.11495535714285714 0.4654017857142857 0.07924107142857142 0.11272321428571429
13 0.12388392857142858 0.5535714285714286 0.07924107142857142 0.11272321428571429
13 0.11495535714285714 0.6395089285714286 0.07924107142857142 0.11272321428571429
13 0.16629464285714285 0.7868303571428571 0.07924107142857142 0.11272321428571429
13 0.2533482142857143 0.8002232142857143 0.07924107142857142 0.11272321428571429
11 0.04575892857142857 0.9252232142857143 0.07924107142857142 0.09598214285714286
13 0.4642857142857143 0.7354910714285714 0.07924107142857142 0.11272321428571429
13 0.4185267857142857 0.8158482142857143 0.07924107142857142 0.11272321428571429
13 0.44754464285714285 0.8872767857142857 0.07924107142857142 0.11272321428571429
13 0.578125 0.8950892857142857 0.07924107142857142 0.11272321428571429
8 0.6305803571428571 0.796875 0.07254464285714286 0.09151785714285714
13 0.8158482142857143 0.8526785714285714 0.07924107142857142 0.11272321428571429
13 0.9408482142857143 0.8270089285714286 0.07924107142857142 0.11272321428571429
13 0.8638392857142857 0.8102678571428571 0.07924107142857142 0.11272321428571429
13 0.9542410714285714 0.7466517857142857 0.07924107142857142 0.11272321428571429
13 0.9620535714285714 0.21986607142857142 0.07589285714285714 0.11383928571428571
13 0.6305803571428571 0.20647321428571427 0.07924107142857142 0.11272321428571429
13 0.5892857142857143 0.4575892857142857 0.07924107142857142 0.11272321428571429
13 0.6037946428571429 0.6082589285714286 0.07924107142857142 0.11272321428571429
13 0.5011160714285714 0.8292410714285714 0.07924107142857142 0.11272321428571429
13 0.4497767857142857 0.6595982142857143 0.07924107142857142 0.11272321428571429
13 0.2845982142857143 0.90625 0.07924107142857142 0.11272321428571429
11 0.5323660714285714 0.578125 0.07924107142857142 0.08705357142857142
11 0.23883928571428573 0.7131696428571429 0.07924107142857142 0.11272321428571429
13 0.26339285714285715 0.46205357142857145 0.06696428571428571 0.08928571428571429
13 0.04575892857142857 0.5200892857142857 0.07924107142857142 0.11272321428571429
13 0.7511160714285714 0.8292410714285714 0.07924107142857142 0.11272321428571429
13 0.6930803571428571 0.8638392857142857 0.07924107142857142 0.11272321428571429
11 0.8973214285714286 0.16071428571428573 0.07254464285714286 0.08928571428571429
15 0.12276785714285714 0.9408482142857143 0.07254464285714286 0.09375
1 0.23772321428571427 0.9587053571428571 0.0625 0.08147321428571429
14 0.10491071428571429 0.07700892857142858 0.06696428571428571 0.09151785714285714
2 0.6830357142857143 0.12611607142857142 0.060267857142857144 0.10602678571428571
2 0.8002232142857143 0.4720982142857143 0.06919642857142858 0.07700892857142858
15 0.20200892857142858 0.18303571428571427 0.06473214285714286 0.09598214285714286