2 0.22098214285714285 0.27901785714285715 0.11272321428571429 0.06696428571428571
2 0.19642857142857142 0.39620535714285715 0.11272321428571429 0.07700892857142858
18 0.05915178571428571 0.43638392857142855 0.11272321428571429 0.07700892857142858
2 0.24776785714285715 0.5558035714285714 0.11272321428571429 0.07700892857142858
11 0.20758928571428573 0.6149553571428571 0.11272321428571429 0.07700892857142858
2 0.15959821428571427 0.6004464285714286 0.07254464285714286 0.07700892857142858
11 0.3013392857142857 0.49441964285714285 0.08147321428571429 0.07700892857142858
2 0.3392857142857143 0.6071428571428571 0.07924107142857142 0.06919642857142858
2 0.3236607142857143 0.7388392857142857 0.11272321428571429 0.07700892857142858
11 0.2544642857142857 0.7555803571428571 0.10825892857142858 0.06919642857142858
2 0.3939732142857143 0.7700892857142857 0.0625 0.07700892857142858
11 0.42299107142857145 0.6071428571428571 0.07924107142857142 0.0625
11 0.4330357142857143 0.5345982142857143 0.09598214285714286 0.052455357142857144
2 0.49330357142857145 0.5379464285714286 0.07254464285714286 0.07700892857142858
2 0.4888392857142857 0.44419642857142855 0.07700892857142858 0.08705357142857142
11 0.43080357142857145 0.4017857142857143 0.07700892857142858 0.06696428571428571
11 0.30580357142857145 0.38839285714285715 0.09598214285714286 0.06696428571428571
11 0.2544642857142857 0.3482142857142857 0.07254464285714286 0.06696428571428571
2 0.044642857142857144 0.2857142857142857 0.08147321428571429 0.07477678571428571
2 0.6026785714285714 0.06361607142857142 0.07700892857142858 0.08147321428571429
11 0.5569196428571429 0.25 0.08147321428571429 0.07700892857142858
11 0.5837053571428571 0.3247767857142857 0.09598214285714286 0.06919642857142858
2 0.7220982142857143 0.625 0.09151785714285714 0.0625
11 0.6852678571428571 0.6573660714285714 0.07700892857142858 0.052455357142857144
11 0.5613839285714286 0.5915178571428571 0.08147321428571429 0.06696428571428571
11 0.609375 0.6785714285714286 0.08705357142857142 0.0625
11 0.5948660714285714 0.7366071428571429 0.09598214285714286 0.05803571428571429
14 0.7176339285714286 0.703125 0.08928571428571429 0.0625
14 0.34933035714285715 0.15959821428571427 0.06473214285714286 0.06696428571428571
11 0.9464285714285714 0.33705357142857145 0.10714285714285714 0.0625
11 0.8035714285714286 0.4029017857142857 0.10044642857142858 0.06696428571428571
11 0.7220982142857143 0.24553571428571427 0.09151785714285714 0.04575892857142857
11 0.7209821428571429 0.30691964285714285 0.08705357142857142 0.06696428571428571
11 0.7209821428571429 0.1875 0.08147321428571429 0.052455357142857144
11 0.9553571428571429 0.15625 0.08928571428571429 0.07700892857142858
11 0.9162946428571429 0.24107142857142858 0.08147321428571429 0.07700892857142858
2 0.9196428571428571 0.28683035714285715 0.09598214285714286 0.05803571428571429
2 0.8236607142857143 0.78125 0.07700892857142858 0.07477678571428571
11 0.7935267857142857 0.8883928571428571 0.08147321428571429 0.07700892857142858
11 0.7254464285714286 0.9386160714285714 0.08147321428571429 0.06696428571428571
2 0.6372767857142857 0.9709821428571429 0.11272321428571429 0.05022321428571429
2 0.5479910714285714 0.9185267857142857 0.07924107142857142 0.08147321428571429
11 0.6897321428571429 0.8872767857142857 0.08705357142857142 0.0625
11 0.8013392857142857 0.6875 0.08370535714285714 0.07477678571428571
11 0.9308035714285714 0.8783482142857143 0.09598214285714286 0.06473214285714286
2 0.31473214285714285 0.8939732142857143 0.09821428571428571 0.05803571428571429
11 0.23102678571428573 0.8526785714285714 0.08928571428571429 0.07924107142857142
11 0.17299107142857142 0.8973214285714286 0.08147321428571429 0.06473214285714286
2 0.12611607142857142 0.84375 0.09821428571428571 0.05022321428571429
11 0.21763392857142858 0.703125 0.09598214285714286 0.060267857142857144
2 0.5691964285714286 0.8247767857142857 0.09598214285714286 0.05803571428571429
11 0.23325892857142858 0.4575892857142857 0.09151785714285714 0.05803571428571429
11 0.16852678571428573 0.48660714285714285 0.07477678571428571 0.07254464285714286
11 0.04241071428571429 0.47879464285714285 0.07477678571428571 0.07700892857142858
11 0.11272321428571429 0.3002232142857143 0.07924107142857142 0.07477678571428571
11 0.03236607142857143 0.13727678571428573 0.06473214285714286 0.07700892857142858
11 0.052455357142857144 0.07254464285714286 0.06696428571428571 0.07477678571428571
11 0.12053571428571429 0.03125 0.07700892857142858 0.0625
2 0.47544642857142855 0.05022321428571429 0.07477678571428571 0.09151785714285714
11 0.39620535714285715 0.0625 0.07700892857142858 0.07254464285714286
11 0.32254464285714285 0.07477678571428571 0.08147321428571429 0.07254464285714286
2 0.21205357142857142 0.06138392857142857 0.10825892857142858 0.0625
2 0.34598214285714285 0.9631696428571429 0.08928571428571429 0.05803571428571429
11 0.5011160714285714 0.7544642857142857 0.08147321428571429 0.06696428571428571
11 0.4185267857142857 0.6774553571428571 0.07477678571428571 0.0625
2 0.44419642857142855 0.71875 0.07924107142857142 0.06696428571428571
11 0.35379464285714285 0.43526785714285715 0.08705357142857142 0.06696428571428571