13 0.6819196428571429 0.8125 0.28125 0.35379464285714285
13 0.052455357142857144 0.3359375 0.10491071428571429 0.2924107142857143
13 0.22433035714285715 0.8794642857142857 0.27901785714285715 0.23549107142857142
13 0.0625 0.8683035714285714 0.125 0.24776785714285715
13 0.8917410714285714 0.08928571428571429 0.21205357142857142 0.17745535714285715
13 0.42075892857142855 0.7611607142857143 0.26450892857142855 0.2935267857142857
6 0.5133928571428571 0.4966517857142857 0.33370535714285715 0.3560267857142857
13 0.8627232142857143 0.4720982142857143 0.2689732142857143 0.4330357142857143
13 0.6361607142857143 0.20982142857142858 0.27901785714285715 0.26674107142857145
13 0.5 0.9296875 0.21428571428571427 0.140625
13 0.19866071428571427 0.6674107142857143 0.26450892857142855 0.21651785714285715
13 0.20535714285714285 0.44308035714285715 0.26674107142857145 0.23772321428571427