13 0.5625 0.8035714285714286 0.22544642857142858 0.22098214285714285
13 0.6339285714285714 0.796875 0.17745535714285715 0.18973214285714285
13 0.3783482142857143 0.7678571428571429 0.23102678571428573 0.21428571428571427
13 0.8136160714285714 0.32700892857142855 0.19977678571428573 0.20424107142857142
13 0.017857142857142856 0.10044642857142858 0.03571428571428571 0.19754464285714285
13 0.46986607142857145 0.9832589285714286 0.19419642857142858 0.033482142857142856
13 0.90625 0.609375 0.1875 0.22321428571428573
13 0.8459821428571429 0.7645089285714286 0.18080357142857142 0.16852678571428573
13 0.7790178571428571 0.6774553571428571 0.21428571428571427 0.21205357142857142
13 0.23549107142857142 0.6428571428571429 0.19419642857142858 0.20870535714285715
13 0.8761160714285714 0.25111607142857145 0.18973214285714285 0.19196428571428573
13 0.06808035714285714 0.8493303571428571 0.13169642857142858 0.21651785714285715
13 0.34263392857142855 0.04352678571428571 0.21428571428571427 0.08705357142857142
13 0.09486607142857142 0.5334821428571429 0.18973214285714285 0.18973214285714285
13 0.8136160714285714 0.9575892857142857 0.19977678571428573 0.08370535714285714
13 0.11383928571428571 0.36941964285714285 0.19419642857142858 0.18303571428571427
6 0.5111607142857143 0.4799107142857143 0.5 0.5189732142857143
13 0.6350446428571429 0.9508928571428571 0.18303571428571427 0.09821428571428571
13 0.31138392857142855 0.9107142857142857 0.19977678571428573 0.17745535714285715
13 0.21316964285714285 0.18415178571428573 0.22544642857142858 0.19977678571428573