2 0.9464285714285714 0.8761160714285714 0.10714285714285714 0.09598214285714286
2 0.9352678571428571 0.3013392857142857 0.11272321428571429 0.07700892857142858
2 0.8861607142857143 0.6417410714285714 0.11272321428571429 0.07700892857142858
2 0.8504464285714286 0.41629464285714285 0.11495535714285714 0.08370535714285714
2 0.8549107142857143 0.5613839285714286 0.11272321428571429 0.07700892857142858
2 0.8125 0.31473214285714285 0.11272321428571429 0.07700892857142858
2 0.8258928571428571 0.13169642857142858 0.13169642857142858 0.09151785714285714
2 0.7633928571428571 0.26004464285714285 0.11272321428571429 0.07700892857142858
2 0.7466517857142857 0.5870535714285714 0.11272321428571429 0.07700892857142858
2 0.7165178571428571 0.7991071428571429 0.11495535714285714 0.09598214285714286
2 0.6607142857142857 0.16183035714285715 0.11830357142857142 0.09598214285714286
2 0.59375 0.5435267857142857 0.11495535714285714 0.08370535714285714
2 0.5658482142857143 0.8705357142857143 0.11272321428571429 0.07700892857142858
2 0.5770089285714286 0.7779017857142857 0.11272321428571429 0.07700892857142858
2 0.5580357142857143 0.39285714285714285 0.14397321428571427 0.09151785714285714
2 0.5368303571428571 0.07924107142857142 0.12946428571428573 0.08705357142857142
2 0.5055803571428571 0.47433035714285715 0.11272321428571429 0.07700892857142858
2 0.4810267857142857 0.18303571428571427 0.125 0.09598214285714286
2 0.4877232142857143 0.5892857142857143 0.11272321428571429 0.07700892857142858
2 0.46651785714285715 0.3404017857142857 0.11272321428571429 0.07700892857142858
2 0.44642857142857145 0.7042410714285714 0.11272321428571429 0.07700892857142858
2 0.37611607142857145 0.29799107142857145 0.11272321428571429 0.07700892857142858
2 0.37388392857142855 0.5970982142857143 0.12276785714285714 0.08147321428571429
2 0.36160714285714285 0.22991071428571427 0.11272321428571429 0.07700892857142858
2 0.36607142857142855 0.4799107142857143 0.11830357142857142 0.08147321428571429
2 0.35825892857142855 0.7399553571428571 0.11272321428571429 0.07700892857142858
2 0.2935267857142857 0.8158482142857143 0.11272321428571429 0.07924107142857142
2 0.20982142857142858 0.5022321428571429 0.10044642857142858 0.07254464285714286
2 0.20535714285714285 0.25223214285714285 0.09151785714285714 0.11049107142857142
2 0.21875 0.5948660714285714 0.125 0.08705357142857142
2 0.18415178571428573 0.7589285714285714 0.11272321428571429 0.08705357142857142
2 0.16741071428571427 0.15513392857142858 0.11272321428571429 0.07700892857142858
2 0.15736607142857142 0.9084821428571429 0.12053571428571429 0.08705357142857142
2 0.12723214285714285 0.48214285714285715 0.11049107142857142 0.08147321428571429
12 0.3783482142857143 0.8325892857142857 0.03571428571428571 0.029017857142857144
12 0.8426339285714286 0.8415178571428571 0.033482142857142856 0.029017857142857144
12 0.8973214285714286 0.6908482142857143 0.03125 0.029017857142857144
12 0.8526785714285714 0.3549107142857143 0.029017857142857144 0.029017857142857144