9 0.3392857142857143 0.37723214285714285 0.4810267857142857 0.5524553571428571
13 0.6618303571428571 0.5892857142857143 0.16629464285714285 0.20200892857142858
13 0.6462053571428571 0.21540178571428573 0.13504464285714285 0.24776785714285715
13 0.9497767857142857 0.6116071428571429 0.10044642857142858 0.15625
0 0.8783482142857143 0.41294642857142855 0.24330357142857142 0.5524553571428571
12 0.6595982142857143 0.3716517857142857 0.08370535714285714 0.08705357142857142
13 0.7522321428571429 0.5848214285714286 0.2544642857142857 0.20870535714285715
13 0.7600446428571429 0.078125 0.24553571428571427 0.15625
13 0.6450892857142857 0.49776785714285715 0.13169642857142858 0.27901785714285715
13 0.9363839285714286 0.041294642857142856 0.12723214285714285 0.08147321428571429
13 0.8783482142857143 0.16964285714285715 0.24330357142857142 0.27120535714285715
10 0.25558035714285715 0.7622767857142857 0.5111607142857143 0.14508928571428573
10 0.7511160714285714 0.8147321428571429 0.34375 0.25