18 0.13504464285714285 0.9229910714285714 0.08370535714285714 0.11830357142857142
18 0.15178571428571427 0.8091517857142857 0.08928571428571429 0.09151785714285714
18 0.3002232142857143 0.6127232142857143 0.08928571428571429 0.12723214285714285
18 0.10602678571428571 0.2779017857142857 0.07477678571428571 0.10379464285714286
18 0.9263392857142857 0.3314732142857143 0.09375 0.08370535714285714
18 0.49107142857142855 0.4654017857142857 0.07477678571428571 0.09821428571428571
18 0.8705357142857143 0.9095982142857143 0.07254464285714286 0.11272321428571429
14 0.8404017857142857 0.6696428571428571 0.052455357142857144 0.08147321428571429
14 0.28683035714285715 0.06808035714285714 0.0625 0.06696428571428571
14 0.30691964285714285 0.47767857142857145 0.04352678571428571 0.0625
14 0.16629464285714285 0.6194196428571429 0.052455357142857144 0.06919642857142858
14 0.34263392857142855 0.8459821428571429 0.05803571428571429 0.0625
14 0.40066964285714285 0.7131696428571429 0.07254464285714286 0.07477678571428571
14 0.26004464285714285 0.6529017857142857 0.05022321428571429 0.07924107142857142
14 0.5970982142857143 0.6875 0.05022321428571429 0.06696428571428571
14 0.5770089285714286 0.7667410714285714 0.05022321428571429 0.09598214285714286
14 0.6316964285714286 0.7433035714285714 0.06473214285714286 0.09375
14 0.43191964285714285 0.9352678571428571 0.07924107142857142 0.08928571428571429
14 0.6830357142857143 0.8526785714285714 0.05803571428571429 0.09598214285714286
14 0.7399553571428571 0.8024553571428571 0.05580357142857143 0.09821428571428571
14 0.8627232142857143 0.4732142857142857 0.05803571428571429 0.07700892857142858
14 0.7243303571428571 0.49776785714285715 0.0625 0.08370535714285714
14 0.8225446428571429 0.23772321428571427 0.052455357142857144 0.06919642857142858
12 0.3794642857142857 0.15959821428571427 0.033482142857142856 0.04799107142857143
12 0.7901785714285714 0.140625 0.024553571428571428 0.03571428571428571
14 0.7645089285714286 0.23325892857142858 0.04799107142857143 0.12276785714285714
18 0.19196428571428573 0.06473214285714286 0.060267857142857144 0.12946428571428573
14 0.38169642857142855 0.6194196428571429 0.04352678571428571 0.0625
18 0.6707589285714286 0.10267857142857142 0.08147321428571429 0.07924107142857142