13 0.17522321428571427 0.6082589285714286 0.18973214285714285 0.19977678571428573
13 0.9107142857142857 0.7232142857142857 0.17745535714285715 0.2689732142857143
13 0.6138392857142857 0.9776785714285714 0.24553571428571427 0.044642857142857144
13 0.7566964285714286 0.5803571428571429 0.19196428571428573 0.26674107142857145
13 0.9631696428571429 0.9319196428571429 0.07366071428571429 0.13616071428571427
13 0.11607142857142858 0.5066964285714286 0.21651785714285715 0.21428571428571427
13 0.03236607142857143 0.4107142857142857 0.0625 0.19419642857142858
12 0.6975446428571429 0.265625 0.09598214285714286 0.09151785714285714
13 0.45424107142857145 0.03794642857142857 0.234375 0.07589285714285714
13 0.23995535714285715 0.13058035714285715 0.21428571428571427 0.18973214285714285
13 0.8861607142857143 0.5022321428571429 0.21651785714285715 0.18973214285714285
6 0.13058035714285715 0.8314732142857143 0.2611607142857143 0.33705357142857145
13 0.4575892857142857 0.8962053571428571 0.22879464285714285 0.20647321428571427
6 0.46763392857142855 0.47098214285714285 0.4810267857142857 0.47098214285714285
13 0.8816964285714286 0.24330357142857142 0.21428571428571427 0.22098214285714285
13 0.25223214285714285 0.23549107142857142 0.17299107142857142 0.15625