13 0.0625 0.8303571428571429 0.125 0.25669642857142855
13 0.4810267857142857 0.6819196428571429 0.26674107142857145 0.3392857142857143
13 0.0625 0.09933035714285714 0.125 0.19196428571428573
13 0.30357142857142855 0.9743303571428571 0.23102678571428573 0.05022321428571429
12 0.25892857142857145 0.08258928571428571 0.08147321428571429 0.07700892857142858
13 0.09040178571428571 0.9698660714285714 0.18080357142857142 0.060267857142857144
13 0.8816964285714286 0.6339285714285714 0.23102678571428573 0.25669642857142855
12 0.14174107142857142 0.53125 0.07254464285714286 0.07254464285714286
13 0.38392857142857145 0.060267857142857144 0.20870535714285715 0.12053571428571429
6 0.49330357142857145 0.5011160714285714 0.33705357142857145 0.31473214285714285
13 0.9029017857142857 0.08928571428571429 0.18526785714285715 0.17745535714285715
13 0.8147321428571429 0.9375 0.2767857142857143 0.12053571428571429
13 0.5558035714285714 0.14285714285714285 0.23325892857142858 0.22544642857142858
13 0.7700892857142857 0.17299107142857142 0.1875 0.23772321428571427
13 0.18191964285714285 0.6875 0.23102678571428573 0.23995535714285715
13 0.8292410714285714 0.38839285714285715 0.25223214285714285 0.23325892857142858
13 0.578125 0.8582589285714286 0.26674107142857145 0.25223214285714285
13 0.07924107142857142 0.2935267857142857 0.15848214285714285 0.22321428571428573
13 0.34486607142857145 0.8560267857142857 0.19419642857142858 0.22879464285714285
13 0.7299107142857143 0.5770089285714286 0.18080357142857142 0.18973214285714285