13 0.07924107142857142 0.859375 0.15848214285714285 0.26450892857142855
13 0.9654017857142857 0.6886160714285714 0.06919642857142858 0.20647321428571427
13 0.8314732142857143 0.5881696428571429 0.23102678571428573 0.20870535714285715
13 0.9553571428571429 0.29464285714285715 0.08928571428571429 0.21205357142857142
6 0.5122767857142857 0.5323660714285714 0.5066964285714286 0.5145089285714286
13 0.06808035714285714 0.6350446428571429 0.13504464285714285 0.21428571428571427
13 0.09821428571428571 0.06473214285714286 0.19642857142857142 0.12946428571428573
13 0.05915178571428571 0.43861607142857145 0.11830357142857142 0.21651785714285715
13 0.9263392857142857 0.10602678571428571 0.14620535714285715 0.20647321428571427
13 0.15401785714285715 0.7879464285714286 0.23102678571428573 0.23995535714285715
13 0.8314732142857143 0.7857142857142857 0.20870535714285715 0.19419642857142858
13 0.30357142857142855 0.9263392857142857 0.20870535714285715 0.14620535714285715
13 0.3091517857142857 0.08035714285714286 0.23325892857142858 0.16071428571428573