5 0.14955357142857142 0.8247767857142857 0.07924107142857142 0.11272321428571429
5 0.5167410714285714 0.6729910714285714 0.07924107142857142 0.11272321428571429
5 0.6707589285714286 0.5970982142857143 0.07924107142857142 0.11272321428571429
5 0.7488839285714286 0.5993303571428571 0.07924107142857142 0.11272321428571429
5 0.36941964285714285 0.5792410714285714 0.07924107142857142 0.11272321428571429
5 0.32254464285714285 0.4029017857142857 0.07700892857142858 0.11272321428571429
5 0.6283482142857143 0.39174107142857145 0.07700892857142858 0.11272321428571429
5 0.45200892857142855 0.31473214285714285 0.07924107142857142 0.11272321428571429
5 0.23325892857142858 0.14508928571428573 0.07924107142857142 0.11272321428571429
5 0.5189732142857143 0.15959821428571427 0.07924107142857142 0.11272321428571429
5 0.8649553571428571 0.29575892857142855 0.07924107142857142 0.11272321428571429
5 0.7801339285714286 0.9029017857142857 0.07924107142857142 0.11272321428571429
5 0.38504464285714285 0.7098214285714286 0.07924107142857142 0.11272321428571429
5 0.23772321428571427 0.8660714285714286 0.07924107142857142 0.11272321428571429
5 0.13950892857142858 0.28348214285714285 0.07924107142857142 0.11272321428571429
5 0.49441964285714285 0.36607142857142855 0.07924107142857142 0.11272321428571429
5 0.8694196428571429 0.7868303571428571 0.07924107142857142 0.11272321428571429
5 0.9497767857142857 0.6026785714285714 0.07924107142857142 0.11272321428571429
5 0.9386160714285714 0.13616071428571427 0.07924107142857142 0.11272321428571429
5 0.7299107142857143 0.12165178571428571 0.07924107142857142 0.11272321428571429
14 0.41629464285714285 0.13058035714285715 0.07924107142857142 0.11272321428571429
14 0.46205357142857145 0.21316964285714285 0.07924107142857142 0.11272321428571429
14 0.7332589285714286 0.75 0.07924107142857142 0.11272321428571429
14 0.7488839285714286 0.8035714285714286 0.07924107142857142 0.11272321428571429
14 0.6930803571428571 0.6897321428571429 0.07924107142857142 0.11272321428571429
14 0.32700892857142855 0.875 0.07924107142857142 0.11272321428571429
14 0.05915178571428571 0.8180803571428571 0.07924107142857142 0.11272321428571429
14 0.42075892857142855 0.6584821428571429 0.07924107142857142 0.11272321428571429
5 0.19196428571428573 0.7209821428571429 0.07700892857142858 0.11272321428571429
5 0.23102678571428573 0.4095982142857143 0.07924107142857142 0.11272321428571429
5 0.5200892857142857 0.04352678571428571 0.07924107142857142 0.08705357142857142
5 0.6506696428571429 0.7466517857142857 0.07924107142857142 0.11272321428571429
5 0.8861607142857143 0.6194196428571429 0.07924107142857142 0.11272321428571429
5 0.8794642857142857 0.18973214285714285 0.07924107142857142 0.11272321428571429
5 0.46205357142857145 0.7589285714285714 0.07924107142857142 0.11272321428571429
5 0.08705357142857142 0.6595982142857143 0.07924107142857142 0.11272321428571429
5 0.07700892857142858 0.5535714285714286 0.07924107142857142 0.11272321428571429
5 0.38169642857142855 0.46875 0.07924107142857142 0.11272321428571429
5 0.7700892857142857 0.5089285714285714 0.07924107142857142 0.11272321428571429
5 0.8136160714285714 0.23102678571428573 0.07924107142857142 0.11272321428571429
14 0.19642857142857142 0.30691964285714285 0.05580357142857143 0.06919642857142858
12 0.5814732142857143 0.30357142857142855 0.029017857142857144 0.033482142857142856
12 0.7064732142857143 0.5345982142857143 0.04799107142857143 0.04352678571428571
11 0.08035714285714286 0.9151785714285714 0.08928571428571429 0.07924107142857142
5 0.06473214285714286 0.31138392857142855 0.06473214285714286 0.09821428571428571
7 0.036830357142857144 0.3404017857142857 0.07366071428571429 0.09151785714285714