2 0.05580357142857143 0.14397321428571427 0.11049107142857142 0.07700892857142858
2 0.06808035714285714 0.4810267857142857 0.11272321428571429 0.07700892857142858
2 0.16517857142857142 0.5011160714285714 0.11272321428571429 0.07700892857142858
2 0.20758928571428573 0.8504464285714286 0.11272321428571429 0.07924107142857142
2 0.24665178571428573 0.9051339285714286 0.11272321428571429 0.07700892857142858
2 0.2611607142857143 0.5435267857142857 0.11272321428571429 0.07700892857142858
2 0.2924107142857143 0.33370535714285715 0.11272321428571429 0.07700892857142858
2 0.3091517857142857 0.05915178571428571 0.11272321428571429 0.07700892857142858
2 0.38058035714285715 0.09375 0.11272321428571429 0.07700892857142858
2 0.35714285714285715 0.23883928571428573 0.12276785714285714 0.08928571428571429
2 0.3950892857142857 0.5122767857142857 0.11272321428571429 0.07700892857142858
2 0.4888392857142857 0.21540178571428573 0.11272321428571429 0.07700892857142858
2 0.4966517857142857 0.7845982142857143 0.11272321428571429 0.07700892857142858
2 0.5145089285714286 0.09821428571428571 0.11272321428571429 0.07700892857142858
2 0.5256696428571429 0.8761160714285714 0.10044642857142858 0.07254464285714286
2 0.5792410714285714 0.6395089285714286 0.11272321428571429 0.07700892857142858
2 0.6595982142857143 0.23883928571428573 0.11272321428571429 0.07700892857142858
2 0.6819196428571429 0.40401785714285715 0.12053571428571429 0.09151785714285714
2 0.7075892857142857 0.08928571428571429 0.11272321428571429 0.07700892857142858
2 0.7020089285714286 0.8895089285714286 0.11272321428571429 0.07700892857142858
2 0.7243303571428571 0.6261160714285714 0.11272321428571429 0.07700892857142858
2 0.75 0.7756696428571429 0.11272321428571429 0.07924107142857142
2 0.7756696428571429 0.4408482142857143 0.11272321428571429 0.07700892857142858
2 0.7700892857142857 0.9520089285714286 0.11272321428571429 0.07700892857142858
2 0.7622767857142857 0.19308035714285715 0.11272321428571429 0.07700892857142858
2 0.7756696428571429 0.24888392857142858 0.12053571428571429 0.08705357142857142
2 0.8348214285714286 0.7589285714285714 0.12053571428571429 0.08928571428571429
2 0.8683035714285714 0.42745535714285715 0.11495535714285714 0.08705357142857142
2 0.8727678571428571 0.6194196428571429 0.11272321428571429 0.07700892857142858
2 0.9352678571428571 0.9520089285714286 0.11272321428571429 0.07924107142857142