9 0.13950892857142858 0.24776785714285715 0.27901785714285715 0.4955357142857143
13 0.296875 0.3716517857142857 0.28348214285714285 0.22098214285714285
13 0.421875 0.18861607142857142 0.17522321428571427 0.22879464285714285
13 0.3515625 0.08258928571428571 0.25223214285714285 0.16517857142857142
13 0.35825892857142855 0.5345982142857143 0.15401785714285715 0.04575892857142857
13 0.14397321428571427 0.05580357142857143 0.26450892857142855 0.11049107142857142
13 0.7511160714285714 0.43861607142857145 0.25223214285714285 0.23772321428571427
13 0.9341517857142857 0.49441964285714285 0.13169642857142858 0.12723214285714285
9 0.8046875 0.15513392857142858 0.390625 0.31026785714285715
13 0.9140625 0.3470982142857143 0.171875 0.24776785714285715
9 0.20982142857142858 0.7834821428571429 0.41964285714285715 0.4330357142857143
0 0.8158482142857143 0.7399553571428571 0.36830357142857145 0.36495535714285715
13 0.6662946428571429 0.5870535714285714 0.29799107142857145 0.05803571428571429
13 0.5513392857142857 0.6261160714285714 0.08370535714285714 0.13727678571428573
13 0.5625 0.9095982142857143 0.10602678571428571 0.18080357142857142