7 0.34598214285714285 0.5167410714285714 0.11272321428571429 0.07700892857142858
13 0.7533482142857143 0.5803571428571429 0.10044642857142858 0.07700892857142858
7 0.8337053571428571 0.8069196428571429 0.10044642857142858 0.07700892857142858
13 0.30580357142857145 0.6439732142857143 0.10044642857142858 0.07700892857142858
7 0.38950892857142855 0.8482142857142857 0.11272321428571429 0.07700892857142858
17 0.34151785714285715 0.9654017857142857 0.11272321428571429 0.06919642857142858
17 0.06138392857142857 0.6082589285714286 0.11049107142857142 0.09375
13 0.23660714285714285 0.5758928571428571 0.09151785714285714 0.07700892857142858
13 0.7087053571428571 0.06473214285714286 0.09598214285714286 0.07700892857142858
13 0.9252232142857143 0.4810267857142857 0.11272321428571429 0.07700892857142858
17 0.9151785714285714 0.8861607142857143 0.10044642857142858 0.07924107142857142
17 0.036830357142857144 0.3404017857142857 0.07366071428571429 0.08705357142857142
12 0.46763392857142855 0.31473214285714285 0.033482142857142856 0.024553571428571428
17 0.04241071428571429 0.08928571428571429 0.08147321428571429 0.08147321428571429