5 0.06919642857142858 0.17745535714285715 0.09151785714285714 0.11495535714285714
5 0.14397321428571427 0.6930803571428571 0.08705357142857142 0.11272321428571429
7 0.46316964285714285 0.6183035714285714 0.09151785714285714 0.12053571428571429
7 0.32700892857142855 0.24330357142857142 0.08705357142857142 0.11830357142857142
13 0.33370535714285715 0.34375 0.07254464285714286 0.09598214285714286
13 0.2689732142857143 0.3872767857142857 0.07477678571428571 0.09598214285714286
8 0.27901785714285715 0.6205357142857143 0.07254464285714286 0.08928571428571429
8 0.45089285714285715 0.18973214285714285 0.06696428571428571 0.08928571428571429
13 0.6495535714285714 0.18973214285714285 0.07700892857142858 0.11272321428571429
13 0.7790178571428571 0.5736607142857143 0.07700892857142858 0.10044642857142858
11 0.4330357142857143 0.9229910714285714 0.09598214285714286 0.125
13 0.9542410714285714 0.5424107142857143 0.07700892857142858 0.11272321428571429
13 0.9564732142857143 0.359375 0.06919642857142858 0.10602678571428571
13 0.8325892857142857 0.45982142857142855 0.07477678571428571 0.10602678571428571
11 0.59375 0.24107142857142858 0.07700892857142858 0.11272321428571429
11 0.4341517857142857 0.2857142857142857 0.06919642857142858 0.09375
7 0.7154017857142857 0.8850446428571429 0.09598214285714286 0.13504464285714285
13 0.17410714285714285 0.11383928571428571 0.07700892857142858 0.11272321428571429
11 0.8002232142857143 0.21316964285714285 0.07700892857142858 0.11272321428571429
14 0.7823660714285714 0.8270089285714286 0.06696428571428571 0.09151785714285714
5 0.17857142857142858 0.22879464285714285 0.09598214285714286 0.09375
8 0.24107142857142858 0.765625 0.06919642857142858 0.08928571428571429
14 0.13058035714285715 0.39285714285714285 0.0625 0.11049107142857142
12 0.6037946428571429 0.5111607142857143 0.033482142857142856 0.04352678571428571
12 0.6729910714285714 0.46875 0.024553571428571428 0.04352678571428571
12 0.5100446428571429 0.7053571428571429 0.024553571428571428 0.033482142857142856
12 0.515625 0.5669642857142857 0.029017857142857144 0.033482142857142856