13 0.8415178571428571 0.013392857142857142 0.2935267857142857 0.026785714285714284
13 0.39174107142857145 0.016741071428571428 0.23995535714285715 0.033482142857142856
13 0.49776785714285715 0.8247767857142857 0.20424107142857142 0.28348214285714285
13 0.07254464285714286 0.044642857142857144 0.14397321428571427 0.08928571428571429
13 0.3013392857142857 0.32924107142857145 0.31473214285714285 0.29575892857142855
13 0.4497767857142857 0.1875 0.24553571428571427 0.2544642857142857
13 0.10379464285714286 0.7779017857142857 0.20647321428571427 0.24553571428571427
13 0.30357142857142855 0.9363839285714286 0.27455357142857145 0.12276785714285714
13 0.8950892857142857 0.5680803571428571 0.20424107142857142 0.25669642857142855
13 0.6127232142857143 0.08816964285714286 0.2544642857142857 0.17522321428571427
13 0.6785714285714286 0.7823660714285714 0.21428571428571427 0.23772321428571427
13 0.11607142857142858 0.20870535714285715 0.23214285714285715 0.25669642857142855
13 0.9162946428571429 0.12165178571428571 0.16294642857142858 0.23772321428571427
6 0.5 0.5167410714285714 0.4017857142857143 0.40401785714285715
13 0.8738839285714286 0.8917410714285714 0.23772321428571427 0.21651785714285715
13 0.31026785714285715 0.7544642857142857 0.22098214285714285 0.24776785714285715