5 0.8772321428571429 0.7901785714285714 0.11272321428571429 0.07700892857142858
1 0.7410714285714286 0.7287946428571429 0.11272321428571429 0.07700892857142858
1 0.5457589285714286 0.8761160714285714 0.11272321428571429 0.07700892857142858
5 0.4263392857142857 0.9274553571428571 0.11272321428571429 0.07700892857142858
5 0.34598214285714285 0.9029017857142857 0.11272321428571429 0.07924107142857142
1 0.4966517857142857 0.9631696428571429 0.11383928571428571 0.07366071428571429
5 0.20424107142857142 0.7823660714285714 0.11272321428571429 0.07924107142857142
1 0.40848214285714285 0.35825892857142855 0.11272321428571429 0.07700892857142858
5 0.5033482142857143 0.42299107142857145 0.11272321428571429 0.07700892857142858
5 0.5200892857142857 0.5424107142857143 0.11272321428571429 0.07700892857142858
5 0.6752232142857143 0.2622767857142857 0.11272321428571429 0.07700892857142858
5 0.46651785714285715 0.28683035714285715 0.11272321428571429 0.07700892857142858
5 0.7053571428571429 0.03794642857142857 0.11160714285714286 0.07589285714285714
1 0.15959821428571427 0.35825892857142855 0.11272321428571429 0.07700892857142858
5 0.15848214285714285 0.6595982142857143 0.11272321428571429 0.07924107142857142
5 0.49107142857142855 0.8292410714285714 0.11272321428571429 0.07700892857142858
5 0.9453125 0.7366071428571429 0.109375 0.07589285714285714
5 0.9185267857142857 0.9631696428571429 0.11272321428571429 0.07254464285714286
1 0.8772321428571429 0.8939732142857143 0.11272321428571429 0.07924107142857142
5 0.5714285714285714 0.7645089285714286 0.11272321428571429 0.07700892857142858
5 0.23102678571428573 0.31361607142857145 0.11272321428571429 0.07700892857142858
1 0.37723214285714285 0.8370535714285714 0.11272321428571429 0.07924107142857142
5 0.9475446428571429 0.21428571428571427 0.10491071428571429 0.08035714285714286
5 0.8939732142857143 0.44419642857142855 0.11272321428571429 0.07700892857142858
1 0.28125 0.05133928571428571 0.11272321428571429 0.07700892857142858
5 0.20647321428571427 0.7220982142857143 0.11272321428571429 0.07924107142857142
1 0.7064732142857143 0.5970982142857143 0.09151785714285714 0.07254464285714286
5 0.6997767857142857 0.8582589285714286 0.11272321428571429 0.07700892857142858
5 0.12834821428571427 0.28794642857142855 0.11272321428571429 0.07700892857142858
5 0.10491071428571429 0.12388392857142858 0.11272321428571429 0.07700892857142858
5 0.04575892857142857 0.14174107142857142 0.09151785714285714 0.07700892857142858
2 0.33370535714285715 0.6383928571428571 0.052455357142857144 0.06919642857142858