9 0.29575892857142855 0.3325892857142857 0.20647321428571427 0.6127232142857143
13 0.6796875 0.022321428571428572 0.21651785714285715 0.044642857142857144
12 0.53125 0.6037946428571429 0.10602678571428571 0.09151785714285714
6 0.828125 0.4564732142857143 0.34375 0.38504464285714285
13 0.9319196428571429 0.23660714285714285 0.13616071428571427 0.1875
13 0.4955357142857143 0.34151785714285715 0.19196428571428573 0.22544642857142858
13 0.7220982142857143 0.20200892857142858 0.19977678571428573 0.26004464285714285
13 0.2779017857142857 0.8761160714285714 0.24330357142857142 0.24776785714285715
13 0.18415178571428573 0.7712053571428571 0.2622767857142857 0.24553571428571427
13 0.08035714285714286 0.6964285714285714 0.16071428571428573 0.09375
6 0.16183035714285715 0.9341517857142857 0.3236607142857143 0.13169642857142858
9 0.7578125 0.7689732142857143 0.484375 0.24330357142857142