13 0.07924107142857142 0.08705357142857142 0.15848214285714285 0.17299107142857142
13 0.07924107142857142 0.5100446428571429 0.15848214285714285 0.17745535714285715
0 0.6238839285714286 0.21986607142857142 0.6517857142857143 0.43973214285714285
13 0.07924107142857142 0.7834821428571429 0.15848214285714285 0.3705357142857143
13 0.06138392857142857 0.90625 0.12276785714285714 0.1875
13 0.8716517857142857 0.9029017857142857 0.21651785714285715 0.12276785714285714
13 0.6785714285714286 0.9575892857142857 0.23325892857142858 0.08370535714285714
13 0.2533482142857143 0.9051339285714286 0.18973214285714285 0.18973214285714285
13 0.8214285714285714 0.7287946428571429 0.31026785714285715 0.26004464285714285
0 0.9598214285714286 0.7991071428571429 0.07924107142857142 0.20424107142857142
13 0.3002232142857143 0.9553571428571429 0.27455357142857145 0.08928571428571429
13 0.5591517857142857 0.8571428571428571 0.3002232142857143 0.2857142857142857
3 0.5569196428571429 0.6941964285714286 0.53125 0.19196428571428573
13 0.2924107142857143 0.7243303571428571 0.26674107142857145 0.25223214285714285
13 0.8839285714285714 0.6328125 0.23214285714285715 0.06919642857142858