13 0.9676339285714286 0.625 0.06473214285714286 0.2544642857142857
13 0.6529017857142857 0.2544642857142857 0.21651785714285715 0.25669642857142855
12 0.9832589285714286 0.18080357142857142 0.033482142857142856 0.09598214285714286
12 0.125 0.7299107142857143 0.08370535714285714 0.07700892857142858
12 0.09709821428571429 0.5580357142857143 0.13950892857142858 0.14174107142857142
12 0.5368303571428571 0.29129464285714285 0.06919642857142858 0.0625
13 0.9430803571428571 0.9140625 0.109375 0.171875
13 0.23772321428571427 0.8582589285714286 0.20870535714285715 0.22321428571428573
13 0.11049107142857142 0.07254464285714286 0.21651785714285715 0.14174107142857142
13 0.7366071428571429 0.9162946428571429 0.21428571428571427 0.16741071428571427
12 0.7924107142857143 0.40848214285714285 0.13504464285714285 0.125
13 0.5066964285714286 0.07254464285714286 0.22098214285714285 0.14174107142857142
13 0.5881696428571429 0.8716517857142857 0.19196428571428573 0.23995535714285715
13 0.8292410714285714 0.21205357142857142 0.20424107142857142 0.21651785714285715
3 0.49776785714285715 0.5368303571428571 0.4564732142857143 0.4564732142857143
13 0.328125 0.2533482142857143 0.25 0.21651785714285715
13 0.8270089285714286 0.5837053571428571 0.19754464285714285 0.19977678571428573