13 0.9386160714285714 0.45870535714285715 0.12276785714285714 0.2544642857142857
13 0.33035714285714285 0.9821428571428571 0.22098214285714285 0.03571428571428571
13 0.11607142857142858 0.9620535714285714 0.23214285714285715 0.07589285714285714
13 0.6875 0.9732142857142857 0.22544642857142858 0.052455357142857144
13 0.2857142857142857 0.05022321428571429 0.26450892857142855 0.10044642857142858
13 0.7857142857142857 0.3482142857142857 0.25 0.23995535714285715
13 0.36049107142857145 0.7622767857142857 0.2622767857142857 0.23995535714285715
13 0.8738839285714286 0.8716517857142857 0.24776785714285715 0.23549107142857142
13 0.7823660714285714 0.6908482142857143 0.24330357142857142 0.22544642857142858
13 0.11049107142857142 0.12834821428571427 0.21651785714285715 0.22879464285714285
13 0.8604910714285714 0.14732142857142858 0.26674107142857145 0.24553571428571427
13 0.13727678571428573 0.7756696428571429 0.22544642857142858 0.23549107142857142
3 0.5033482142857143 0.4966517857142857 0.4252232142857143 0.4564732142857143
13 0.18415178571428573 0.5446428571428571 0.24553571428571427 0.24553571428571427
13 0.3861607142857143 0.19977678571428573 0.23772321428571427 0.21205357142857142