2 0.9386160714285714 0.6830357142857143 0.12276785714285714 0.10044642857142858
2 0.9084821428571429 0.05915178571428571 0.11272321428571429 0.07700892857142858
2 0.8950892857142857 0.35044642857142855 0.11272321428571429 0.07700892857142858
2 0.8236607142857143 0.9308035714285714 0.11272321428571429 0.07700892857142858
2 0.7868303571428571 0.6082589285714286 0.11272321428571429 0.07700892857142858
2 0.78125 0.36049107142857145 0.11272321428571429 0.07700892857142858
2 0.7645089285714286 0.7645089285714286 0.11272321428571429 0.07924107142857142
2 0.7633928571428571 0.09375 0.12053571428571429 0.08705357142857142
2 0.7645089285714286 0.2700892857142857 0.11272321428571429 0.07700892857142858
2 0.7388392857142857 0.5457589285714286 0.11272321428571429 0.07700892857142858
2 0.65625 0.5736607142857143 0.11272321428571429 0.07700892857142858
2 0.6685267857142857 0.7857142857142857 0.11272321428571429 0.07700892857142858
2 0.6305803571428571 0.17745535714285715 0.11272321428571429 0.07700892857142858
2 0.5680803571428571 0.11383928571428571 0.11272321428571429 0.07700892857142858
2 0.5647321428571429 0.45200892857142855 0.11272321428571429 0.07700892857142858
2 0.5502232142857143 0.19754464285714285 0.11272321428571429 0.07700892857142858
2 0.5256696428571429 0.8058035714285714 0.11272321428571429 0.07700892857142858
2 0.5089285714285714 0.9341517857142857 0.11272321428571429 0.07700892857142858
2 0.47433035714285715 0.34375 0.11272321428571429 0.07700892857142858
2 0.40625 0.32924107142857145 0.11272321428571429 0.07700892857142858
2 0.3716517857142857 0.14174107142857142 0.11272321428571429 0.07700892857142858
2 0.35825892857142855 0.7488839285714286 0.11272321428571429 0.07700892857142858
2 0.34933035714285715 0.05133928571428571 0.11272321428571429 0.07700892857142858
2 0.33816964285714285 0.4174107142857143 0.11272321428571429 0.07700892857142858
2 0.28683035714285715 0.7433035714285714 0.12053571428571429 0.08705357142857142
2 0.28125 0.5691964285714286 0.11272321428571429 0.07700892857142858
2 0.27566964285714285 0.49330357142857145 0.11272321428571429 0.07700892857142858
2 0.2611607142857143 0.17633928571428573 0.11272321428571429 0.07700892857142858
2 0.2533482142857143 0.6529017857142857 0.11272321428571429 0.07700892857142858
2 0.22767857142857142 0.37611607142857145 0.11272321428571429 0.07700892857142858
2 0.17633928571428573 0.10491071428571429 0.11272321428571429 0.07700892857142858
2 0.16517857142857142 0.25669642857142855 0.11272321428571429 0.07700892857142858
2 0.14508928571428573 0.16071428571428573 0.11272321428571429 0.07700892857142858
2 0.15290178571428573 0.4966517857142857 0.11272321428571429 0.07700892857142858
2 0.15066964285714285 0.3549107142857143 0.11272321428571429 0.07700892857142858
2 0.12165178571428571 0.7354910714285714 0.11272321428571429 0.07700892857142858
14 0.08258928571428571 0.25 0.08705357142857142 0.06696428571428571
12 0.21540178571428573 0.029017857142857144 0.04575892857142857 0.033482142857142856
12 0.08147321428571429 0.11160714285714286 0.04352678571428571 0.03125