17 0.10267857142857142 0.12946428571428573 0.10825892857142858 0.07700892857142858
17 0.05915178571428571 0.06473214285714286 0.11272321428571429 0.06696428571428571
17 0.06584821428571429 0.025669642857142856 0.11272321428571429 0.05022321428571429
17 0.04017857142857143 0.2689732142857143 0.07924107142857142 0.07700892857142858
17 0.08482142857142858 0.34486607142857145 0.10044642857142858 0.06696428571428571
17 0.234375 0.45982142857142855 0.08705357142857142 0.07254464285714286
17 0.21540178571428573 0.13950892857142858 0.07477678571428571 0.0625
17 0.32924107142857145 0.041294642857142856 0.08147321428571429 0.06473214285714286
17 0.33816964285714285 0.11941964285714286 0.11272321428571429 0.07700892857142858
17 0.5022321428571429 0.15513392857142858 0.10044642857142858 0.07254464285714286
17 0.5848214285714286 0.08705357142857142 0.09598214285714286 0.07254464285714286
17 0.5892857142857143 0.17522321428571427 0.09598214285714286 0.06696428571428571
5 0.36607142857142855 0.19419642857142858 0.10044642857142858 0.07700892857142858
17 0.37388392857142855 0.30245535714285715 0.08705357142857142 0.07700892857142858
17 0.4497767857142857 0.28125 0.11272321428571429 0.07700892857142858
17 0.2767857142857143 0.33816964285714285 0.08705357142857142 0.060267857142857144
17 0.31138392857142855 0.39732142857142855 0.10044642857142858 0.07700892857142858
17 0.18973214285714285 0.5837053571428571 0.09598214285714286 0.07700892857142858
17 0.2689732142857143 0.5424107142857143 0.10044642857142858 0.06696428571428571
17 0.9162946428571429 0.35267857142857145 0.10044642857142858 0.07254464285714286
17 0.6082589285714286 0.46205357142857145 0.11272321428571429 0.07700892857142858
17 0.7287946428571429 0.4955357142857143 0.10044642857142858 0.07700892857142858
17 0.65625 0.31808035714285715 0.10044642857142858 0.07700892857142858
17 0.7064732142857143 0.7589285714285714 0.09598214285714286 0.07700892857142858
17 0.6138392857142857 0.7544642857142857 0.09598214285714286 0.07254464285714286
17 0.5424107142857143 0.7712053571428571 0.10044642857142858 0.07254464285714286
17 0.4575892857142857 0.7611607142857143 0.09151785714285714 0.07700892857142858
17 0.3939732142857143 0.8091517857142857 0.11272321428571429 0.07924107142857142
17 0.3783482142857143 0.8794642857142857 0.11272321428571429 0.07924107142857142
17 0.3861607142857143 0.9732142857142857 0.11272321428571429 0.052455357142857144
17 0.22879464285714285 0.8292410714285714 0.11272321428571429 0.07924107142857142
17 0.13727678571428573 0.8069196428571429 0.10044642857142858 0.07254464285714286
17 0.04352678571428571 0.953125 0.08705357142857142 0.07924107142857142
17 0.2857142857142857 0.6741071428571429 0.10044642857142858 0.07700892857142858
17 0.32254464285714285 0.7600446428571429 0.10044642857142858 0.07254464285714286
17 0.5133928571428571 0.6026785714285714 0.10044642857142858 0.07700892857142858
17 0.4341517857142857 0.5669642857142857 0.08705357142857142 0.07700892857142858
15 0.43973214285714285 0.4642857142857143 0.07700892857142858 0.052455357142857144
14 0.5837053571428571 0.30691964285714285 0.07254464285714286 0.05803571428571429
14 0.5747767857142857 0.22991071428571427 0.08147321428571429 0.04799107142857143
14 0.6450892857142857 0.036830357142857144 0.07254464285714286 0.052455357142857144
14 0.7801339285714286 0.6584821428571429 0.06919642857142858 0.052455357142857144
14 0.9084821428571429 0.6908482142857143 0.06919642857142858 0.05580357142857143
14 0.48995535714285715 0.4029017857142857 0.08705357142857142 0.0625
14 0.3627232142857143 0.6439732142857143 0.07254464285714286 0.0625
14 0.265625 0.7901785714285714 0.07700892857142858 0.05803571428571429
14 0.09375 0.7645089285714286 0.07477678571428571 0.052455357142857144
5 0.6517857142857143 0.24330357142857142 0.09598214285714286 0.07700892857142858
17 0.03459821428571429 0.49888392857142855 0.06919642857142858 0.07700892857142858
5 0.9241071428571429 0.2533482142857143 0.09151785714285714 0.07700892857142858
5 0.9575892857142857 0.29910714285714285 0.08147321428571429 0.06696428571428571
5 0.9006696428571429 0.04799107142857143 0.09598214285714286 0.07700892857142858
5 0.31361607142857145 0.8895089285714286 0.08705357142857142 0.06919642857142858
5 0.8582589285714286 0.18415178571428573 0.09151785714285714 0.06696428571428571
17 0.03794642857142857 0.7745535714285714 0.07589285714285714 0.07589285714285714
17 0.32142857142857145 0.8337053571428571 0.11272321428571429 0.07924107142857142
5 0.11830357142857142 0.484375 0.08705357142857142 0.07700892857142858
8 0.6964285714285714 0.14620535714285715 0.08705357142857142 0.052455357142857144
15 0.828125 0.25669642857142855 0.08705357142857142 0.0625
15 0.8024553571428571 0.6127232142857143 0.08705357142857142 0.052455357142857144
15 0.6618303571428571 0.9508928571428571 0.08147321428571429 0.06473214285714286
15 0.7310267857142857 0.9587053571428571 0.08705357142857142 0.05803571428571429
15 0.3861607142857143 0.6897321428571429 0.08147321428571429 0.0625
18 0.5669642857142857 0.5133928571428571 0.06919642857142858 0.07254464285714286
17 0.6852678571428571 0.6272321428571429 0.09598214285714286 0.07254464285714286
14 0.6227678571428571 0.5513392857142857 0.07477678571428571 0.052455357142857144
14 0.5279017857142857 0.29129464285714285 0.07700892857142858 0.07254464285714286
17 0.5122767857142857 0.046875 0.10044642857142858 0.06919642857142858
17 0.4185267857142857 0.026785714285714284 0.10602678571428571 0.052455357142857144
17 0.4419642857142857 0.09821428571428571 0.09598214285714286 0.06919642857142858
17 0.40848214285714285 0.35825892857142855 0.08705357142857142 0.06473214285714286
14 0.20870535714285715 0.9698660714285714 0.06473214285714286 0.052455357142857144
17 0.36607142857142855 0.5279017857142857 0.09151785714285714 0.06696428571428571