11 0.11160714285714286 0.4575892857142857 0.11272321428571429 0.07700892857142858
11 0.17857142857142858 0.5066964285714286 0.11272321428571429 0.07700892857142858
11 0.5580357142857143 0.7254464285714286 0.11272321428571429 0.07700892857142858
11 0.25 0.17633928571428573 0.11272321428571429 0.07700892857142858
11 0.9040178571428571 0.6272321428571429 0.11272321428571429 0.07700892857142858
11 0.8761160714285714 0.8113839285714286 0.12053571428571429 0.08370535714285714
18 0.48660714285714285 0.8604910714285714 0.125 0.08705357142857142
18 0.47879464285714285 0.9207589285714286 0.10044642857142858 0.07254464285714286
18 0.18415178571428573 0.6316964285714286 0.11272321428571429 0.07700892857142858
18 0.05022321428571429 0.5401785714285714 0.10044642857142858 0.09375
18 0.6651785714285714 0.08928571428571429 0.09598214285714286 0.06696428571428571
15 0.30245535714285715 0.39174107142857145 0.09598214285714286 0.06696428571428571
17 0.41629464285714285 0.12053571428571429 0.11272321428571429 0.07700892857142858
17 0.28013392857142855 0.09821428571428571 0.11272321428571429 0.07700892857142858
17 0.6395089285714286 0.5904017857142857 0.11272321428571429 0.07700892857142858
17 0.8895089285714286 0.7377232142857143 0.11272321428571429 0.07700892857142858
17 0.7756696428571429 0.9040178571428571 0.11272321428571429 0.07700892857142858
8 0.6986607142857143 0.6361607142857143 0.09375 0.06473214285714286
14 0.43861607142857145 0.3169642857142857 0.08705357142857142 0.0625
14 0.34375 0.6662946428571429 0.08705357142857142 0.05803571428571429
5 0.3627232142857143 0.7845982142857143 0.11272321428571429 0.07700892857142858
12 0.41183035714285715 0.4720982142857143 0.033482142857142856 0.026785714285714284
12 0.16852678571428573 0.11049107142857142 0.060267857142857144 0.03794642857142857
12 0.15513392857142858 0.7991071428571429 0.04799107142857143 0.033482142857142856