14 0.31473214285714285 0.8392857142857143 0.09151785714285714 0.06696428571428571
14 0.06919642857142858 0.4341517857142857 0.06696428571428571 0.05803571428571429
1 0.6517857142857143 0.4419642857142857 0.09375 0.07254464285714286
1 0.6997767857142857 0.34933035714285715 0.09151785714285714 0.07477678571428571
1 0.17633928571428573 0.4341517857142857 0.08705357142857142 0.0625
1 0.29575892857142855 0.7566964285714286 0.10044642857142858 0.06919642857142858
1 0.5926339285714286 0.5680803571428571 0.08705357142857142 0.07254464285714286
1 0.46986607142857145 0.8683035714285714 0.09598214285714286 0.07254464285714286
1 0.45535714285714285 0.14397321428571427 0.09821428571428571 0.07700892857142858
1 0.78125 0.28013392857142855 0.09375 0.07700892857142858
1 0.7935267857142857 0.3470982142857143 0.10044642857142858 0.06919642857142858
1 0.9107142857142857 0.24553571428571427 0.08147321428571429 0.06696428571428571
1 0.9241071428571429 0.15625 0.08705357142857142 0.07700892857142858
1 0.9397321428571429 0.33482142857142855 0.09151785714285714 0.07477678571428571
1 0.7075892857142857 0.7801339285714286 0.09151785714285714 0.06919642857142858
1 0.8024553571428571 0.75 0.08370535714285714 0.06473214285714286
1 0.8136160714285714 0.8225446428571429 0.08928571428571429 0.06473214285714286
1 0.7957589285714286 0.08258928571428571 0.09151785714285714 0.06473214285714286
1 0.22433035714285715 0.6707589285714286 0.09151785714285714 0.060267857142857144
1 0.05022321428571429 0.671875 0.08705357142857142 0.06473214285714286
1 0.23995535714285715 0.09709821428571429 0.09151785714285714 0.0625
1 0.14397321428571427 0.32254464285714285 0.09151785714285714 0.07254464285714286
1 0.8526785714285714 0.5915178571428571 0.09598214285714286 0.06696428571428571
1 0.06808035714285714 0.6060267857142857 0.07700892857142858 0.0625
1 0.4497767857142857 0.6964285714285714 0.09598214285714286 0.06919642857142858
1 0.4330357142857143 0.5524553571428571 0.09598214285714286 0.07254464285714286
1 0.4966517857142857 0.4341517857142857 0.09151785714285714 0.07477678571428571
1 0.5133928571428571 0.5379464285714286 0.08705357142857142 0.07700892857142858
1 0.9676339285714286 0.7555803571428571 0.06473214285714286 0.07254464285714286
1 0.9609375 0.4955357142857143 0.078125 0.07589285714285714
17 0.8962053571428571 0.44419642857142855 0.09598214285714286 0.06473214285714286
12 0.10044642857142858 0.9799107142857143 0.03794642857142857 0.029017857142857144
12 0.03459821428571429 0.12165178571428571 0.03794642857142857 0.03571428571428571
12 0.024553571428571428 0.39955357142857145 0.041294642857142856 0.029017857142857144
12 0.15513392857142858 0.6462053571428571 0.04799107142857143 0.024553571428571428
12 0.15513392857142858 0.7075892857142857 0.052455357142857144 0.03571428571428571
12 0.4810267857142857 0.7689732142857143 0.041294642857142856 0.026785714285714284
12 0.40066964285714285 0.5 0.04352678571428571 0.021205357142857144
12 0.34486607142857145 0.203125 0.052455357142857144 0.04799107142857143
12 0.26450892857142855 0.06584821428571429 0.03794642857142857 0.024553571428571428
12 0.5345982142857143 0.15178571428571427 0.04799107142857143 0.03125
12 0.5089285714285714 0.24665178571428573 0.03571428571428571 0.029017857142857144
12 0.9877232142857143 0.09486607142857142 0.024553571428571428 0.03571428571428571
12 0.9330357142857143 0.6417410714285714 0.03571428571428571 0.024553571428571428
1 0.43861607142857145 0.22991071428571427 0.10044642857142858 0.06696428571428571
17 0.15401785714285715 0.08035714285714286 0.09151785714285714 0.06696428571428571