13 0.875 0.6261160714285714 0.22879464285714285 0.3392857142857143
13 0.046875 0.6863839285714286 0.09375 0.29129464285714285
13 0.056919642857142856 0.9542410714285714 0.11272321428571429 0.08705357142857142
13 0.49441964285714285 0.9229910714285714 0.3169642857142857 0.14955357142857142
13 0.20535714285714285 0.11383928571428571 0.24553571428571427 0.22321428571428573
13 0.9564732142857143 0.7332589285714286 0.08705357142857142 0.20424107142857142
13 0.6395089285714286 0.6350446428571429 0.25 0.25223214285714285
13 0.46763392857142855 0.16183035714285715 0.20200892857142858 0.23549107142857142
6 0.5513392857142857 0.4799107142857143 0.34598214285714285 0.2767857142857143
13 0.39620535714285715 0.9441964285714286 0.23325892857142858 0.11049107142857142
13 0.06584821428571429 0.22879464285714285 0.13169642857142858 0.19754464285714285
13 0.5122767857142857 0.8169642857142857 0.22544642857142858 0.18526785714285715
12 0.9341517857142857 0.9151785714285714 0.13169642857142858 0.16071428571428573
13 0.078125 0.49107142857142855 0.15625 0.21651785714285715
13 0.32700892857142855 0.16852678571428573 0.22098214285714285 0.22544642857142858
13 0.8582589285714286 0.38504464285714285 0.27901785714285715 0.26674107142857145
13 0.6863839285714286 0.11160714285714286 0.25 0.22321428571428573
13 0.16183035714285715 0.8448660714285714 0.29799107142857145 0.27120535714285715