12 0.20870535714285715 0.39620535714285715 0.024553571428571428 0.03571428571428571
12 0.11495535714285714 0.31473214285714285 0.029017857142857144 0.029017857142857144
12 0.14620535714285715 0.47433035714285715 0.018973214285714284 0.03571428571428571
12 0.5926339285714286 0.40066964285714285 0.024553571428571428 0.029017857142857144
12 0.9229910714285714 0.41629464285714285 0.033482142857142856 0.041294642857142856
12 0.9241071428571429 0.033482142857142856 0.029017857142857144 0.04352678571428571
12 0.9375 0.16964285714285715 0.03125 0.04575892857142857
12 0.7399553571428571 0.7946428571428571 0.029017857142857144 0.03794642857142857
12 0.7611607142857143 0.7433035714285714 0.021205357142857144 0.03125
14 0.6138392857142857 0.2935267857142857 0.10379464285714286 0.06473214285714286
17 0.671875 0.19419642857142858 0.07254464285714286 0.08705357142857142
17 0.48325892857142855 0.35714285714285715 0.07477678571428571 0.09821428571428571
17 0.8805803571428571 0.45982142857142855 0.06919642857142858 0.09598214285714286
1 0.6808035714285714 0.36830357142857145 0.06473214285714286 0.10044642857142858
1 0.19308035714285715 0.9051339285714286 0.06696428571428571 0.08705357142857142
1 0.29799107142857145 0.6272321428571429 0.08705357142857142 0.08370535714285714
1 0.3638392857142857 0.09263392857142858 0.06696428571428571 0.09598214285714286
17 0.06473214285714286 0.5513392857142857 0.06919642857142858 0.10602678571428571
17 0.05915178571428571 0.4263392857142857 0.0625 0.10602678571428571
17 0.5825892857142857 0.5379464285714286 0.06473214285714286 0.09375
1 0.8002232142857143 0.7511160714285714 0.07477678571428571 0.09598214285714286
2 0.46986607142857145 0.8928571428571429 0.09151785714285714 0.07924107142857142