11 0.5022321428571429 0.046875 0.11049107142857142 0.0625
16 0.04799107142857143 0.24553571428571427 0.09598214285714286 0.06696428571428571
16 0.046875 0.3169642857142857 0.09375 0.07254464285714286
16 0.09598214285714286 0.48325892857142855 0.11272321428571429 0.07700892857142858
16 0.21875 0.515625 0.11272321428571429 0.07700892857142858
16 0.42299107142857145 0.31361607142857145 0.11272321428571429 0.07700892857142858
16 0.4955357142857143 0.30580357142857145 0.07924107142857142 0.06919642857142858
16 0.5111607142857143 0.22433035714285715 0.11272321428571429 0.07700892857142858
17 0.609375 0.14732142857142858 0.11272321428571429 0.07700892857142858
16 0.29799107142857145 0.14285714285714285 0.09598214285714286 0.06919642857142858
16 0.24776785714285715 0.033482142857142856 0.09821428571428571 0.06696428571428571
16 0.7154017857142857 0.140625 0.09598214285714286 0.05803571428571429
16 0.8582589285714286 0.4408482142857143 0.11272321428571429 0.07700892857142858
16 0.8549107142857143 0.5212053571428571 0.11272321428571429 0.07700892857142858
16 0.9497767857142857 0.5959821428571429 0.10044642857142858 0.07700892857142858
16 0.8002232142857143 0.6004464285714286 0.11272321428571429 0.07700892857142858
16 0.59375 0.5725446428571429 0.11272321428571429 0.07700892857142858
16 0.6729910714285714 0.5189732142857143 0.11272321428571429 0.07700892857142858
16 0.9162946428571429 0.13727678571428573 0.08705357142857142 0.06696428571428571
16 0.7589285714285714 0.19084821428571427 0.09375 0.06473214285714286
16 0.2857142857142857 0.2924107142857143 0.09821428571428571 0.07700892857142858
16 0.3861607142857143 0.6395089285714286 0.11272321428571429 0.07700892857142858
16 0.46316964285714285 0.6305803571428571 0.11272321428571429 0.07700892857142858
16 0.3247767857142857 0.6763392857142857 0.11272321428571429 0.07700892857142858
16 0.24441964285714285 0.7622767857142857 0.11272321428571429 0.07924107142857142
16 0.10602678571428571 0.7689732142857143 0.11272321428571429 0.07700892857142858
16 0.08147321428571429 0.7020089285714286 0.11272321428571429 0.07924107142857142
16 0.16852678571428573 0.7220982142857143 0.11272321428571429 0.07924107142857142
16 0.17633928571428573 0.8180803571428571 0.11272321428571429 0.07924107142857142
16 0.26339285714285715 0.9620535714285714 0.11160714285714286 0.07589285714285714
16 0.3314732142857143 0.9095982142857143 0.11272321428571429 0.07924107142857142
16 0.40066964285714285 0.90625 0.11272321428571429 0.07700892857142858
16 0.453125 0.9620535714285714 0.11160714285714286 0.07589285714285714
16 0.6506696428571429 0.9676339285714286 0.11272321428571429 0.0625
16 0.3470982142857143 0.7377232142857143 0.11272321428571429 0.07700892857142858
16 0.5535714285714286 0.7388392857142857 0.11272321428571429 0.07700892857142858
16 0.9040178571428571 0.796875 0.11272321428571429 0.07700892857142858
16 0.8872767857142857 0.6551339285714286 0.11272321428571429 0.07700892857142858
16 0.6473214285714286 0.6104910714285714 0.11272321428571429 0.07700892857142858
16 0.6785714285714286 0.6930803571428571 0.11272321428571429 0.07700892857142858
16 0.7220982142857143 0.33816964285714285 0.08147321428571429 0.07254464285714286
16 0.7845982142857143 0.26004464285714285 0.09375 0.06696428571428571
16 0.5290178571428571 0.48325892857142855 0.11272321428571429 0.07700892857142858
5 0.4263392857142857 0.48549107142857145 0.11272321428571429 0.07700892857142858
5 0.34598214285714285 0.37388392857142855 0.11272321428571429 0.07700892857142858
16 0.34933035714285715 0.5055803571428571 0.11272321428571429 0.07700892857142858
5 0.7589285714285714 0.07366071428571429 0.10602678571428571 0.07700892857142858
13 0.17522321428571427 0.4375 0.11272321428571429 0.07700892857142858
13 0.8805803571428571 0.9308035714285714 0.11272321428571429 0.07924107142857142
13 0.140625 0.22544642857142858 0.10044642857142858 0.07700892857142858
13 0.140625 0.31361607142857145 0.09821428571428571 0.07254464285714286
13 0.7522321428571429 0.8560267857142857 0.11272321428571429 0.07924107142857142
13 0.8348214285714286 0.8504464285714286 0.11272321428571429 0.07924107142857142
16 0.6752232142857143 0.859375 0.11272321428571429 0.07700892857142858
16 0.6997767857142857 0.9274553571428571 0.11272321428571429 0.07700892857142858
16 0.7924107142857143 0.9229910714285714 0.11272321428571429 0.07700892857142858
16 0.5625 0.6607142857142857 0.11272321428571429 0.07700892857142858
5 0.4408482142857143 0.7131696428571429 0.11272321428571429 0.07700892857142858
13 0.375 0.8370535714285714 0.11272321428571429 0.07924107142857142
16 0.060267857142857144 0.546875 0.09375 0.07700892857142858
5 0.47098214285714285 0.5569196428571429 0.11272321428571429 0.07700892857142858
16 0.7622767857142857 0.5066964285714286 0.11272321428571429 0.07700892857142858
5 0.23883928571428573 0.3314732142857143 0.11272321428571429 0.07700892857142858
5 0.4095982142857143 0.22433035714285715 0.11272321428571429 0.07700892857142858
5 0.5145089285714286 0.40736607142857145 0.11272321428571429 0.07700892857142858
13 0.23772321428571427 0.8816964285714286 0.11272321428571429 0.07924107142857142
16 0.4174107142857143 0.7622767857142857 0.11272321428571429 0.07700892857142858
13 0.6417410714285714 0.375 0.10044642857142858 0.07254464285714286
13 0.7377232142857143 0.6305803571428571 0.11272321428571429 0.07700892857142858
13 0.07366071428571429 0.17857142857142858 0.10602678571428571 0.07254464285714286
13 0.11383928571428571 0.38169642857142855 0.10044642857142858 0.06696428571428571
13 0.9441964285714286 0.515625 0.11049107142857142 0.07700892857142858
13 0.7667410714285714 0.42075892857142855 0.09151785714285714 0.07477678571428571
16 0.5055803571428571 0.11160714285714286 0.09598214285714286 0.07477678571428571