12 0.39285714285714285 0.19419642857142858 0.09821428571428571 0.08705357142857142
13 0.9520089285714286 0.7098214285714286 0.09151785714285714 0.23549107142857142
13 0.06808035714285714 0.8895089285714286 0.13504464285714285 0.22098214285714285
13 0.9397321428571429 0.13950892857142858 0.12053571428571429 0.20200892857142858
13 0.38058035714285715 0.7220982142857143 0.23995535714285715 0.22544642857142858
13 0.7589285714285714 0.10379464285714286 0.23995535714285715 0.20647321428571427
6 0.5055803571428571 0.4966517857142857 0.32924107142857145 0.3482142857142857
13 0.5792410714285714 0.8392857142857143 0.23549107142857142 0.21875
13 0.11941964285714286 0.10714285714285714 0.22879464285714285 0.20424107142857142
13 0.23883928571428573 0.5368303571428571 0.21651785714285715 0.21651785714285715
13 0.12611607142857142 0.32924107142857145 0.22098214285714285 0.21875
13 0.7689732142857143 0.515625 0.20424107142857142 0.19977678571428573
13 0.9107142857142857 0.3861607142857143 0.17299107142857142 0.19196428571428573
13 0.8839285714285714 0.90625 0.23214285714285715 0.1875
13 0.33705357142857145 0.34151785714285715 0.19419642857142858 0.1875