15 0.203125 0.44754464285714285 0.06696428571428571 0.060267857142857144
5 0.39955357142857145 0.36160714285714285 0.09598214285714286 0.06473214285714286
13 0.3560267857142857 0.08370535714285714 0.08705357142857142 0.06696428571428571
5 0.33816964285714285 0.8537946428571429 0.08928571428571429 0.07254464285714286
8 0.8683035714285714 0.6127232142857143 0.07700892857142858 0.060267857142857144
8 0.5915178571428571 0.7700892857142857 0.08147321428571429 0.0625
5 0.8604910714285714 0.08147321428571429 0.10044642857142858 0.07254464285714286
12 0.8895089285714286 0.7533482142857143 0.026785714285714284 0.018973214285714284
12 0.8616071428571429 0.8783482142857143 0.026785714285714284 0.018973214285714284
12 0.7700892857142857 0.9308035714285714 0.024553571428571428 0.014508928571428572
12 0.6205357142857143 0.8928571428571429 0.024553571428571428 0.018973214285714284
12 0.46763392857142855 0.828125 0.024553571428571428 0.018973214285714284
12 0.29799107142857145 0.8080357142857143 0.021205357142857144 0.014508928571428572
12 0.27232142857142855 0.8002232142857143 0.026785714285714284 0.018973214285714284
12 0.24330357142857142 0.8526785714285714 0.024553571428571428 0.016741071428571428
12 0.26674107142857145 0.8314732142857143 0.018973214285714284 0.014508928571428572
12 0.21986607142857142 0.9174107142857143 0.024553571428571428 0.016741071428571428
12 0.25892857142857145 0.9888392857142857 0.021205357142857144 0.014508928571428572
12 0.46875 0.48995535714285715 0.018973214285714284 0.014508928571428572
12 0.5267857142857143 0.5770089285714286 0.024553571428571428 0.018973214285714284
12 0.5457589285714286 0.5892857142857143 0.024553571428571428 0.018973214285714284
12 0.6227678571428571 0.5647321428571429 0.033482142857142856 0.024553571428571428
17 0.6529017857142857 0.24553571428571427 0.09598214285714286 0.06473214285714286
12 0.2845982142857143 0.19642857142857142 0.024553571428571428 0.016741071428571428
12 0.6160714285714286 0.07142857142857142 0.024553571428571428 0.024553571428571428
12 0.7209821428571429 0.18638392857142858 0.024553571428571428 0.016741071428571428
12 0.8270089285714286 0.12611607142857142 0.029017857142857144 0.024553571428571428
12 0.6082589285714286 0.29799107142857145 0.024553571428571428 0.016741071428571428
12 0.9397321428571429 0.43526785714285715 0.024553571428571428 0.018973214285714284
12 0.7488839285714286 0.5758928571428571 0.029017857142857144 0.021205357142857144
12 0.7689732142857143 0.5524553571428571 0.029017857142857144 0.018973214285714284
12 0.8191964285714286 0.6417410714285714 0.018973214285714284 0.018973214285714284
12 0.29910714285714285 0.7857142857142857 0.03125 0.018973214285714284
12 0.7767857142857143 0.22991071428571427 0.029017857142857144 0.018973214285714284
12 0.8058035714285714 0.15848214285714285 0.024553571428571428 0.016741071428571428
12 0.45089285714285715 0.12053571428571429 0.024553571428571428 0.016741071428571428
12 0.44642857142857145 0.09821428571428571 0.024553571428571428 0.014508928571428572
1 0.33370535714285715 0.7444196428571429 0.07700892857142858 0.06696428571428571
1 0.9419642857142857 0.8024553571428571 0.09151785714285714 0.07924107142857142