1 0.5412946428571429 0.7310267857142857 0.06919642857142858 0.09375
1 0.5212053571428571 0.6551339285714286 0.06696428571428571 0.08147321428571429
13 0.4497767857142857 0.6071428571428571 0.0625 0.08928571428571429
8 0.28236607142857145 0.036830357142857144 0.05803571428571429 0.07254464285714286
1 0.38058035714285715 0.7455357142857143 0.07700892857142858 0.09375
1 0.27120535714285715 0.9185267857142857 0.07924107142857142 0.11272321428571429
1 0.5591517857142857 0.09486607142857142 0.07254464285714286 0.10825892857142858
1 0.6383928571428571 0.11607142857142858 0.06919642857142858 0.09151785714285714
1 0.7511160714285714 0.17075892857142858 0.06696428571428571 0.09821428571428571
1 0.13727678571428573 0.2935267857142857 0.07477678571428571 0.08705357142857142
1 0.08928571428571429 0.78125 0.07477678571428571 0.09821428571428571
17 0.21986607142857142 0.3125 0.07924107142857142 0.11272321428571429
17 0.8604910714285714 0.2767857142857143 0.06919642857142858 0.08370535714285714
11 0.05357142857142857 0.09709821428571429 0.07477678571428571 0.08370535714285714
2 0.13727678571428573 0.3705357142857143 0.07700892857142858 0.08370535714285714
1 0.056919642857142856 0.8549107142857143 0.07477678571428571 0.09151785714285714
1 0.31138392857142855 0.35714285714285715 0.06919642857142858 0.08705357142857142
1 0.24888392857142858 0.38950892857142855 0.07254464285714286 0.09151785714285714
12 0.0625 0.18080357142857142 0.029017857142857144 0.05022321428571429
12 0.014508928571428572 0.23772321428571427 0.029017857142857144 0.033482142857142856
12 0.08370535714285714 0.29017857142857145 0.03125 0.04352678571428571
12 0.4252232142857143 0.27120535714285715 0.03125 0.04352678571428571
12 0.43080357142857145 0.33370535714285715 0.026785714285714284 0.03794642857142857
12 0.15625 0.43080357142857145 0.03125 0.03571428571428571
12 0.3783482142857143 0.48325892857142855 0.026785714285714284 0.04575892857142857
12 0.5100446428571429 0.43973214285714285 0.029017857142857144 0.05022321428571429
12 0.640625 0.19754464285714285 0.03125 0.03571428571428571
12 0.7087053571428571 0.5457589285714286 0.024553571428571428 0.033482142857142856
12 0.7276785714285714 0.7756696428571429 0.029017857142857144 0.04352678571428571
12 0.8772321428571429 0.8794642857142857 0.026785714285714284 0.03794642857142857
12 0.32700892857142855 0.8694196428571429 0.029017857142857144 0.033482142857142856
17 0.6450892857142857 0.35379464285714285 0.06919642857142858 0.09375
17 0.9631696428571429 0.40625 0.06473214285714286 0.08705357142857142
17 0.9497767857142857 0.12611607142857142 0.06473214285714286 0.08928571428571429