10 0.28013392857142855 0.32254464285714285 0.13727678571428573 0.5245535714285714
12 0.48325892857142855 0.3861607142857143 0.060267857142857144 0.06696428571428571
13 0.7477678571428571 0.24107142857142858 0.28125 0.30245535714285715
13 0.5558035714285714 0.11272321428571429 0.2935267857142857 0.22544642857142858
12 0.8973214285714286 0.04575892857142857 0.08928571428571429 0.05580357142857143
6 0.6049107142857143 0.46205357142857145 0.41629464285714285 0.33705357142857145
13 0.9095982142857143 0.3091517857142857 0.18080357142857142 0.2622767857142857
13 0.8013392857142857 0.5770089285714286 0.3247767857142857 0.10602678571428571
6 0.15066964285714285 0.7165178571428571 0.3002232142857143 0.17299107142857142
13 0.2533482142857143 0.8325892857142857 0.18973214285714285 0.25223214285714285
13 0.6964285714285714 0.9598214285714286 0.25223214285714285 0.07924107142857142
13 0.9207589285714286 0.90625 0.15848214285714285 0.1875
13 0.5747767857142857 0.9319196428571429 0.25223214285714285 0.13616071428571427
13 0.390625 0.796875 0.08370535714285714 0.20870535714285715
13 0.5011160714285714 0.7332589285714286 0.24776785714285715 0.20647321428571427
6 0.7723214285714286 0.8147321428571429 0.45424107142857145 0.3705357142857143