13 0.32254464285714285 0.08705357142857142 0.15401785714285715 0.17299107142857142
13 0.25223214285714285 0.10714285714285714 0.23995535714285715 0.21428571428571427
3 0.2689732142857143 0.41964285714285715 0.26004464285714285 0.4497767857142857
13 0.08816964285714286 0.28794642857142855 0.17522321428571427 0.27901785714285715
13 0.06919642857142858 0.5513392857142857 0.13839285714285715 0.22321428571428573
13 0.041294642857142856 0.08705357142857142 0.08147321428571429 0.17299107142857142
13 0.9520089285714286 0.09040178571428571 0.09598214285714286 0.18080357142857142
3 0.5814732142857143 0.30357142857142855 0.36495535714285715 0.4732142857142857
13 0.7611607142857143 0.10044642857142858 0.26785714285714285 0.20089285714285715
13 0.8549107142857143 0.40066964285714285 0.24553571428571427 0.2622767857142857
13 0.9095982142857143 0.6026785714285714 0.18080357142857142 0.17522321428571427
10 0.13839285714285715 0.84375 0.2767857142857143 0.3080357142857143
0 0.7544642857142857 0.8448660714285714 0.41294642857142855 0.31026785714285715
13 0.9587053571428571 0.8962053571428571 0.08147321428571429 0.20647321428571427
13 0.4330357142857143 0.9196428571428571 0.06696428571428571 0.16071428571428573