18 0.06584821428571429 0.5111607142857143 0.13169642857142858 0.06473214285714286
14 0.15178571428571427 0.796875 0.08705357142857142 0.0625
7 0.6629464285714286 0.9051339285714286 0.12723214285714285 0.08928571428571429
7 0.3872767857142857 0.859375 0.11272321428571429 0.07924107142857142
11 0.6540178571428571 0.5357142857142857 0.11495535714285714 0.08147321428571429
11 0.49776785714285715 0.33370535714285715 0.08705357142857142 0.07700892857142858
17 0.6540178571428571 0.6283482142857143 0.10825892857142858 0.07924107142857142
17 0.7488839285714286 0.16964285714285715 0.10602678571428571 0.08147321428571429
17 0.4564732142857143 0.16517857142857142 0.10602678571428571 0.08705357142857142
11 0.26339285714285715 0.10714285714285714 0.10602678571428571 0.08705357142857142
12 0.8761160714285714 0.8694196428571429 0.03125 0.024553571428571428
12 0.3470982142857143 0.5491071428571429 0.029017857142857144 0.021205357142857144