15 0.49107142857142855 0.19642857142857142 0.07700892857142858 0.05803571428571429
15 0.6685267857142857 0.2857142857142857 0.08705357142857142 0.07254464285714286
15 0.8247767857142857 0.2622767857142857 0.07924107142857142 0.0625
15 0.8169642857142857 0.33482142857142855 0.09598214285714286 0.06696428571428571
15 0.8459821428571429 0.41183035714285715 0.06696428571428571 0.05022321428571429
15 0.9017857142857143 0.4408482142857143 0.08147321428571429 0.06473214285714286
15 0.8794642857142857 0.5658482142857143 0.08705357142857142 0.05803571428571429
15 0.9397321428571429 0.8314732142857143 0.07477678571428571 0.060267857142857144
15 0.9475446428571429 0.8783482142857143 0.07254464285714286 0.04799107142857143
15 0.9174107142857143 0.9341517857142857 0.08705357142857142 0.0625
15 0.8002232142857143 0.7466517857142857 0.11272321428571429 0.07924107142857142
15 0.7276785714285714 0.6551339285714286 0.06696428571428571 0.0625
15 0.7533482142857143 0.7176339285714286 0.11272321428571429 0.07924107142857142
15 0.7098214285714286 0.7566964285714286 0.11272321428571429 0.07700892857142858
15 0.5959821428571429 0.9564732142857143 0.11272321428571429 0.07924107142857142
15 0.5424107142857143 0.8950892857142857 0.11272321428571429 0.07700892857142858
15 0.46986607142857145 0.8738839285714286 0.08705357142857142 0.06696428571428571
15 0.5591517857142857 0.84375 0.09151785714285714 0.060267857142857144
15 0.5357142857142857 0.6930803571428571 0.08147321428571429 0.06696428571428571
15 0.5301339285714286 0.6205357142857143 0.09821428571428571 0.07254464285714286
15 0.5959821428571429 0.5837053571428571 0.06696428571428571 0.052455357142857144
15 0.6049107142857143 0.47544642857142855 0.11272321428571429 0.07700892857142858
1 0.6205357142857143 0.14620535714285715 0.08370535714285714 0.0625
15 0.14508928571428573 0.5167410714285714 0.08705357142857142 0.05803571428571429
15 0.33816964285714285 0.5122767857142857 0.11272321428571429 0.07700892857142858
15 0.26785714285714285 0.3560267857142857 0.08705357142857142 0.06473214285714286
15 0.3169642857142857 0.27566964285714285 0.08147321428571429 0.0625
15 0.47433035714285715 0.4732142857142857 0.08147321428571429 0.0625
15 0.30245535714285715 0.8270089285714286 0.07477678571428571 0.05580357142857143
15 0.3392857142857143 0.5926339285714286 0.07477678571428571 0.052455357142857144
15 0.14508928571428573 0.6618303571428571 0.09375 0.06696428571428571
15 0.19642857142857142 0.96875 0.11272321428571429 0.0625
15 0.23214285714285715 0.09040178571428571 0.08147321428571429 0.0625
15 0.10714285714285714 0.12946428571428573 0.08147321428571429 0.0625
1 0.5881696428571429 0.03459821428571429 0.08928571428571429 0.0625
2 0.9229910714285714 0.24441964285714285 0.060267857142857144 0.07700892857142858
1 0.44754464285714285 0.8035714285714286 0.07700892857142858 0.06696428571428571