13 0.027901785714285716 0.32142857142857145 0.05580357142857143 0.17745535714285715
12 0.8995535714285714 0.5 0.10825892857142858 0.09151785714285714
13 0.2845982142857143 0.43191964285714285 0.19754464285714285 0.21875
13 0.7801339285714286 0.5435267857142857 0.23995535714285715 0.23325892857142858
13 0.6941964285714286 0.9598214285714286 0.24553571428571427 0.07924107142857142
13 0.8325892857142857 0.03125 0.19419642857142858 0.0625
6 0.5033482142857143 0.49888392857142855 0.31473214285714285 0.30245535714285715
13 0.45424107142857145 0.234375 0.21428571428571427 0.22544642857142858
13 0.10602678571428571 0.47767857142857145 0.20647321428571427 0.25223214285714285
13 0.9308035714285714 0.7008928571428571 0.13839285714285715 0.20535714285714285
13 0.9397321428571429 0.9051339285714286 0.12053571428571429 0.18526785714285715
13 0.6674107142857143 0.7611607142857143 0.23995535714285715 0.24330357142857142
13 0.9341517857142857 0.17745535714285715 0.12723214285714285 0.21875
13 0.19977678571428573 0.24107142857142858 0.22321428571428573 0.18526785714285715
13 0.7979910714285714 0.31361607142857145 0.19754464285714285 0.19196428571428573
13 0.34151785714285715 0.7098214285714286 0.23325892857142858 0.1875