13 0.7354910714285714 0.8013392857142857 0.11272321428571429 0.07924107142857142
2 0.6316964285714286 0.12388392857142858 0.06696428571428571 0.08370535714285714
11 0.6863839285714286 0.13727678571428573 0.09598214285714286 0.05803571428571429
11 0.7511160714285714 0.12723214285714285 0.08370535714285714 0.06696428571428571
11 0.7991071428571429 0.08258928571428571 0.10044642857142858 0.0625
11 0.8381696428571429 0.15625 0.11272321428571429 0.07700892857142858
11 0.6908482142857143 0.20424107142857142 0.07477678571428571 0.07700892857142858
2 0.6205357142857143 0.26450892857142855 0.11272321428571429 0.05580357142857143
11 0.6071428571428571 0.30580357142857145 0.09598214285714286 0.05803571428571429
2 0.5636160714285714 0.21316964285714285 0.07700892857142858 0.05022321428571429
14 0.4955357142857143 0.11160714285714286 0.08705357142857142 0.05803571428571429
11 0.5613839285714286 0.041294642857142856 0.08370535714285714 0.06696428571428571
11 0.45982142857142855 0.04799107142857143 0.11272321428571429 0.07700892857142858
11 0.41517857142857145 0.10825892857142858 0.11272321428571429 0.07700892857142858
11 0.38392857142857145 0.22879464285714285 0.08928571428571429 0.06696428571428571
11 0.32700892857142855 0.28236607142857145 0.08928571428571429 0.05803571428571429
2 0.029017857142857144 0.23995535714285715 0.05803571428571429 0.08147321428571429
2 0.03236607142857143 0.3169642857142857 0.06473214285714286 0.08370535714285714
11 0.109375 0.42299107142857145 0.08147321428571429 0.06919642857142858
11 0.23660714285714285 0.39620535714285715 0.09375 0.052455357142857144
13 0.28013392857142855 0.5167410714285714 0.08147321428571429 0.0625
7 0.3392857142857143 0.4642857142857143 0.08928571428571429 0.07254464285714286
11 0.30245535714285715 0.34375 0.08147321428571429 0.06473214285714286
11 0.10602678571428571 0.21428571428571427 0.08147321428571429 0.06696428571428571
8 0.28125 0.21205357142857142 0.07477678571428571 0.05803571428571429
2 0.26004464285714285 0.06696428571428571 0.07700892857142858 0.07700892857142858
11 0.32142857142857145 0.11941964285714286 0.08147321428571429 0.06696428571428571
11 0.09821428571428571 0.09598214285714286 0.09598214285714286 0.05803571428571429
11 0.0625 0.6227678571428571 0.10602678571428571 0.052455357142857144
11 0.04241071428571429 0.6729910714285714 0.08370535714285714 0.05580357142857143
11 0.140625 0.6741071428571429 0.09821428571428571 0.06473214285714286
2 0.34151785714285715 0.6763392857142857 0.08928571428571429 0.06919642857142858
11 0.42075892857142855 0.6551339285714286 0.10044642857142858 0.0625
11 0.38392857142857145 0.5245535714285714 0.09375 0.0625
11 0.46316964285714285 0.47879464285714285 0.07254464285714286 0.07700892857142858
11 0.5825892857142857 0.5457589285714286 0.08705357142857142 0.06473214285714286
11 0.5513392857142857 0.6919642857142857 0.07254464285714286 0.06696428571428571
2 0.6127232142857143 0.7399553571428571 0.06696428571428571 0.07700892857142858
11 0.6395089285714286 0.671875 0.07254464285714286 0.06473214285714286
11 0.46651785714285715 0.7176339285714286 0.06696428571428571 0.07700892857142858
2 0.42075892857142855 0.8080357142857143 0.08705357142857142 0.07700892857142858
11 0.37388392857142855 0.8537946428571429 0.07254464285714286 0.07254464285714286
11 0.36160714285714285 0.9263392857142857 0.08147321428571429 0.07924107142857142
11 0.3080357142857143 0.8180803571428571 0.09598214285714286 0.06473214285714286
1 0.14620535714285715 0.9241071428571429 0.10044642857142858 0.07254464285714286
11 0.15178571428571427 0.8058035714285714 0.08370535714285714 0.07254464285714286
11 0.07142857142857142 0.8381696428571429 0.08370535714285714 0.060267857142857144
13 0.14508928571428573 0.7444196428571429 0.09151785714285714 0.06473214285714286
13 0.049107142857142856 0.9252232142857143 0.07700892857142858 0.06696428571428571
13 0.041294642857142856 0.5323660714285714 0.08147321428571429 0.07700892857142858
2 0.04575892857142857 0.7410714285714286 0.0625 0.07700892857142858
11 0.7455357142857143 0.34375 0.10044642857142858 0.05803571428571429
11 0.7544642857142857 0.5747767857142857 0.08928571428571429 0.06696428571428571
1 0.8225446428571429 0.734375 0.08147321428571429 0.07700892857142858
11 0.9118303571428571 0.8761160714285714 0.10044642857142858 0.05803571428571429
11 0.8783482142857143 0.9665178571428571 0.07254464285714286 0.06473214285714286
11 0.6729910714285714 0.890625 0.08705357142857142 0.06919642857142858
2 0.5870535714285714 0.9073660714285714 0.06696428571428571 0.07700892857142858
2 0.8995535714285714 0.7857142857142857 0.07254464285714286 0.07700892857142858
11 0.875 0.6919642857142857 0.08147321428571429 0.06919642857142858
11 0.9508928571428571 0.5022321428571429 0.09151785714285714 0.06696428571428571
11 0.9274553571428571 0.32142857142857145 0.07700892857142858 0.06696428571428571
11 0.9542410714285714 0.2533482142857143 0.09151785714285714 0.06696428571428571
11 0.6506696428571429 0.8080357142857143 0.09821428571428571 0.05803571428571429
11 0.6216517857142857 0.9676339285714286 0.09598214285714286 0.05803571428571429
2 0.5089285714285714 0.9073660714285714 0.10602678571428571 0.0625
13 0.7712053571428571 0.8850446428571429 0.09375 0.06696428571428571
14 0.7957589285714286 0.9430803571428571 0.07254464285714286 0.04575892857142857
14 0.16517857142857142 0.33816964285714285 0.08705357142857142 0.06919642857142858
16 0.22321428571428573 0.7979910714285714 0.07700892857142858 0.06919642857142858
13 0.17075892857142858 0.27566964285714285 0.09151785714285714 0.0625
13 0.036830357142857144 0.15401785714285715 0.07366071428571429 0.07142857142857142
13 0.7254464285714286 0.026785714285714284 0.09598214285714286 0.052455357142857144
14 0.8816964285714286 0.21763392857142858 0.08147321428571429 0.0625
11 0.8850446428571429 0.35044642857142855 0.07700892857142858 0.07254464285714286
11 0.7008928571428571 0.9676339285714286 0.07477678571428571 0.06473214285714286
13 0.9441964285714286 0.9475446428571429 0.08370535714285714 0.06696428571428571
13 0.9631696428571429 0.7779017857142857 0.07254464285714286 0.0625
11 0.9508928571428571 0.6997767857142857 0.07254464285714286 0.08147321428571429
11 0.9665178571428571 0.44754464285714285 0.06696428571428571 0.0625
11 0.7332589285714286 0.6618303571428571 0.08370535714285714 0.05803571428571429
13 0.5892857142857143 0.3638392857142857 0.09151785714285714 0.07254464285714286
11 0.6227678571428571 0.49888392857142855 0.11272321428571429 0.07700892857142858
2 0.5279017857142857 0.46875 0.07924107142857142 0.07477678571428571
2 0.22209821428571427 0.7087053571428571 0.07254464285714286 0.07700892857142858
2 0.7511160714285714 0.7433035714285714 0.09151785714285714 0.07254464285714286
13 0.8136160714285714 0.23660714285714285 0.08705357142857142 0.06696428571428571
13 0.8850446428571429 0.27232142857142855 0.09151785714285714 0.06696428571428571