13 0.5122767857142857 0.5691964285714286 0.06473214285714286 0.07700892857142858
13 0.5691964285714286 0.49776785714285715 0.07477678571428571 0.09151785714285714
7 0.19308035714285715 0.20647321428571427 0.07924107142857142 0.11272321428571429
11 0.5837053571428571 0.7522321428571429 0.08147321428571429 0.09151785714285714
7 0.5479910714285714 0.9196428571428571 0.07924107142857142 0.11272321428571429
11 0.7901785714285714 0.23772321428571427 0.07477678571428571 0.09375
11 0.9207589285714286 0.20647321428571427 0.07924107142857142 0.07924107142857142
19 0.11830357142857142 0.4185267857142857 0.11495535714285714 0.13169642857142858
19 0.16294642857142858 0.3091517857142857 0.08705357142857142 0.11495535714285714
19 0.8694196428571429 0.32700892857142855 0.11272321428571429 0.15625
19 0.6930803571428571 0.7310267857142857 0.10044642857142858 0.15178571428571427
12 0.5625 0.6629464285714286 0.029017857142857144 0.04799107142857143
12 0.31473214285714285 0.8392857142857143 0.026785714285714284 0.033482142857142856