2 0.8727678571428571 0.703125 0.11272321428571429 0.07700892857142858
2 0.84375 0.10602678571428571 0.11272321428571429 0.07700892857142858
2 0.8404017857142857 0.3169642857142857 0.11272321428571429 0.07700892857142858
2 0.7901785714285714 0.46316964285714285 0.11272321428571429 0.07700892857142858
2 0.765625 0.7232142857142857 0.11495535714285714 0.08928571428571429
2 0.71875 0.5212053571428571 0.11272321428571429 0.07700892857142858
2 0.6540178571428571 0.6305803571428571 0.11272321428571429 0.07700892857142858
2 0.5435267857142857 0.8381696428571429 0.11272321428571429 0.07700892857142858
2 0.4252232142857143 0.5256696428571429 0.11272321428571429 0.07700892857142858
2 0.39174107142857145 0.8169642857142857 0.11272321428571429 0.07924107142857142
2 0.3872767857142857 0.7645089285714286 0.11272321428571429 0.07700892857142858
2 0.3560267857142857 0.2533482142857143 0.11272321428571429 0.07700892857142858
2 0.24776785714285715 0.06584821428571429 0.11272321428571429 0.07700892857142858
2 0.1875 0.5658482142857143 0.11272321428571429 0.07700892857142858
2 0.15848214285714285 0.46763392857142855 0.11272321428571429 0.07700892857142858
2 0.13616071428571427 0.28013392857142855 0.11272321428571429 0.07700892857142858
14 0.08705357142857142 0.5033482142857143 0.09821428571428571 0.07254464285714286