15 0.28794642857142855 0.11160714285714286 0.05022321428571429 0.07254464285714286
15 0.2622767857142857 0.049107142857142856 0.0625 0.07700892857142858
15 0.9676339285714286 0.36049107142857145 0.05803571428571429 0.07700892857142858
15 0.6238839285714286 0.265625 0.052455357142857144 0.06919642857142858
15 0.19084821428571427 0.39285714285714285 0.06473214285714286 0.08147321428571429
15 0.09040178571428571 0.6473214285714286 0.052455357142857144 0.07700892857142858
15 0.14620535714285715 0.6785714285714286 0.06696428571428571 0.07700892857142858
15 0.47098214285714285 0.9386160714285714 0.05580357142857143 0.08147321428571429
15 0.23102678571428573 0.9040178571428571 0.05022321428571429 0.06473214285714286
15 0.35267857142857145 0.9542410714285714 0.05803571428571429 0.07700892857142858
15 0.5591517857142857 0.6506696428571429 0.05580357142857143 0.07700892857142858
15 0.734375 0.5725446428571429 0.07254464285714286 0.08928571428571429
15 0.6986607142857143 0.6607142857142857 0.05803571428571429 0.07700892857142858
15 0.4732142857142857 0.5435267857142857 0.052455357142857144 0.07700892857142858
15 0.3783482142857143 0.7935267857142857 0.052455357142857144 0.07254464285714286
15 0.6819196428571429 0.8537946428571429 0.06696428571428571 0.09598214285714286
15 0.6216517857142857 0.8560267857142857 0.05803571428571429 0.07477678571428571
15 0.5792410714285714 0.9029017857142857 0.04799107142857143 0.06696428571428571
15 0.7801339285714286 0.9464285714285714 0.05580357142857143 0.06696428571428571
15 0.8191964285714286 0.8649553571428571 0.052455357142857144 0.07700892857142858
8 0.71875 0.31473214285714285 0.052455357142857144 0.06696428571428571
8 0.7689732142857143 0.39174107142857145 0.052455357142857144 0.07254464285714286
11 0.46875 0.35825892857142855 0.06473214285714286 0.09598214285714286
15 0.18861607142857142 0.9542410714285714 0.06473214285714286 0.07254464285714286
13 0.4263392857142857 0.8805803571428571 0.06696428571428571 0.08705357142857142
13 0.29910714285714285 0.8683035714285714 0.0625 0.07700892857142858
13 0.36160714285714285 0.8783482142857143 0.0625 0.07700892857142858
13 0.36607142857142855 0.71875 0.05580357142857143 0.07254464285714286
13 0.29464285714285715 0.453125 0.06696428571428571 0.08705357142857142
15 0.06473214285714286 0.37388392857142855 0.05580357142857143 0.07924107142857142
15 0.8571428571428571 0.10491071428571429 0.060267857142857144 0.07924107142857142
15 0.9207589285714286 0.17633928571428573 0.060267857142857144 0.07700892857142858
13 0.5658482142857143 0.03459821428571429 0.06919642857142858 0.06919642857142858
13 0.7444196428571429 0.060267857142857144 0.06473214285714286 0.08705357142857142
13 0.734375 0.19308035714285715 0.06473214285714286 0.08705357142857142
13 0.5926339285714286 0.19419642857142858 0.060267857142857144 0.07700892857142858
13 0.47767857142857145 0.18191964285714285 0.05580357142857143 0.07700892857142858
13 0.4575892857142857 0.26339285714285715 0.06696428571428571 0.09151785714285714
13 0.5245535714285714 0.24330357142857142 0.06696428571428571 0.08928571428571429
8 0.5870535714285714 0.31919642857142855 0.05803571428571429 0.07700892857142858
13 0.8348214285714286 0.7511160714285714 0.0625 0.08370535714285714
13 0.8738839285714286 0.8292410714285714 0.0625 0.08370535714285714
13 0.9620535714285714 0.7622767857142857 0.06473214285714286 0.08705357142857142
13 0.953125 0.6729910714285714 0.06919642857142858 0.09151785714285714
8 0.8504464285714286 0.5803571428571429 0.05803571428571429 0.07254464285714286
13 0.8337053571428571 0.5044642857142857 0.0625 0.08370535714285714
8 0.8950892857142857 0.4095982142857143 0.05803571428571429 0.07700892857142858
13 0.8470982142857143 0.34598214285714285 0.05803571428571429 0.07700892857142858
13 0.7991071428571429 0.14508928571428573 0.06696428571428571 0.08147321428571429
13 0.8247767857142857 0.22544642857142858 0.06696428571428571 0.08705357142857142
15 0.9084821428571429 0.6116071428571429 0.06473214285714286 0.07700892857142858
15 0.9196428571428571 0.4955357142857143 0.06473214285714286 0.07924107142857142
13 0.9564732142857143 0.5591517857142857 0.05803571428571429 0.07924107142857142
13 0.7511160714285714 0.4966517857142857 0.07700892857142858 0.11272321428571429
8 0.7064732142857143 0.41294642857142855 0.052455357142857144 0.07700892857142858
13 0.6116071428571429 0.5770089285714286 0.06696428571428571 0.08705357142857142
13 0.5479910714285714 0.5178571428571429 0.0625 0.09151785714285714
13 0.5580357142857143 0.41964285714285715 0.06696428571428571 0.08705357142857142
13 0.6517857142857143 0.16629464285714285 0.06473214285714286 0.08705357142857142
13 0.5301339285714286 0.8649553571428571 0.0625 0.09151785714285714
13 0.5011160714285714 0.7868303571428571 0.0625 0.07924107142857142
13 0.5479910714285714 0.7299107142857143 0.0625 0.08147321428571429
13 0.6707589285714286 0.9654017857142857 0.0625 0.06696428571428571
13 0.6104910714285714 0.96875 0.0625 0.0625
15 0.6339285714285714 0.453125 0.05803571428571429 0.09151785714285714
15 0.6361607142857143 0.5 0.0625 0.07477678571428571
13 0.4330357142857143 0.46763392857142855 0.05803571428571429 0.07477678571428571
13 0.38950892857142855 0.5357142857142857 0.06696428571428571 0.08147321428571429
13 0.39174107142857145 0.04241071428571429 0.06696428571428571 0.08370535714285714
13 0.3482142857142857 0.24330357142857142 0.0625 0.07924107142857142
14 0.34598214285714285 0.32254464285714285 0.05580357142857143 0.07477678571428571
13 0.27232142857142855 0.2779017857142857 0.0625 0.08705357142857142
13 0.20647321428571427 0.15959821428571427 0.0625 0.08928571428571429
13 0.12611607142857142 0.27455357142857145 0.06473214285714286 0.08705357142857142
13 0.05580357142857143 0.28683035714285715 0.06919642857142858 0.09151785714285714
13 0.021205357142857144 0.21763392857142858 0.04241071428571429 0.08258928571428571
8 0.08147321428571429 0.16294642857142858 0.052455357142857144 0.08147321428571429
13 0.20089285714285715 0.036830357142857144 0.05803571428571429 0.07366071428571429
13 0.09040178571428571 0.03459821428571429 0.0625 0.06696428571428571
13 0.5279017857142857 0.33370535714285715 0.06696428571428571 0.08928571428571429
13 0.2924107142857143 0.18861607142857142 0.0625 0.08147321428571429
15 0.18638392857142858 0.24107142857142858 0.0625 0.07924107142857142
15 0.20089285714285715 0.5680803571428571 0.0625 0.07700892857142858
8 0.18415178571428573 0.6350446428571429 0.05803571428571429 0.06696428571428571
8 0.03459821428571429 0.65625 0.052455357142857144 0.06696428571428571
13 0.04575892857142857 0.7366071428571429 0.06473214285714286 0.09598214285714286
15 0.08482142857142858 0.8549107142857143 0.07254464285714286 0.08147321428571429
15 0.16741071428571427 0.78125 0.05803571428571429 0.07477678571428571
13 0.10714285714285714 0.7388392857142857 0.05803571428571429 0.08147321428571429
13 0.24888392857142858 0.5133928571428571 0.0625 0.08705357142857142
13 0.26785714285714285 0.6138392857142857 0.060267857142857144 0.08147321428571429
13 0.23660714285714285 0.6808035714285714 0.060267857142857144 0.08147321428571429
13 0.20200892857142858 0.7276785714285714 0.06919642857142858 0.09151785714285714
13 0.36830357142857145 0.6138392857142857 0.05803571428571429 0.07924107142857142