13 0.7779017857142857 0.7154017857142857 0.21205357142857142 0.2767857142857143
13 0.3482142857142857 0.2611607142857143 0.22544642857142858 0.17745535714285715
13 0.9866071428571429 0.6852678571428571 0.026785714285714284 0.23995535714285715
13 0.7834821428571429 0.014508928571428572 0.19977678571428573 0.029017857142857144
13 0.22098214285714285 0.014508928571428572 0.18973214285714285 0.029017857142857144
13 0.08928571428571429 0.10602678571428571 0.17745535714285715 0.21205357142857142
12 0.04241071428571429 0.27455357142857145 0.07254464285714286 0.06919642857142858
13 0.9118303571428571 0.04241071428571429 0.16852678571428573 0.08370535714285714
13 0.9553571428571429 0.21986607142857142 0.08928571428571429 0.2622767857142857
13 0.8694196428571429 0.30357142857142855 0.20647321428571427 0.26450892857142855
13 0.060267857142857144 0.4017857142857143 0.12053571428571429 0.21428571428571427
13 0.23772321428571427 0.8325892857142857 0.2767857142857143 0.23995535714285715
6 0.4877232142857143 0.4888392857142857 0.45870535714285715 0.4732142857142857
13 0.6975446428571429 0.25669642857142855 0.22321428571428573 0.21428571428571427
13 0.8649553571428571 0.7332589285714286 0.23549107142857142 0.23995535714285715
13 0.265625 0.11607142857142858 0.21428571428571427 0.22879464285714285
13 0.796875 0.9107142857142857 0.23995535714285715 0.17745535714285715