14 0.7410714285714286 0.5558035714285714 0.06919642857142858 0.06919642857142858
14 0.7533482142857143 0.46205357142857145 0.052455357142857144 0.07477678571428571
14 0.8973214285714286 0.49441964285714285 0.04799107142857143 0.06696428571428571
14 0.8560267857142857 0.10044642857142858 0.06473214285714286 0.07700892857142858
14 0.3861607142857143 0.22209821428571427 0.05022321428571429 0.08147321428571429
14 0.22544642857142858 0.20982142857142858 0.06696428571428571 0.08928571428571429
14 0.24665178571428573 0.04575892857142857 0.06696428571428571 0.06696428571428571
14 0.29129464285714285 0.375 0.0625 0.09151785714285714
14 0.49107142857142855 0.44754464285714285 0.06919642857142858 0.09821428571428571
14 0.5368303571428571 0.5055803571428571 0.07924107142857142 0.07477678571428571
14 0.5245535714285714 0.6026785714285714 0.06919642857142858 0.11272321428571429
14 0.4029017857142857 0.5870535714285714 0.052455357142857144 0.07700892857142858
14 0.3705357142857143 0.8247767857142857 0.052455357142857144 0.07924107142857142
14 0.18638392857142858 0.6886160714285714 0.06919642857142858 0.09375
14 0.4654017857142857 0.8950892857142857 0.041294642857142856 0.0625
14 0.23325892857142858 0.9441964285714286 0.05580357142857143 0.060267857142857144
14 0.12165178571428571 0.8258928571428571 0.04575892857142857 0.07700892857142858
14 0.7388392857142857 0.7220982142857143 0.05022321428571429 0.09375
18 0.8102678571428571 0.04575892857142857 0.07477678571428571 0.08705357142857142
18 0.7700892857142857 0.33370535714285715 0.06919642857142858 0.09375