16 0.036830357142857144 0.3671875 0.07366071428571429 0.07366071428571429
16 0.05133928571428571 0.2857142857142857 0.09598214285714286 0.07254464285714286
16 0.18191964285714285 0.30580357142857145 0.09151785714285714 0.06473214285714286
16 0.29017857142857145 0.8649553571428571 0.11049107142857142 0.07700892857142858
16 0.041294642857142856 0.8448660714285714 0.07700892857142858 0.06919642857142858
16 0.21875 0.8169642857142857 0.09598214285714286 0.07477678571428571
16 0.27455357142857145 0.7488839285714286 0.10379464285714286 0.06696428571428571
16 0.2779017857142857 0.6763392857142857 0.09598214285714286 0.06696428571428571
16 0.3950892857142857 0.5089285714285714 0.09151785714285714 0.07254464285714286
16 0.328125 0.5591517857142857 0.11049107142857142 0.07477678571428571
16 0.5357142857142857 0.9118303571428571 0.08705357142857142 0.06473214285714286
16 0.5122767857142857 0.9732142857142857 0.09598214285714286 0.052455357142857144
16 0.09598214285714286 0.22433035714285715 0.09151785714285714 0.06696428571428571
17 0.7566964285714286 0.30245535714285715 0.09598214285714286 0.07700892857142858
17 0.19084821428571427 0.13504464285714285 0.09151785714285714 0.06919642857142858
17 0.030133928571428572 0.12946428571428573 0.05803571428571429 0.06696428571428571
17 0.44419642857142855 0.2935267857142857 0.11272321428571429 0.07700892857142858
17 0.2845982142857143 0.30580357142857145 0.10379464285714286 0.07254464285714286
16 0.7857142857142857 0.8169642857142857 0.10379464285714286 0.07477678571428571
16 0.6830357142857143 0.5758928571428571 0.10044642857142858 0.07254464285714286
16 0.8214285714285714 0.4564732142857143 0.10379464285714286 0.07254464285714286
16 0.7444196428571429 0.40736607142857145 0.08705357142857142 0.06919642857142858
16 0.6573660714285714 0.3950892857142857 0.08705357142857142 0.06696428571428571
16 0.5535714285714286 0.421875 0.09598214285714286 0.07254464285714286
16 0.6707589285714286 0.25223214285714285 0.09151785714285714 0.06696428571428571
16 0.6104910714285714 0.06808035714285714 0.09598214285714286 0.07477678571428571
13 0.578125 0.5915178571428571 0.09151785714285714 0.07254464285714286
13 0.45535714285714285 0.41629464285714285 0.09151785714285714 0.06696428571428571
13 0.29910714285714285 0.47098214285714285 0.09151785714285714 0.07254464285714286
13 0.9486607142857143 0.32924107142857145 0.08705357142857142 0.060267857142857144
13 0.8571428571428571 0.32700892857142855 0.09598214285714286 0.06696428571428571
13 0.9542410714285714 0.65625 0.09151785714285714 0.07254464285714286
13 0.08816964285714286 0.43861607142857145 0.09151785714285714 0.06696428571428571
13 0.20089285714285715 0.24107142857142858 0.08147321428571429 0.0625
13 0.5379464285714286 0.7767857142857143 0.10044642857142858 0.06696428571428571
5 0.060267857142857144 0.036830357142857144 0.10602678571428571 0.07254464285714286
12 0.3638392857142857 0.9709821428571429 0.033482142857142856 0.021205357142857144
12 0.40625 0.6540178571428571 0.026785714285714284 0.018973214285714284