13 0.32142857142857145 0.37276785714285715 0.09375 0.23102678571428573
13 0.2924107142857143 0.14620535714285715 0.15178571428571427 0.22544642857142858
13 0.15290178571428573 0.029017857142857144 0.2622767857142857 0.05803571428571429
3 0.09933035714285714 0.26004464285714285 0.19866071428571427 0.5200892857142857
13 0.13504464285714285 0.5245535714285714 0.26450892857142855 0.16852678571428573
13 0.45089285714285715 0.4575892857142857 0.16629464285714285 0.3002232142857143
13 0.8816964285714286 0.19419642857142858 0.20647321428571427 0.23995535714285715
0 0.7209821428571429 0.4029017857142857 0.37276785714285715 0.4107142857142857
13 0.40736607142857145 0.5133928571428571 0.07924107142857142 0.18973214285714285
3 0.265625 0.9107142857142857 0.20424107142857142 0.17745535714285715
3 0.8247767857142857 0.765625 0.35044642857142855 0.31473214285714285