13 0.46316964285714285 0.049107142857142856 0.13169642857142858 0.09821428571428571
13 0.05133928571428571 0.43191964285714285 0.10267857142857142 0.2924107142857143
6 0.12388392857142858 0.23549107142857142 0.24776785714285715 0.30245535714285715
13 0.26004464285714285 0.10714285714285714 0.28794642857142855 0.21428571428571427
13 0.17633928571428573 0.49776785714285715 0.25223214285714285 0.16294642857142858
13 0.43080357142857145 0.375 0.19754464285714285 0.2689732142857143
13 0.7790178571428571 0.13727678571428573 0.2935267857142857 0.27455357142857145
13 0.90625 0.04799107142857143 0.1875 0.09598214285714286
6 0.9118303571428571 0.2544642857142857 0.17522321428571427 0.36049107142857145
13 0.7064732142857143 0.36495535714285715 0.3125 0.28794642857142855
13 0.8850446428571429 0.47879464285714285 0.22991071428571427 0.19866071428571427
3 0.32589285714285715 0.7611607142857143 0.40625 0.3627232142857143
3 0.3470982142857143 0.9073660714285714 0.3627232142857143 0.18526785714285715
3 0.8694196428571429 0.7622767857142857 0.2611607142857143 0.36830357142857145