2 0.13058035714285715 0.04017857142857143 0.11272321428571429 0.07924107142857142
2 0.14732142857142858 0.09709821428571429 0.11272321428571429 0.07700892857142858
2 0.18415178571428573 0.17522321428571427 0.11272321428571429 0.07700892857142858
2 0.23325892857142858 0.5357142857142857 0.11272321428571429 0.07700892857142858
2 0.29575892857142855 0.4720982142857143 0.11272321428571429 0.07700892857142858
2 0.29017857142857145 0.6819196428571429 0.11272321428571429 0.07700892857142858
2 0.28348214285714285 0.20870535714285715 0.11272321428571429 0.07700892857142858
2 0.2935267857142857 0.8024553571428571 0.11272321428571429 0.07700892857142858
2 0.3091517857142857 0.6261160714285714 0.11272321428571429 0.07700892857142858
2 0.30357142857142855 0.32254464285714285 0.11272321428571429 0.07700892857142858
2 0.3125 0.9185267857142857 0.11272321428571429 0.07924107142857142
2 0.34263392857142855 0.3794642857142857 0.11272321428571429 0.07700892857142858
2 0.3638392857142857 0.6004464285714286 0.11272321428571429 0.07700892857142858
2 0.36607142857142855 0.7377232142857143 0.11272321428571429 0.07700892857142858
2 0.38058035714285715 0.05803571428571429 0.11272321428571429 0.07700892857142858
2 0.42857142857142855 0.2924107142857143 0.11272321428571429 0.07700892857142858
2 0.4095982142857143 0.9118303571428571 0.11272321428571429 0.07700892857142858
2 0.4375 0.6863839285714286 0.11272321428571429 0.07700892857142858
2 0.48549107142857145 0.38950892857142855 0.11272321428571429 0.07700892857142858
2 0.5022321428571429 0.8683035714285714 0.11272321428571429 0.07700892857142858
2 0.42075892857142855 0.15401785714285715 0.11272321428571429 0.07700892857142858
2 0.5569196428571429 0.6517857142857143 0.11272321428571429 0.07700892857142858
2 0.5479910714285714 0.09821428571428571 0.11272321428571429 0.07700892857142858
2 0.5915178571428571 0.8404017857142857 0.11272321428571429 0.07700892857142858
2 0.6227678571428571 0.3080357142857143 0.11272321428571429 0.07700892857142858
2 0.6651785714285714 0.6808035714285714 0.11272321428571429 0.07700892857142858
2 0.6729910714285714 0.2544642857142857 0.11272321428571429 0.07700892857142858
2 0.6729910714285714 0.48549107142857145 0.11272321428571429 0.07700892857142858
2 0.6997767857142857 0.7689732142857143 0.11272321428571429 0.07700892857142858
2 0.7276785714285714 0.9520089285714286 0.11272321428571429 0.07700892857142858
2 0.7354910714285714 0.6294642857142857 0.11272321428571429 0.07700892857142858
2 0.7544642857142857 0.23214285714285715 0.11272321428571429 0.07700892857142858
2 0.7332589285714286 0.10825892857142858 0.11272321428571429 0.07700892857142858
2 0.7522321428571429 0.5747767857142857 0.11272321428571429 0.07700892857142858
2 0.8035714285714286 0.8404017857142857 0.11272321428571429 0.07924107142857142
2 0.7979910714285714 0.36830357142857145 0.09375 0.06696428571428571
2 0.8470982142857143 0.06361607142857142 0.11272321428571429 0.07700892857142858
2 0.8939732142857143 0.6886160714285714 0.11272321428571429 0.07700892857142858
2 0.9084821428571429 0.28013392857142855 0.11272321428571429 0.07700892857142858
2 0.9352678571428571 0.18861607142857142 0.12946428571428573 0.09821428571428571
2 0.9151785714285714 0.5256696428571429 0.11272321428571429 0.07700892857142858
2 0.7600446428571429 0.8616071428571429 0.10602678571428571 0.08370535714285714
2 0.5033482142857143 0.14285714285714285 0.12276785714285714 0.07700892857142858
2 0.3325892857142857 0.09375 0.11495535714285714 0.09598214285714286
2 0.6819196428571429 0.7566964285714286 0.09821428571428571 0.08705357142857142
2 0.7399553571428571 0.28236607142857145 0.09598214285714286 0.08147321428571429
2 0.3002232142857143 0.3783482142857143 0.08147321428571429 0.07477678571428571