17 0.23325892857142858 0.9375 0.11272321428571429 0.07700892857142858
17 0.4375 0.8816964285714286 0.11272321428571429 0.07700892857142858
17 0.6986607142857143 0.8348214285714286 0.11272321428571429 0.07700892857142858
17 0.9029017857142857 0.8470982142857143 0.11272321428571429 0.07924107142857142
17 0.9408482142857143 0.5736607142857143 0.11272321428571429 0.07700892857142858
17 0.7377232142857143 0.6997767857142857 0.11272321428571429 0.07700892857142858
17 0.6785714285714286 0.30245535714285715 0.11272321428571429 0.07700892857142858
17 0.7064732142857143 0.6183035714285714 0.11272321428571429 0.07700892857142858
2 0.8404017857142857 0.703125 0.11272321428571429 0.07700892857142858
17 0.35825892857142855 0.8058035714285714 0.11272321428571429 0.07700892857142858
17 0.20424107142857142 0.05803571428571429 0.11272321428571429 0.07700892857142858
17 0.31026785714285715 0.11941964285714286 0.11272321428571429 0.07700892857142858
16 0.04352678571428571 0.13950892857142858 0.08705357142857142 0.07700892857142858
2 0.5401785714285714 0.5 0.08147321428571429 0.07700892857142858
2 0.48214285714285715 0.22433035714285715 0.11049107142857142 0.07254464285714286
11 0.7622767857142857 0.5725446428571429 0.11272321428571429 0.07700892857142858
14 0.5256696428571429 0.8962053571428571 0.11272321428571429 0.07700892857142858
11 0.9497767857142857 0.7700892857142857 0.10044642857142858 0.07924107142857142
13 0.3939732142857143 0.6127232142857143 0.11272321428571429 0.07700892857142858
15 0.9475446428571429 0.9051339285714286 0.10491071428571429 0.078125
15 0.7924107142857143 0.46875 0.11272321428571429 0.07700892857142858
15 0.6462053571428571 0.14508928571428573 0.11272321428571429 0.07700892857142858
11 0.26785714285714285 0.5345982142857143 0.09821428571428571 0.07700892857142858
8 0.21651785714285715 0.6417410714285714 0.11272321428571429 0.07700892857142858
11 0.20870535714285715 0.14285714285714285 0.11272321428571429 0.07700892857142858
16 0.6696428571428571 0.9263392857142857 0.11272321428571429 0.07477678571428571
13 0.09709821428571429 0.8113839285714286 0.11272321428571429 0.07700892857142858
13 0.6372767857142857 0.46986607142857145 0.11272321428571429 0.07700892857142858
13 0.8002232142857143 0.8638392857142857 0.11272321428571429 0.07924107142857142
13 0.45200892857142855 0.28013392857142855 0.11272321428571429 0.07700892857142858
13 0.45200892857142855 0.34933035714285715 0.11272321428571429 0.07700892857142858
13 0.3716517857142857 0.4095982142857143 0.11272321428571429 0.07700892857142858
13 0.8236607142857143 0.33816964285714285 0.09821428571428571 0.07254464285714286
15 0.5111607142857143 0.6618303571428571 0.11272321428571429 0.07700892857142858