2 0.06138392857142857 0.9397321428571429 0.07924107142857142 0.11272321428571429
2 0.8582589285714286 0.9229910714285714 0.07924107142857142 0.11272321428571429
2 0.5691964285714286 0.9151785714285714 0.07924107142857142 0.11272321428571429
2 0.8381696428571429 0.8091517857142857 0.07924107142857142 0.11272321428571429
2 0.3560267857142857 0.7901785714285714 0.07924107142857142 0.11272321428571429
2 0.5167410714285714 0.7533482142857143 0.07924107142857142 0.11272321428571429
2 0.6529017857142857 0.6964285714285714 0.07924107142857142 0.11272321428571429
2 0.13169642857142858 0.6875 0.08705357142857142 0.11830357142857142
2 0.3872767857142857 0.6930803571428571 0.07924107142857142 0.11272321428571429
2 0.8761160714285714 0.6685267857142857 0.07924107142857142 0.11272321428571429
2 0.46205357142857145 0.6741071428571429 0.09151785714285714 0.13169642857142858
2 0.7042410714285714 0.625 0.07924107142857142 0.11272321428571429
2 0.765625 0.6417410714285714 0.07924107142857142 0.11272321428571429
2 0.19866071428571427 0.6127232142857143 0.07924107142857142 0.11272321428571429
2 0.71875 0.5535714285714286 0.07924107142857142 0.11272321428571429
2 0.9107142857142857 0.5245535714285714 0.08705357142857142 0.12276785714285714
2 0.7946428571428571 0.484375 0.08928571428571429 0.12276785714285714
2 0.6986607142857143 0.48325892857142855 0.08370535714285714 0.12276785714285714
2 0.17299107142857142 0.46651785714285715 0.07924107142857142 0.11272321428571429
2 0.6294642857142857 0.47767857142857145 0.07924107142857142 0.11272321428571429
2 0.5758928571428571 0.45089285714285715 0.07924107142857142 0.11272321428571429
2 0.26450892857142855 0.44308035714285715 0.07924107142857142 0.11272321428571429
2 0.5111607142857143 0.40066964285714285 0.07924107142857142 0.11272321428571429
2 0.3091517857142857 0.40066964285714285 0.07924107142857142 0.11272321428571429
2 0.8895089285714286 0.3716517857142857 0.07924107142857142 0.11272321428571429
2 0.10491071428571429 0.36160714285714285 0.07924107142857142 0.11272321428571429
2 0.390625 0.3314732142857143 0.07924107142857142 0.11272321428571429
2 0.43638392857142855 0.3125 0.07924107142857142 0.11272321428571429
2 0.05580357142857143 0.3091517857142857 0.07924107142857142 0.11272321428571429
2 0.2857142857142857 0.3013392857142857 0.07924107142857142 0.11272321428571429
2 0.8627232142857143 0.2779017857142857 0.07924107142857142 0.11272321428571429
2 0.6205357142857143 0.2845982142857143 0.07924107142857142 0.11272321428571429
2 0.14174107142857142 0.28125 0.07924107142857142 0.11272321428571429
2 0.34486607142857145 0.26450892857142855 0.07924107142857142 0.11272321428571429
2 0.21205357142857142 0.22209821428571427 0.07924107142857142 0.11272321428571429
2 0.35825892857142855 0.16852678571428573 0.08147321428571429 0.11272321428571429
2 0.7142857142857143 0.13616071428571427 0.07924107142857142 0.11272321428571429
2 0.23883928571428573 0.13616071428571427 0.07924107142857142 0.11272321428571429
2 0.09933035714285714 0.10267857142857142 0.07924107142857142 0.11272321428571429
2 0.4419642857142857 0.12165178571428571 0.07924107142857142 0.11272321428571429
2 0.9419642857142857 0.5825892857142857 0.07924107142857142 0.09821428571428571
2 0.14620535714285715 0.3627232142857143 0.07254464285714286 0.08705357142857142
2 0.18638392857142858 0.31473214285714285 0.08147321428571429 0.13950892857142858
17 0.7154017857142857 0.796875 0.09821428571428571 0.12276785714285714
18 0.5178571428571429 0.9375 0.06696428571428571 0.09375
14 0.8973214285714286 0.12276785714285714 0.06919642857142858 0.09151785714285714