12 0.07366071428571429 0.9776785714285714 0.04352678571428571 0.033482142857142856
12 0.046875 0.4642857142857143 0.04799107142857143 0.029017857142857144
12 0.6294642857142857 0.11383928571428571 0.03794642857142857 0.024553571428571428
12 0.6473214285714286 0.06138392857142857 0.033482142857142856 0.026785714285714284
17 0.6997767857142857 0.890625 0.08705357142857142 0.07477678571428571
17 0.2767857142857143 0.9564732142857143 0.10602678571428571 0.07700892857142858
17 0.5892857142857143 0.07477678571428571 0.09821428571428571 0.0625
17 0.8013392857142857 0.23772321428571427 0.08370535714285714 0.06473214285714286
17 0.03571428571428571 0.7511160714285714 0.07142857142857142 0.078125
17 0.171875 0.45424107142857145 0.09598214285714286 0.08147321428571429
17 0.8314732142857143 0.9029017857142857 0.09151785714285714 0.07254464285714286
17 0.9397321428571429 0.7745535714285714 0.08928571428571429 0.06919642857142858
11 0.8058035714285714 0.09933035714285714 0.09151785714285714 0.07254464285714286
2 0.44754464285714285 0.05803571428571429 0.06696428571428571 0.08147321428571429
17 0.5055803571428571 0.48325892857142855 0.09598214285714286 0.07700892857142858
17 0.5457589285714286 0.5725446428571429 0.09821428571428571 0.07254464285714286