13 0.4263392857142857 0.125 0.3247767857142857 0.25
12 0.9832589285714286 0.9754464285714286 0.029017857142857144 0.04799107142857143
13 0.6662946428571429 0.9787946428571429 0.31026785714285715 0.03794642857142857
13 0.13058035714285715 0.9508928571428571 0.14397321428571427 0.09375
13 0.44754464285714285 0.08147321428571429 0.23325892857142858 0.15848214285714285
13 0.3549107142857143 0.06473214285714286 0.24776785714285715 0.12946428571428573
13 0.2689732142857143 0.90625 0.22879464285714285 0.1875
12 0.06584821428571429 0.7667410714285714 0.13169642857142858 0.14955357142857142
13 0.5055803571428571 0.8705357142857143 0.22879464285714285 0.23325892857142858
13 0.6127232142857143 0.8314732142857143 0.24330357142857142 0.23549107142857142
3 0.4966517857142857 0.5089285714285714 0.45870535714285715 0.4497767857142857
13 0.8270089285714286 0.6383928571428571 0.2767857142857143 0.27901785714285715
13 0.8426339285714286 0.37611607142857145 0.23549107142857142 0.22321428571428573
13 0.125 0.09598214285714286 0.24553571428571427 0.1875
13 0.890625 0.875 0.21428571428571427 0.23995535714285715
13 0.2845982142857143 0.27232142857142855 0.24330357142857142 0.22544642857142858
13 0.08035714285714286 0.3002232142857143 0.15625 0.21651785714285715
13 0.7935267857142857 0.11607142857142858 0.23549107142857142 0.22879464285714285
13 0.17857142857142858 0.5011160714285714 0.21428571428571427 0.22544642857142858