9 0.39174107142857145 0.10491071428571429 0.5145089285714286 0.20870535714285715
9 0.8058035714285714 0.10491071428571429 0.3125 0.20870535714285715
13 0.05357142857142857 0.5245535714285714 0.10714285714285714 0.20089285714285715
13 0.3080357142857143 0.9866071428571429 0.22098214285714285 0.026785714285714284
13 0.5200892857142857 0.25892857142857145 0.25669642857142855 0.09821428571428571
6 0.25892857142857145 0.5747767857142857 0.4564732142857143 0.46875
13 0.6227678571428571 0.7723214285714286 0.052455357142857144 0.19977678571428573
13 0.5502232142857143 0.9162946428571429 0.19419642857142858 0.16741071428571427
13 0.29464285714285715 0.3080357142857143 0.20424107142857142 0.19754464285714285
13 0.08928571428571429 0.9084821428571429 0.17745535714285715 0.18303571428571427
13 0.18303571428571427 0.23995535714285715 0.27455357142857145 0.0625
13 0.5424107142857143 0.37611607142857145 0.21428571428571427 0.23772321428571427
13 0.49888392857142855 0.984375 0.20870535714285715 0.03125
13 0.11160714285714286 0.328125 0.21651785714285715 0.21875
10 0.8247767857142857 0.6060267857142857 0.35044642857142855 0.5044642857142857