13 0.9698660714285714 0.8883928571428571 0.060267857142857144 0.22321428571428573
12 0.9274553571428571 0.7232142857142857 0.07924107142857142 0.07477678571428571
13 0.19308035714285715 0.40401785714285715 0.22544642857142858 0.20200892857142858
12 0.16071428571428573 0.16183035714285715 0.09375 0.07700892857142858
12 0.8180803571428571 0.7834821428571429 0.09151785714285714 0.08705357142857142
13 0.9408482142857143 0.3314732142857143 0.11049107142857142 0.22879464285714285
13 0.8582589285714286 0.9620535714285714 0.2700892857142857 0.07589285714285714
13 0.6595982142857143 0.06808035714285714 0.20647321428571427 0.13169642857142858
13 0.20758928571428573 0.6261160714285714 0.24553571428571427 0.2622767857142857
13 0.6149553571428571 0.9419642857142857 0.25223214285714285 0.11049107142857142
13 0.6863839285714286 0.7901785714285714 0.21651785714285715 0.23995535714285715
13 0.36049107142857145 0.19084821428571427 0.25 0.25
13 0.4799107142857143 0.8470982142857143 0.24330357142857142 0.22879464285714285
13 0.8895089285714286 0.08705357142857142 0.21651785714285715 0.16852678571428573
13 0.22098214285714285 0.9296875 0.26785714285714285 0.140625
9 0.5011160714285714 0.5334821428571429 0.40848214285714285 0.42745535714285715