13 0.25558035714285715 0.42745535714285715 0.22321428571428573 0.04352678571428571
3 0.19196428571428573 0.12165178571428571 0.38392857142857145 0.24330357142857142
13 0.3482142857142857 0.18303571428571427 0.18303571428571427 0.22098214285714285
13 0.13392857142857142 0.33370535714285715 0.22879464285714285 0.21875
0 0.7790178571428571 0.16183035714285715 0.4419642857142857 0.3236607142857143
13 0.26339285714285715 0.484375 0.27120535714285715 0.06919642857142858
6 0.12165178571428571 0.5892857142857143 0.24330357142857142 0.27901785714285715
13 0.328125 0.9453125 0.22321428571428573 0.109375
13 0.34263392857142855 0.5959821428571429 0.19419642857142858 0.26450892857142855
13 0.19754464285714285 0.8147321428571429 0.3314732142857143 0.2689732142857143
13 0.8660714285714286 0.5044642857142857 0.26674107142857145 0.11049107142857142
13 0.8816964285714286 0.9419642857142857 0.23549107142857142 0.11495535714285714
13 0.9575892857142857 0.9051339285714286 0.08370535714285714 0.18973214285714285
13 0.6618303571428571 0.8337053571428571 0.3125 0.2767857142857143
13 0.9508928571428571 0.5535714285714286 0.09821428571428571 0.20870535714285715
6 0.8180803571428571 0.6116071428571429 0.2935267857142857 0.2935267857142857
13 0.6138392857142857 0.5189732142857143 0.2767857142857143 0.13950892857142858
13 0.5290178571428571 0.9386160714285714 0.17745535714285715 0.12276785714285714
12 0.9084821428571429 0.828125 0.09375 0.11830357142857142