11 0.6819196428571429 0.30691964285714285 0.09151785714285714 0.07700892857142858
2 0.6104910714285714 0.36941964285714285 0.13504464285714285 0.04799107142857143
12 0.25111607142857145 0.2700892857142857 0.03125 0.024553571428571428
12 0.5602678571428571 0.8080357142857143 0.029017857142857144 0.018973214285714284
14 0.5479910714285714 0.10602678571428571 0.11495535714285714 0.08147321428571429
2 0.9475446428571429 0.7901785714285714 0.08705357142857142 0.07924107142857142
11 0.5435267857142857 0.5145089285714286 0.10602678571428571 0.0625
2 0.6037946428571429 0.6205357142857143 0.10044642857142858 0.07700892857142858
1 0.27901785714285715 0.9095982142857143 0.11049107142857142 0.06919642857142858
2 0.7098214285714286 0.9441964285714286 0.09151785714285714 0.08147321428571429
11 0.6930803571428571 0.7790178571428571 0.09598214285714286 0.07254464285714286
15 0.7979910714285714 0.7678571428571429 0.08147321428571429 0.07254464285714286
12 0.9386160714285714 0.10491071428571429 0.033482142857142856 0.024553571428571428
2 0.8839285714285714 0.546875 0.10044642857142858 0.07700892857142858
11 0.8482142857142857 0.8348214285714286 0.08147321428571429 0.08370535714285714
2 0.09040178571428571 0.6205357142857143 0.10602678571428571 0.05803571428571429
11 0.4252232142857143 0.9308035714285714 0.10602678571428571 0.06696428571428571
5 0.23549107142857142 0.3705357142857143 0.10044642857142858 0.06696428571428571