12 0.4966517857142857 0.453125 0.08705357142857142 0.08705357142857142
13 0.2935267857142857 0.5569196428571429 0.24776785714285715 0.23102678571428573
13 0.22209821428571427 0.016741071428571428 0.19977678571428573 0.033482142857142856
13 0.09709821428571429 0.8560267857142857 0.19419642857142858 0.28348214285714285
13 0.9564732142857143 0.08928571428571429 0.07700892857142858 0.17745535714285715
12 0.036830357142857144 0.4765625 0.07366071428571429 0.140625
13 0.9720982142857143 0.9140625 0.05133928571428571 0.171875
6 0.5189732142857143 0.6696428571428571 0.22879464285714285 0.32924107142857145
13 0.2924107142857143 0.09933035714285714 0.22879464285714285 0.1875
13 0.9564732142857143 0.2767857142857143 0.08147321428571429 0.23549107142857142
13 0.7131696428571429 0.03125 0.25223214285714285 0.0625
13 0.5446428571428571 0.9665178571428571 0.23995535714285715 0.06696428571428571
13 0.15959821428571427 0.59375 0.2767857142857143 0.23549107142857142
13 0.6261160714285714 0.8571428571428571 0.19754464285714285 0.22544642857142858
13 0.30245535714285715 0.9464285714285714 0.27120535714285715 0.10602678571428571
13 0.8939732142857143 0.4877232142857143 0.19977678571428573 0.2857142857142857
13 0.7566964285714286 0.6428571428571429 0.28125 0.30580357142857145
13 0.48549107142857145 0.19196428571428573 0.27901785714285715 0.2767857142857143
13 0.171875 0.3705357142857143 0.2622767857142857 0.24553571428571427
13 0.2924107142857143 0.78125 0.28794642857142855 0.25669642857142855
13 0.6227678571428571 0.375 0.18973214285714285 0.2544642857142857
13 0.109375 0.15959821428571427 0.21875 0.24776785714285715
13 0.8426339285714286 0.8950892857142857 0.22098214285714285 0.20870535714285715
13 0.7399553571428571 0.16852678571428573 0.27901785714285715 0.23772321428571427