2 0.5814732142857143 0.5457589285714286 0.11272321428571429 0.07700892857142858
11 0.7154017857142857 0.28683035714285715 0.10602678571428571 0.07700892857142858
11 0.34598214285714285 0.5837053571428571 0.11272321428571429 0.07700892857142858
11 0.3627232142857143 0.5055803571428571 0.11272321428571429 0.07700892857142858
11 0.34151785714285715 0.6607142857142857 0.11272321428571429 0.07700892857142858
13 0.9352678571428571 0.6462053571428571 0.11272321428571429 0.07700892857142858
13 0.7533482142857143 0.8470982142857143 0.11272321428571429 0.07924107142857142
13 0.6897321428571429 0.9520089285714286 0.11272321428571429 0.07924107142857142
13 0.7276785714285714 0.5636160714285714 0.11272321428571429 0.07700892857142858
13 0.7700892857142857 0.49330357142857145 0.11272321428571429 0.07700892857142858
13 0.8627232142857143 0.515625 0.11272321428571429 0.07700892857142858
13 0.9564732142857143 0.30245535714285715 0.08705357142857142 0.07700892857142858
13 0.9375 0.22544642857142858 0.11272321428571429 0.07700892857142858
13 0.9475446428571429 0.16964285714285715 0.10491071428571429 0.07589285714285714
13 0.8459821428571429 0.08147321428571429 0.11272321428571429 0.07700892857142858
11 0.8537946428571429 0.16294642857142858 0.08928571428571429 0.07254464285714286
13 0.6216517857142857 0.25 0.11272321428571429 0.07700892857142858
13 0.7522321428571429 0.3872767857142857 0.11272321428571429 0.07700892857142858
13 0.8013392857142857 0.31808035714285715 0.11272321428571429 0.07700892857142858
13 0.4174107142857143 0.25 0.11272321428571429 0.07700892857142858
13 0.42857142857142855 0.19084821428571427 0.11272321428571429 0.07700892857142858
13 0.5189732142857143 0.16071428571428573 0.11272321428571429 0.07700892857142858
13 0.39732142857142855 0.08258928571428571 0.11272321428571429 0.07700892857142858
13 0.5 0.2857142857142857 0.11272321428571429 0.07700892857142858
13 0.5513392857142857 0.34375 0.11272321428571429 0.07700892857142858
13 0.8035714285714286 0.19419642857142858 0.11272321428571429 0.07700892857142858
13 0.6908482142857143 0.06361607142857142 0.11272321428571429 0.07700892857142858
13 0.6540178571428571 0.11049107142857142 0.11272321428571429 0.07700892857142858
11 0.4720982142857143 0.09375 0.09821428571428571 0.07254464285714286
13 0.5256696428571429 0.03236607142857143 0.11272321428571429 0.06473214285714286
15 0.59375 0.06808035714285714 0.11272321428571429 0.07700892857142858
11 0.6160714285714286 0.48549107142857145 0.11272321428571429 0.07700892857142858
15 0.6741071428571429 0.6506696428571429 0.11272321428571429 0.07700892857142858
13 0.5089285714285714 0.5770089285714286 0.11272321428571429 0.07700892857142858
13 0.7165178571428571 0.71875 0.11272321428571429 0.07700892857142858
13 0.7700892857142857 0.6517857142857143 0.11272321428571429 0.07700892857142858
13 0.21540178571428573 0.4955357142857143 0.11272321428571429 0.07700892857142858
13 0.23325892857142858 0.5770089285714286 0.11272321428571429 0.07700892857142858
13 0.11941964285714286 0.5345982142857143 0.11272321428571429 0.07700892857142858
13 0.265625 0.9620535714285714 0.11160714285714286 0.07589285714285714
13 0.19308035714285715 0.9430803571428571 0.11272321428571429 0.07700892857142858
13 0.3158482142857143 0.8604910714285714 0.11272321428571429 0.07700892857142858
13 0.3560267857142857 0.8024553571428571 0.11272321428571429 0.07700892857142858
13 0.3638392857142857 0.7287946428571429 0.11272321428571429 0.07700892857142858
13 0.5111607142857143 0.8314732142857143 0.11272321428571429 0.07700892857142858
13 0.5290178571428571 0.9720982142857143 0.11272321428571429 0.05580357142857143
13 0.044642857142857144 0.5368303571428571 0.08928571428571429 0.07924107142857142
13 0.125 0.6037946428571429 0.11272321428571429 0.07700892857142858
13 0.10602678571428571 0.05133928571428571 0.11272321428571429 0.07700892857142858
13 0.11049107142857142 0.13169642857142858 0.11272321428571429 0.07700892857142858