10 0.16517857142857142 0.43638392857142855 0.32924107142857145 0.53125
13 0.37388392857142855 0.8035714285714286 0.08928571428571429 0.03125
13 0.46651785714285715 0.20758928571428573 0.27455357142857145 0.22321428571428573
12 0.9129464285714286 0.3939732142857143 0.07924107142857142 0.07254464285714286
13 0.4330357142857143 0.35044642857142855 0.20647321428571427 0.25
13 0.37276785714285715 0.08035714285714286 0.08705357142857142 0.16071428571428573
13 0.9319196428571429 0.7845982142857143 0.13616071428571427 0.06919642857142858
0 0.7008928571428571 0.375 0.39955357142857145 0.39174107142857145
13 0.7433035714285714 0.6819196428571429 0.21875 0.24330357142857142
13 0.43191964285714285 0.6785714285714286 0.20200892857142858 0.18526785714285715
13 0.7064732142857143 0.09933035714285714 0.234375 0.19866071428571427
13 0.3705357142857143 0.5223214285714286 0.08147321428571429 0.22321428571428573
13 0.5647321428571429 0.016741071428571428 0.23995535714285715 0.033482142857142856
13 0.9129464285714286 0.6517857142857143 0.17299107142857142 0.23995535714285715
13 0.8683035714285714 0.033482142857142856 0.20647321428571427 0.06696428571428571
6 0.7633928571428571 0.9095982142857143 0.3872767857142857 0.18080357142857142