7 0.890625 0.6875 0.11495535714285714 0.08705357142857142
7 0.5345982142857143 0.5100446428571429 0.11272321428571429 0.07700892857142858
17 0.05133928571428571 0.7354910714285714 0.10267857142857142 0.078125
17 0.7008928571428571 0.32254464285714285 0.09375 0.07700892857142858
17 0.9040178571428571 0.23883928571428573 0.11272321428571429 0.07700892857142858
17 0.5814732142857143 0.13392857142857142 0.12723214285714285 0.07700892857142858
17 0.09486607142857142 0.16964285714285715 0.12053571428571429 0.08705357142857142
12 0.07142857142857142 0.21651785714285715 0.04352678571428571 0.024553571428571428
12 0.29129464285714285 0.7399553571428571 0.03794642857142857 0.029017857142857144
12 0.40401785714285715 0.6785714285714286 0.033482142857142856 0.024553571428571428
12 0.7399553571428571 0.5658482142857143 0.03794642857142857 0.026785714285714284
12 0.2689732142857143 0.9508928571428571 0.03794642857142857 0.029017857142857144
12 0.8571428571428571 0.4095982142857143 0.06473214285714286 0.04799107142857143
12 0.8024553571428571 0.05803571428571429 0.029017857142857144 0.021205357142857144
12 0.2845982142857143 0.22991071428571427 0.024553571428571428 0.021205357142857144
12 0.20424107142857142 0.2845982142857143 0.018973214285714284 0.016741071428571428