17 0.5892857142857143 0.5625 0.07700892857142858 0.10379464285714286
17 0.5357142857142857 0.5189732142857143 0.06696428571428571 0.09821428571428571
15 0.6450892857142857 0.48660714285714285 0.06696428571428571 0.08705357142857142
15 0.8147321428571429 0.36160714285714285 0.05580357142857143 0.07254464285714286
15 0.90625 0.06919642857142858 0.07254464285714286 0.09375
17 0.3247767857142857 0.8470982142857143 0.06696428571428571 0.09151785714285714
17 0.34933035714285715 0.7622767857142857 0.07700892857142858 0.11272321428571429
17 0.23660714285714285 0.7310267857142857 0.06696428571428571 0.10602678571428571
17 0.26339285714285715 0.5412946428571429 0.07477678571428571 0.09821428571428571
17 0.43526785714285715 0.625 0.08705357142857142 0.10044642857142858
17 0.5825892857142857 0.7064732142857143 0.07700892857142858 0.10044642857142858
17 0.5591517857142857 0.7879464285714286 0.06696428571428571 0.09151785714285714
17 0.6316964285714286 0.8928571428571429 0.06473214285714286 0.09375
17 0.48549107142857145 0.7801339285714286 0.07700892857142858 0.11272321428571429
17 0.75 0.8314732142857143 0.07254464285714286 0.10044642857142858
17 0.734375 0.6339285714285714 0.07700892857142858 0.10602678571428571
17 0.8013392857142857 0.6707589285714286 0.06696428571428571 0.09151785714285714
17 0.6964285714285714 0.5245535714285714 0.05803571428571429 0.08705357142857142
17 0.9162946428571429 0.7377232142857143 0.06473214285714286 0.10044642857142858
17 0.8549107142857143 0.7299107142857143 0.0625 0.07700892857142858
5 0.5792410714285714 0.22209821428571427 0.07924107142857142 0.09151785714285714
17 0.28683035714285715 0.08816964285714286 0.07700892857142858 0.09598214285714286
17 0.20424107142857142 0.22098214285714285 0.07254464285714286 0.09821428571428571
17 0.28013392857142855 0.421875 0.06919642857142858 0.10602678571428571
17 0.3482142857142857 0.42745535714285715 0.07477678571428571 0.09375
17 0.06361607142857142 0.22209821428571427 0.07254464285714286 0.09151785714285714
17 0.16294642857142858 0.049107142857142856 0.07700892857142858 0.09598214285714286
17 0.05357142857142857 0.3314732142857143 0.0625 0.09598214285714286
17 0.8113839285714286 0.12946428571428573 0.06696428571428571 0.09598214285714286
17 0.9319196428571429 0.14285714285714285 0.07700892857142858 0.11272321428571429
17 0.8638392857142857 0.21986607142857142 0.07700892857142858 0.10602678571428571
17 0.6875 0.05022321428571429 0.07700892857142858 0.08705357142857142
17 0.7176339285714286 0.14732142857142858 0.06919642857142858 0.09375
18 0.7712053571428571 0.3325892857142857 0.09151785714285714 0.09151785714285714
17 0.6506696428571429 0.39732142857142855 0.06696428571428571 0.10044642857142858
15 0.6417410714285714 0.10714285714285714 0.0625 0.08705357142857142
5 0.5892857142857143 0.12834821428571427 0.07700892857142858 0.11272321428571429
5 0.9207589285714286 0.49441964285714285 0.07700892857142858 0.09598214285714286
5 0.23995535714285715 0.9386160714285714 0.07700892857142858 0.08370535714285714
5 0.3482142857142857 0.6395089285714286 0.07700892857142858 0.11272321428571429
5 0.484375 0.04241071428571429 0.07700892857142858 0.08147321428571429
17 0.8426339285714286 0.9274553571428571 0.07700892857142858 0.09151785714285714
5 0.9720982142857143 0.9330357142857143 0.05580357142857143 0.11272321428571429
5 0.8325892857142857 0.8794642857142857 0.07700892857142858 0.10044642857142858
17 0.9095982142857143 0.3158482142857143 0.07700892857142858 0.11272321428571429
17 0.9475446428571429 0.39285714285714285 0.06919642857142858 0.09821428571428571
17 0.25669642857142855 0.13950892857142858 0.07254464285714286 0.09598214285714286
14 0.23995535714285715 0.049107142857142856 0.07700892857142858 0.09598214285714286
14 0.4341517857142857 0.3638392857142857 0.05803571428571429 0.07477678571428571
14 0.859375 0.5357142857142857 0.05803571428571429 0.09151785714285714
14 0.30357142857142855 0.953125 0.06696428571428571 0.08370535714285714
17 0.37723214285714285 0.5535714285714286 0.07700892857142858 0.11272321428571429
5 0.08482142857142858 0.8582589285714286 0.06919642857142858 0.08705357142857142
5 0.027901785714285716 0.8113839285714286 0.05580357142857143 0.09151785714285714
5 0.03794642857142857 0.53125 0.07589285714285714 0.08035714285714286
5 0.05915178571428571 0.46763392857142855 0.06473214285714286 0.09151785714285714
17 0.7979910714285714 0.04017857142857143 0.07254464285714286 0.07700892857142858
17 0.7935267857142857 0.23772321428571427 0.06473214285714286 0.10602678571428571
17 0.6919642857142857 0.421875 0.0625 0.10602678571428571