17 0.4375 0.8158482142857143 0.11272321428571429 0.07700892857142858
17 0.8236607142857143 0.8627232142857143 0.12053571428571429 0.08705357142857142
17 0.7444196428571429 0.18080357142857142 0.09821428571428571 0.08147321428571429
17 0.5212053571428571 0.5881696428571429 0.11272321428571429 0.09151785714285714
17 0.3247767857142857 0.7299107142857143 0.10602678571428571 0.08705357142857142
17 0.056919642857142856 0.37723214285714285 0.11272321428571429 0.07700892857142858
7 0.19977678571428573 0.8560267857142857 0.11495535714285714 0.08147321428571429
7 0.9252232142857143 0.26004464285714285 0.11272321428571429 0.07700892857142858
11 0.171875 0.6372767857142857 0.125 0.07700892857142858
14 0.32142857142857145 0.2700892857142857 0.09151785714285714 0.07477678571428571
11 0.8616071428571429 0.07700892857142858 0.10044642857142858 0.09375
13 0.28013392857142855 0.6395089285714286 0.09375 0.06919642857142858
5 0.07142857142857142 0.6037946428571429 0.09598214285714286 0.08147321428571429
5 0.43638392857142855 0.6763392857142857 0.10044642857142858 0.08147321428571429
7 0.8761160714285714 0.6584821428571429 0.11272321428571429 0.07924107142857142
17 0.044642857142857144 0.9743303571428571 0.08928571428571429 0.05022321428571429
13 0.59375 0.5122767857142857 0.10602678571428571 0.07254464285714286
13 0.6417410714285714 0.703125 0.10044642857142858 0.07254464285714286
13 0.6026785714285714 0.7700892857142857 0.09598214285714286 0.07700892857142858
13 0.953125 0.5747767857142857 0.09375 0.08370535714285714
13 0.7901785714285714 0.5290178571428571 0.09598214285714286 0.06919642857142858
13 0.8526785714285714 0.4654017857142857 0.10825892857142858 0.07700892857142858
17 0.5256696428571429 0.22321428571428573 0.10825892857142858 0.07924107142857142
13 0.20647321428571427 0.47433035714285715 0.09598214285714286 0.07254464285714286
12 0.07700892857142858 0.48995535714285715 0.03794642857142857 0.024553571428571428
12 0.10491071428571429 0.7287946428571429 0.029017857142857144 0.024553571428571428
12 0.23214285714285715 0.6897321428571429 0.018973214285714284 0.014508928571428572
12 0.20647321428571427 0.018973214285714284 0.03125 0.018973214285714284
12 0.9810267857142857 0.5189732142857143 0.029017857142857144 0.024553571428571428
12 0.9877232142857143 0.7767857142857143 0.024553571428571428 0.024553571428571428
7 0.5011160714285714 0.39732142857142855 0.13504464285714285 0.12053571428571429
13 0.09486607142857142 0.8214285714285714 0.10044642857142858 0.09151785714285714
13 0.3872767857142857 0.9151785714285714 0.09151785714285714 0.07700892857142858
13 0.48214285714285715 0.9520089285714286 0.10044642857142858 0.08147321428571429
13 0.2845982142857143 0.36607142857142855 0.09598214285714286 0.07254464285714286
13 0.18191964285714285 0.21540178571428573 0.10825892857142858 0.07700892857142858
13 0.3549107142857143 0.11607142857142858 0.09598214285714286 0.07254464285714286
13 0.6194196428571429 0.08035714285714286 0.11272321428571429 0.07924107142857142
13 0.6294642857142857 0.16852678571428573 0.12276785714285714 0.09151785714285714
13 0.7723214285714286 0.0625 0.09151785714285714 0.06696428571428571
13 0.6975446428571429 0.027901785714285716 0.09375 0.05580357142857143
13 0.4955357142857143 0.026785714285714284 0.08705357142857142 0.052455357142857144
13 0.23883928571428573 0.07142857142857142 0.10602678571428571 0.07254464285714286
13 0.19308035714285715 0.13839285714285715 0.10602678571428571 0.07700892857142858
13 0.12611607142857142 0.4330357142857143 0.08705357142857142 0.08705357142857142
13 0.421875 0.5267857142857143 0.09375 0.08370535714285714
13 0.3158482142857143 0.5558035714285714 0.10602678571428571 0.06919642857142858
13 0.28348214285714285 0.9129464285714286 0.10044642857142858 0.07700892857142858
17 0.6584821428571429 0.6205357142857143 0.10602678571428571 0.07700892857142858
13 0.6975446428571429 0.5625 0.09151785714285714 0.06696428571428571
13 0.6696428571428571 0.44642857142857145 0.09375 0.07477678571428571
13 0.6573660714285714 0.3392857142857143 0.10044642857142858 0.07700892857142858
13 0.7700892857142857 0.25223214285714285 0.09151785714285714 0.06473214285714286
13 0.6875 0.9486607142857143 0.09598214285714286 0.07700892857142858
13 0.5848214285714286 0.96875 0.10044642857142858 0.0625
13 0.8950892857142857 0.8024553571428571 0.09151785714285714 0.07254464285714286
13 0.9743303571428571 0.890625 0.05022321428571429 0.07477678571428571