1 0.42299107142857145 0.027901785714285716 0.10044642857142858 0.05580357142857143
1 0.4252232142857143 0.20758928571428573 0.09598214285714286 0.08147321428571429
14 0.6104910714285714 0.32924107142857145 0.06696428571428571 0.06473214285714286
14 0.28236607142857145 0.6194196428571429 0.08705357142857142 0.05803571428571429
15 0.16517857142857142 0.19642857142857142 0.06473214285714286 0.05803571428571429
15 0.8928571428571429 0.5524553571428571 0.07700892857142858 0.052455357142857144
15 0.8895089285714286 0.47767857142857145 0.08370535714285714 0.06696428571428571
15 0.6830357142857143 0.36941964285714285 0.09151785714285714 0.06696428571428571
15 0.4799107142857143 0.9654017857142857 0.07700892857142858 0.052455357142857144
15 0.46875 0.5904017857142857 0.08370535714285714 0.0625
15 0.34263392857142855 0.4419642857142857 0.07700892857142858 0.05803571428571429
15 0.33482142857142855 0.5055803571428571 0.07700892857142858 0.052455357142857144
15 0.07366071428571429 0.9732142857142857 0.07254464285714286 0.052455357142857144
15 0.453125 0.375 0.08147321428571429 0.06696428571428571
15 0.546875 0.27120535714285715 0.06473214285714286 0.05022321428571429
15 0.7410714285714286 0.17633928571428573 0.06473214285714286 0.05580357142857143
15 0.9709821428571429 0.11941964285714286 0.052455357142857144 0.03794642857142857
1 0.7823660714285714 0.05915178571428571 0.09151785714285714 0.05803571428571429
15 0.7410714285714286 0.015625 0.07477678571428571 0.03125
15 0.2689732142857143 0.11607142857142858 0.08928571428571429 0.06696428571428571
15 0.6919642857142857 0.15625 0.07700892857142858 0.060267857142857144
11 0.9252232142857143 0.6194196428571429 0.07924107142857142 0.07254464285714286
11 0.5100446428571429 0.10825892857142858 0.08928571428571429 0.05803571428571429