13 0.171875 0.3080357142857143 0.0625 0.08705357142857142
15 0.32700892857142855 0.8549107142857143 0.060267857142857144 0.07924107142857142
15 0.14285714285714285 0.5178571428571429 0.06473214285714286 0.07700892857142858
15 0.5412946428571429 0.765625 0.06473214285714286 0.08370535714285714
15 0.7600446428571429 0.7779017857142857 0.060267857142857144 0.07477678571428571
15 0.7868303571428571 0.7176339285714286 0.060267857142857144 0.08705357142857142
15 0.7220982142857143 0.8292410714285714 0.060267857142857144 0.07700892857142858
15 0.5334821428571429 0.22991071428571427 0.060267857142857144 0.08370535714285714
15 0.390625 0.24776785714285715 0.0625 0.07924107142857142
15 0.5334821428571429 0.10825892857142858 0.06473214285714286 0.08147321428571429
15 0.5435267857142857 0.35379464285714285 0.0625 0.08147321428571429
15 0.6350446428571429 0.29910714285714285 0.06919642857142858 0.06919642857142858
15 0.8225446428571429 0.296875 0.05803571428571429 0.07924107142857142
15 0.890625 0.6216517857142857 0.06696428571428571 0.07477678571428571
15 0.7779017857142857 0.15513392857142858 0.05580357142857143 0.06919642857142858
12 0.6607142857142857 0.078125 0.024553571428571428 0.029017857142857144
12 0.08482142857142858 0.06919642857142858 0.03125 0.041294642857142856
12 0.5848214285714286 0.20982142857142858 0.018973214285714284 0.03125
12 0.27455357142857145 0.49330357142857145 0.024553571428571428 0.03794642857142857
12 0.9665178571428571 0.17745535714285715 0.021205357142857144 0.021205357142857144