11 0.27566964285714285 0.671875 0.06919642857142858 0.125
1 0.26674107142857145 0.7946428571428571 0.07254464285714286 0.09151785714285714
1 0.9274553571428571 0.24441964285714285 0.06696428571428571 0.09598214285714286
1 0.4185267857142857 0.1875 0.060267857142857144 0.10602678571428571
11 0.6841517857142857 0.14508928571428573 0.06696428571428571 0.10602678571428571
11 0.7790178571428571 0.41294642857142855 0.06696428571428571 0.12946428571428573
11 0.7332589285714286 0.5122767857142857 0.08705357142857142 0.10602678571428571
11 0.6283482142857143 0.6116071428571429 0.08705357142857142 0.08705357142857142
11 0.9709821428571429 0.4017857142857143 0.05803571428571429 0.11049107142857142
14 0.09821428571428571 0.2622767857142857 0.07254464285714286 0.11830357142857142
8 0.8649553571428571 0.26450892857142855 0.05580357142857143 0.07254464285714286
11 0.15178571428571427 0.18080357142857142 0.05803571428571429 0.09598214285714286
15 0.20982142857142858 0.20424107142857142 0.07254464285714286 0.09151785714285714
11 0.7790178571428571 0.8783482142857143 0.06696428571428571 0.11495535714285714
11 0.35379464285714285 0.90625 0.06696428571428571 0.11049107142857142
15 0.04575892857142857 0.7857142857142857 0.06696428571428571 0.09375
15 0.11272321428571429 0.8013392857142857 0.06696428571428571 0.09151785714285714
15 0.9252232142857143 0.9151785714285714 0.05803571428571429 0.09151785714285714
15 0.5479910714285714 0.8560267857142857 0.07254464285714286 0.11049107142857142
13 0.796875 0.23772321428571427 0.06696428571428571 0.09151785714285714
13 0.5636160714285714 0.26450892857142855 0.07254464285714286 0.09598214285714286
13 0.9241071428571429 0.5279017857142857 0.06696428571428571 0.08705357142857142
12 0.18861607142857142 0.6283482142857143 0.029017857142857144 0.033482142857142856