3 0.20758928571428573 0.22209821428571427 0.41517857142857145 0.25223214285714285
10 0.7678571428571429 0.17410714285714285 0.40625 0.3482142857142857
13 0.19308035714285715 0.9587053571428571 0.3861607142857143 0.078125
13 0.10714285714285714 0.421875 0.21428571428571427 0.14620535714285715
13 0.024553571428571428 0.7779017857142857 0.04799107142857143 0.24776785714285715
13 0.044642857142857144 0.9453125 0.08928571428571429 0.109375
13 0.11495535714285714 0.875 0.22991071428571427 0.25
13 0.22767857142857142 0.5948660714285714 0.2544642857142857 0.26004464285714285
13 0.19196428571428573 0.8716517857142857 0.2622767857142857 0.25
0 0.35379464285714285 0.7466517857142857 0.2689732142857143 0.5022321428571429
13 0.09821428571428571 0.4877232142857143 0.19642857142857142 0.25669642857142855
13 0.41517857142857145 0.42857142857142855 0.14620535714285715 0.16071428571428573
3 0.7566964285714286 0.5524553571428571 0.4330357142857143 0.40848214285714285