7 0.5323660714285714 0.49441964285714285 0.09598214285714286 0.12053571428571429
7 0.34486607142857145 0.45200892857142855 0.07700892857142858 0.11272321428571429
7 0.7667410714285714 0.5345982142857143 0.07700892857142858 0.11272321428571429
7 0.8549107142857143 0.5055803571428571 0.07700892857142858 0.11272321428571429
7 0.3716517857142857 0.8125 0.07700892857142858 0.11272321428571429
7 0.33370535714285715 0.7020089285714286 0.07700892857142858 0.11272321428571429
7 0.5569196428571429 0.9084821428571429 0.07700892857142858 0.11272321428571429
13 0.29799107142857145 0.8582589285714286 0.07700892857142858 0.11272321428571429
7 0.15178571428571427 0.7388392857142857 0.07700892857142858 0.11272321428571429
7 0.37388392857142855 0.30357142857142855 0.07700892857142858 0.11272321428571429
7 0.9319196428571429 0.4174107142857143 0.07700892857142858 0.11272321428571429
17 0.9419642857142857 0.31026785714285715 0.07700892857142858 0.11272321428571429
17 0.6830357142857143 0.8582589285714286 0.08705357142857142 0.10602678571428571
17 0.25111607142857145 0.6808035714285714 0.08370535714285714 0.11049107142857142
17 0.4185267857142857 0.5848214285714286 0.08370535714285714 0.10602678571428571
17 0.04241071428571429 0.044642857142857144 0.08370535714285714 0.08928571428571429
17 0.6071428571428571 0.2689732142857143 0.10044642857142858 0.11049107142857142
18 0.9408482142857143 0.7522321428571429 0.11049107142857142 0.09151785714285714