16 0.26674107142857145 0.7154017857142857 0.0625 0.08705357142857142
13 0.6104910714285714 0.6908482142857143 0.07700892857142858 0.11272321428571429
13 0.3705357142857143 0.625 0.06919642857142858 0.08705357142857142
13 0.328125 0.5736607142857143 0.0625 0.09821428571428571
13 0.6607142857142857 0.8102678571428571 0.07700892857142858 0.11272321428571429
13 0.30691964285714285 0.7868303571428571 0.07700892857142858 0.11272321428571429
13 0.2857142857142857 0.04241071428571429 0.07700892857142858 0.08147321428571429
13 0.7868303571428571 0.19977678571428573 0.07700892857142858 0.11272321428571429
13 0.49441964285714285 0.20424107142857142 0.07700892857142858 0.11272321428571429
13 0.8861607142857143 0.23549107142857142 0.07700892857142858 0.11272321428571429
13 0.6037946428571429 0.2622767857142857 0.07700892857142858 0.11272321428571429
13 0.9743303571428571 0.3861607142857143 0.05022321428571429 0.11272321428571429
13 0.7823660714285714 0.5290178571428571 0.06696428571428571 0.09598214285714286
13 0.03794642857142857 0.5580357142857143 0.07589285714285714 0.11160714285714286
13 0.4732142857142857 0.5658482142857143 0.07700892857142858 0.11272321428571429
13 0.22433035714285715 0.6082589285714286 0.07700892857142858 0.11272321428571429
13 0.40401785714285715 0.8348214285714286 0.07700892857142858 0.11272321428571429
13 0.3392857142857143 0.8627232142857143 0.07700892857142858 0.11272321428571429
11 0.9107142857142857 0.890625 0.07700892857142858 0.09151785714285714
13 0.7979910714285714 0.9040178571428571 0.07700892857142858 0.11272321428571429
13 0.7767857142857143 0.9575892857142857 0.07700892857142858 0.08147321428571429
16 0.6049107142857143 0.09375 0.07700892857142858 0.11272321428571429
14 0.7176339285714286 0.3560267857142857 0.07700892857142858 0.11272321428571429
13 0.11049107142857142 0.4095982142857143 0.07700892857142858 0.11272321428571429
13 0.03794642857142857 0.43861607142857145 0.07589285714285714 0.11383928571428571
13 0.125 0.5189732142857143 0.07700892857142858 0.08147321428571429
13 0.06696428571428571 0.6372767857142857 0.07700892857142858 0.11272321428571429
13 0.09933035714285714 0.6875 0.07254464285714286 0.08705357142857142
13 0.03794642857142857 0.7834821428571429 0.07589285714285714 0.11160714285714286
13 0.11830357142857142 0.8348214285714286 0.07700892857142858 0.11272321428571429
13 0.15736607142857142 0.7924107142857143 0.07700892857142858 0.11272321428571429
13 0.17745535714285715 0.71875 0.07700892857142858 0.11272321428571429
13 0.21763392857142858 0.7834821428571429 0.07700892857142858 0.11272321428571429
13 0.26004464285714285 0.8604910714285714 0.07700892857142858 0.11272321428571429
13 0.14620535714285715 0.9263392857142857 0.07700892857142858 0.11272321428571429
13 0.453125 0.7332589285714286 0.07700892857142858 0.11272321428571429
13 0.47433035714285715 0.828125 0.07924107142857142 0.09821428571428571
13 0.5245535714285714 0.8895089285714286 0.07700892857142858 0.11272321428571429
13 0.4732142857142857 0.9430803571428571 0.07700892857142858 0.11272321428571429
13 0.6383928571428571 0.9229910714285714 0.07700892857142858 0.09151785714285714
13 0.7020089285714286 0.8973214285714286 0.07700892857142858 0.11272321428571429
13 0.7511160714285714 0.8415178571428571 0.07700892857142858 0.11272321428571429
13 0.6104910714285714 0.78125 0.07700892857142858 0.11272321428571429
11 0.5513392857142857 0.703125 0.06696428571428571 0.10602678571428571
13 0.49888392857142855 0.6685267857142857 0.07700892857142858 0.11272321428571429
13 0.703125 0.6964285714285714 0.07700892857142858 0.11272321428571429
13 0.8091517857142857 0.7165178571428571 0.07700892857142858 0.11272321428571429
13 0.7979910714285714 0.8002232142857143 0.07700892857142858 0.11272321428571429
13 0.8638392857142857 0.8236607142857143 0.07700892857142858 0.11272321428571429
13 0.9408482142857143 0.8125 0.07700892857142858 0.11272321428571429
13 0.8705357142857143 0.7220982142857143 0.07700892857142858 0.11272321428571429
13 0.9430803571428571 0.6841517857142857 0.07700892857142858 0.11272321428571429
13 0.9073660714285714 0.6160714285714286 0.07700892857142858 0.11272321428571429
13 0.9709821428571429 0.6026785714285714 0.05803571428571429 0.11272321428571429
13 0.8381696428571429 0.6127232142857143 0.07700892857142858 0.11272321428571429
13 0.7455357142857143 0.6160714285714286 0.07700892857142858 0.11272321428571429
13 0.8694196428571429 0.3783482142857143 0.07700892857142858 0.11272321428571429
13 0.78125 0.33482142857142855 0.07700892857142858 0.11272321428571429
13 0.8314732142857143 0.27901785714285715 0.07700892857142858 0.11272321428571429
11 0.8493303571428571 0.15401785714285715 0.07700892857142858 0.11272321428571429
13 0.8560267857142857 0.07477678571428571 0.07700892857142858 0.11272321428571429
13 0.6707589285714286 0.5357142857142857 0.06696428571428571 0.09598214285714286
13 0.5970982142857143 0.5502232142857143 0.07700892857142858 0.11272321428571429
7 0.6104910714285714 0.47098214285714285 0.07700892857142858 0.11272321428571429
13 0.6462053571428571 0.3939732142857143 0.07700892857142858 0.11272321428571429
13 0.23995535714285715 0.5279017857142857 0.07700892857142858 0.11272321428571429
13 0.21205357142857142 0.47433035714285715 0.07700892857142858 0.11272321428571429
13 0.7176339285714286 0.18191964285714285 0.07700892857142858 0.11272321428571429
13 0.7165178571428571 0.23214285714285715 0.07700892857142858 0.08705357142857142
13 0.5591517857142857 0.34598214285714285 0.07700892857142858 0.11272321428571429
13 0.5412946428571429 0.25223214285714285 0.07700892857142858 0.11272321428571429
13 0.40066964285714285 0.12834821428571427 0.07700892857142858 0.11272321428571429
13 0.3404017857142857 0.10267857142857142 0.07700892857142858 0.11272321428571429
13 0.2611607142857143 0.09598214285714286 0.07700892857142858 0.11272321428571429
13 0.44754464285714285 0.0625 0.07700892857142858 0.11272321428571429
13 0.49888392857142855 0.044642857142857144 0.07924107142857142 0.08928571428571429
13 0.5680803571428571 0.041294642857142856 0.07700892857142858 0.08147321428571429
13 0.9386160714285714 0.32924107142857145 0.07700892857142858 0.11272321428571429
13 0.20982142857142858 0.3125 0.07254464285714286 0.09598214285714286
13 0.036830357142857144 0.29910714285714285 0.07366071428571429 0.11160714285714286
11 0.06919642857142858 0.16629464285714285 0.06473214285714286 0.09151785714285714
13 0.11383928571428571 0.11941964285714286 0.07700892857142858 0.11272321428571429
13 0.17299107142857142 0.14620535714285715 0.06696428571428571 0.10379464285714286
13 0.26004464285714285 0.19308035714285715 0.07700892857142858 0.11272321428571429
13 0.30245535714285715 0.2533482142857143 0.07700892857142858 0.11272321428571429
13 0.3470982142857143 0.32924107142857145 0.07700892857142858 0.11272321428571429
15 0.3638392857142857 0.42075892857142855 0.07700892857142858 0.09821428571428571
13 0.41629464285714285 0.3091517857142857 0.07700892857142858 0.11272321428571429
13 0.43638392857142855 0.4174107142857143 0.07700892857142858 0.11272321428571429
11 0.09263392857142858 0.26674107142857145 0.07700892857142858 0.11272321428571429
13 0.49888392857142855 0.3549107142857143 0.07700892857142858 0.11272321428571429
13 0.28794642857142855 0.49441964285714285 0.07700892857142858 0.11272321428571429
15 0.31026785714285715 0.40625 0.07700892857142858 0.11272321428571429
13 0.35044642857142855 0.20758928571428573 0.07700892857142858 0.11272321428571429
13 0.48995535714285715 0.49107142857142855 0.07700892857142858 0.11272321428571429
8 0.20758928571428573 0.9430803571428571 0.07700892857142858 0.11272321428571429
11 0.036830357142857144 0.8649553571428571 0.07366071428571429 0.11383928571428571
13 0.18861607142857142 0.8638392857142857 0.07700892857142858 0.11272321428571429
8 0.3872767857142857 0.7533482142857143 0.07700892857142858 0.11272321428571429
17 0.23102678571428573 0.39174107142857145 0.07700892857142858 0.11272321428571429
13 0.6685267857142857 0.14174107142857142 0.07700892857142858 0.11272321428571429
13 0.5412946428571429 0.5502232142857143 0.07700892857142858 0.11272321428571429
11 0.96875 0.7466517857142857 0.0625 0.11272321428571429
13 0.4375 0.4810267857142857 0.0625 0.08705357142857142
17 0.09040178571428571 0.3470982142857143 0.07700892857142858 0.11272321428571429
13 0.78125 0.06473214285714286 0.07700892857142858 0.11272321428571429
8 0.9006696428571429 0.46763392857142855 0.06696428571428571 0.07254464285714286
15 0.6183035714285714 0.17522321428571427 0.07700892857142858 0.11272321428571429
13 0.16071428571428573 0.052455357142857144 0.08035714285714286 0.10491071428571429
13 0.265625 0.9564732142857143 0.07924107142857142 0.08705357142857142
7 0.43080357142857145 0.23102678571428573 0.07700892857142858 0.11272321428571429
14 0.40513392857142855 0.9587053571428571 0.07254464285714286 0.08147321428571429