18 0.8404017857142857 0.24776785714285715 0.11272321428571429 0.07700892857142858
14 0.7310267857142857 0.6004464285714286 0.0625 0.04352678571428571
11 0.14620535714285715 0.24330357142857142 0.11049107142857142 0.07700892857142858
5 0.5089285714285714 0.7332589285714286 0.11272321428571429 0.07700892857142858
7 0.9029017857142857 0.29017857142857145 0.11495535714285714 0.08705357142857142
13 0.42299107142857145 0.22879464285714285 0.11272321428571429 0.07700892857142858
12 0.9352678571428571 0.6216517857142857 0.05580357142857143 0.03571428571428571
12 0.44754464285714285 0.484375 0.04799107142857143 0.03571428571428571
12 0.24665178571428573 0.15513392857142858 0.03794642857142857 0.029017857142857144
18 0.9375 0.7790178571428571 0.08705357142857142 0.05803571428571429
18 0.8035714285714286 0.35379464285714285 0.10602678571428571 0.06473214285714286
8 0.6975446428571429 0.23325892857142858 0.07254464285714286 0.04799107142857143
2 0.6104910714285714 0.9497767857142857 0.13950892857142858 0.06696428571428571
18 0.21205357142857142 0.9542410714285714 0.11495535714285714 0.07700892857142858
2 0.40513392857142855 0.31808035714285715 0.10044642857142858 0.10044642857142858