13 0.28794642857142855 0.296875 0.28794642857142855 0.22321428571428573
13 0.6026785714285714 0.04241071428571429 0.13169642857142858 0.08370535714285714
13 0.08482142857142858 0.31808035714285715 0.16964285714285715 0.18080357142857142
13 0.5848214285714286 0.21316964285714285 0.16629464285714285 0.22321428571428573
0 0.3939732142857143 0.13392857142857142 0.4185267857142857 0.26674107142857145
10 0.8426339285714286 0.11049107142857142 0.31473214285714285 0.22098214285714285
10 0.45424107142857145 0.6863839285714286 0.42745535714285715 0.5022321428571429
13 0.7209821428571429 0.953125 0.10602678571428571 0.09375
3 0.8783482142857143 0.6417410714285714 0.24330357142857142 0.46651785714285715
13 0.8616071428571429 0.43861607142857145 0.24776785714285715 0.060267857142857144
13 0.8448660714285714 0.8939732142857143 0.2767857142857143 0.21205357142857142
13 0.7198660714285714 0.7254464285714286 0.10379464285714286 0.2544642857142857