1 0.30245535714285715 0.5959821428571429 0.08705357142857142 0.11049107142857142
1 0.38839285714285715 0.6205357142857143 0.09151785714285714 0.12053571428571429
1 0.4720982142857143 0.6361607142857143 0.08705357142857142 0.10044642857142858
1 0.4486607142857143 0.7689732142857143 0.07700892857142858 0.09821428571428571
1 0.5066964285714286 0.8247767857142857 0.07700892857142858 0.11272321428571429
1 0.703125 0.6651785714285714 0.09151785714285714 0.11495535714285714
1 0.6517857142857143 0.734375 0.07700892857142858 0.10044642857142858
1 0.7488839285714286 0.8214285714285714 0.07700892857142858 0.11272321428571429
1 0.19419642857142858 0.7555803571428571 0.07700892857142858 0.11272321428571429
1 0.22767857142857142 0.3705357142857143 0.07700892857142858 0.11272321428571429
1 0.08816964285714286 0.46316964285714285 0.07700892857142858 0.11272321428571429
1 0.7232142857142857 0.39955357142857145 0.06696428571428571 0.09598214285714286
1 0.8683035714285714 0.7254464285714286 0.07700892857142858 0.11049107142857142
12 0.47433035714285715 0.5658482142857143 0.018973214285714284 0.024553571428571428
12 0.027901785714285716 0.25111607142857145 0.024553571428571428 0.029017857142857144
12 0.22544642857142858 0.16852678571428573 0.024553571428571428 0.033482142857142856
12 0.5870535714285714 0.05803571428571429 0.018973214285714284 0.026785714285714284
12 0.5814732142857143 0.26004464285714285 0.021205357142857144 0.029017857142857144