17 0.10267857142857142 0.5870535714285714 0.09598214285714286 0.07477678571428571
17 0.10602678571428571 0.5256696428571429 0.09598214285714286 0.06696428571428571
17 0.37611607142857145 0.5022321428571429 0.09151785714285714 0.0625
17 0.08816964285714286 0.8504464285714286 0.10602678571428571 0.07700892857142858
17 0.24330357142857142 0.9441964285714286 0.09821428571428571 0.07700892857142858
17 0.36160714285714285 0.6830357142857143 0.08928571428571429 0.07254464285714286
17 0.640625 0.6830357142857143 0.10044642857142858 0.07700892857142858
17 0.04017857142857143 0.036830357142857144 0.08035714285714286 0.07366071428571429
17 0.33370535714285715 0.06584821428571429 0.10602678571428571 0.07700892857142858
17 0.4564732142857143 0.06808035714285714 0.11272321428571429 0.07700892857142858
17 0.4017857142857143 0.14397321428571427 0.10044642857142858 0.06696428571428571
17 0.32254464285714285 0.1875 0.08370535714285714 0.07700892857142858
17 0.484375 0.20647321428571427 0.10044642857142858 0.07700892857142858
17 0.5457589285714286 0.38169642857142855 0.09821428571428571 0.07700892857142858
17 0.5758928571428571 0.46763392857142855 0.09598214285714286 0.07700892857142858
17 0.46651785714285715 0.41294642857142855 0.09598214285714286 0.07700892857142858
17 0.33035714285714285 0.3091517857142857 0.09151785714285714 0.06919642857142858
17 0.7276785714285714 0.6238839285714286 0.10602678571428571 0.06696428571428571
17 0.7399553571428571 0.41964285714285715 0.09151785714285714 0.07254464285714286
17 0.8258928571428571 0.359375 0.08928571428571429 0.06919642857142858
17 0.7555803571428571 0.14174107142857142 0.09151785714285714 0.0625
17 0.7220982142857143 0.06361607142857142 0.09821428571428571 0.06696428571428571
17 0.9375 0.10267857142857142 0.09375 0.07700892857142858
17 0.9475446428571429 0.6685267857142857 0.10491071428571429 0.078125
17 0.7979910714285714 0.6662946428571429 0.11272321428571429 0.07924107142857142
17 0.7131696428571429 0.6930803571428571 0.11272321428571429 0.07700892857142858
17 0.8839285714285714 0.9375 0.10044642857142858 0.06919642857142858
15 0.7477678571428571 0.36160714285714285 0.07924107142857142 0.05022321428571429
15 0.84375 0.5770089285714286 0.06696428571428571 0.0625
14 0.7276785714285714 0.5580357142857143 0.07924107142857142 0.052455357142857144
15 0.8191964285714286 0.8638392857142857 0.07700892857142858 0.052455357142857144
15 0.6060267857142857 0.7399553571428571 0.07254464285714286 0.05022321428571429
15 0.20758928571428573 0.5602678571428571 0.07254464285714286 0.052455357142857144
13 0.40736607142857145 0.6651785714285714 0.07700892857142858 0.0625
15 0.796875 0.46651785714285715 0.07254464285714286 0.0625
15 0.5948660714285714 0.5881696428571429 0.08705357142857142 0.06696428571428571
17 0.9252232142857143 0.27120535714285715 0.11272321428571429 0.07700892857142858
17 0.9564732142857143 0.2533482142857143 0.08705357142857142 0.06696428571428571
5 0.6462053571428571 0.34263392857142855 0.08705357142857142 0.07700892857142858
5 0.5502232142857143 0.15513392857142858 0.11272321428571429 0.07700892857142858
5 0.5680803571428571 0.03794642857142857 0.09151785714285714 0.07589285714285714
5 0.5301339285714286 0.12276785714285714 0.10379464285714286 0.0625
5 0.42299107142857145 0.25669642857142855 0.08928571428571429 0.06696428571428571
5 0.40066964285714285 0.35267857142857145 0.09151785714285714 0.07254464285714286
5 0.12611607142857142 0.28125 0.09598214285714286 0.08928571428571429
5 0.5446428571428571 0.7087053571428571 0.08928571428571429 0.06696428571428571
17 0.6194196428571429 0.9709821428571429 0.11272321428571429 0.05803571428571429
17 0.5122767857142857 0.9709821428571429 0.11272321428571429 0.05803571428571429
17 0.10491071428571429 0.4174107142857143 0.11272321428571429 0.07700892857142858
13 0.9207589285714286 0.7165178571428571 0.08147321428571429 0.060267857142857144
17 0.9676339285714286 0.7611607142857143 0.06473214285714286 0.07700892857142858
7 0.5011160714285714 0.8448660714285714 0.12946428571428573 0.09151785714285714
15 0.20535714285714285 0.19977678571428573 0.09598214285714286 0.06473214285714286
8 0.046875 0.13058035714285715 0.08705357142857142 0.0625
15 0.13616071428571427 0.4375 0.07254464285714286 0.0625
13 0.16741071428571427 0.38504464285714285 0.08705357142857142 0.0625
13 0.21875 0.33816964285714285 0.10044642857142858 0.07477678571428571
17 0.027901785714285716 0.34486607142857145 0.05580357142857143 0.07700892857142858
17 0.8895089285714286 0.48549107142857145 0.10602678571428571 0.07700892857142858
17 0.08370535714285714 0.9776785714285714 0.08705357142857142 0.044642857142857144
17 0.34263392857142855 0.9609375 0.109375 0.078125
13 0.29017857142857145 0.47433035714285715 0.08147321428571429 0.0625
15 0.39620535714285715 0.20424107142857142 0.08147321428571429 0.05803571428571429
15 0.26785714285714285 0.23214285714285715 0.07254464285714286 0.060267857142857144
13 0.24776785714285715 0.2924107142857143 0.08705357142857142 0.06696428571428571
17 0.3158482142857143 0.6116071428571429 0.09598214285714286 0.060267857142857144
17 0.1875 0.7165178571428571 0.08928571428571429 0.07477678571428571
15 0.28794642857142855 0.6584821428571429 0.08147321428571429 0.05803571428571429
15 0.8426339285714286 0.1875 0.08705357142857142 0.0625
15 0.7611607142857143 0.24888392857142858 0.07700892857142858 0.05580357142857143
17 0.8191964285714286 0.3002232142857143 0.08705357142857142 0.06696428571428571
17 0.8883928571428571 0.6852678571428571 0.08705357142857142 0.06696428571428571
17 0.13950892857142858 0.7879464285714286 0.08705357142857142 0.06473214285714286