13 0.8761160714285714 0.16294642857142858 0.234375 0.32589285714285715
13 0.19084821428571427 0.6685267857142857 0.24553571428571427 0.22098214285714285
13 0.9832589285714286 0.3325892857142857 0.033482142857142856 0.22879464285714285
13 0.8147321428571429 0.9810267857142857 0.20870535714285715 0.033482142857142856
13 0.9564732142857143 0.04799107142857143 0.08147321428571429 0.09598214285714286
13 0.30580357142857145 0.23772321428571427 0.24330357142857142 0.22544642857142858
13 0.09486607142857142 0.21540178571428573 0.18973214285714285 0.19196428571428573
13 0.7790178571428571 0.34933035714285715 0.18080357142857142 0.23325892857142858
13 0.9185267857142857 0.9196428571428571 0.16294642857142858 0.16071428571428573
13 0.6941964285714286 0.041294642857142856 0.24553571428571427 0.08147321428571429
13 0.04575892857142857 0.5457589285714286 0.08705357142857142 0.22098214285714285
13 0.0625 0.06919642857142858 0.125 0.13839285714285715
13 0.8839285714285714 0.3872767857142857 0.21205357142857142 0.20424107142857142
13 0.9129464285714286 0.22098214285714285 0.16852678571428573 0.19754464285714285
13 0.15066964285714285 0.7232142857142857 0.21651785714285715 0.22544642857142858
6 0.48549107142857145 0.5323660714285714 0.42745535714285715 0.4252232142857143
13 0.5926339285714286 0.8158482142857143 0.22544642857142858 0.21205357142857142
13 0.7979910714285714 0.8638392857142857 0.20424107142857142 0.22879464285714285
13 0.10825892857142858 0.38950892857142855 0.21651785714285715 0.19977678571428573