12 0.016741071428571428 0.7589285714285714 0.033482142857142856 0.06473214285714286
13 0.36607142857142855 0.8002232142857143 0.30580357142857145 0.33370535714285715
13 0.9006696428571429 0.9787946428571429 0.19866071428571427 0.03794642857142857
12 0.17299107142857142 0.31808035714285715 0.06919642857142858 0.07477678571428571
13 0.6584821428571429 0.9698660714285714 0.25669642857142855 0.060267857142857144
12 0.32924107142857145 0.37723214285714285 0.08147321428571429 0.08370535714285714
12 0.9118303571428571 0.6863839285714286 0.09821428571428571 0.09375
12 0.08705357142857142 0.46205357142857145 0.09821428571428571 0.09598214285714286
0 0.5 0.5033482142857143 0.3939732142857143 0.43973214285714285
13 0.765625 0.3549107142857143 0.29799107142857145 0.32924107142857145
13 0.8805803571428571 0.11383928571428571 0.22544642857142858 0.22767857142857142
13 0.16852678571428573 0.5948660714285714 0.26004464285714285 0.25223214285714285
13 0.14620535714285715 0.10491071428571429 0.27120535714285715 0.20870535714285715
13 0.8805803571428571 0.8392857142857143 0.23325892857142858 0.23549107142857142
13 0.6372767857142857 0.7946428571428571 0.25669642857142855 0.27455357142857145
13 0.17857142857142858 0.8939732142857143 0.23549107142857142 0.21205357142857142