2 0.8917410714285714 0.9508928571428571 0.07700892857142858 0.09598214285714286
2 0.21540178571428573 0.8917410714285714 0.07700892857142858 0.11272321428571429
2 0.04799107142857143 0.8638392857142857 0.07700892857142858 0.11272321428571429
2 0.6841517857142857 0.8694196428571429 0.07700892857142858 0.11272321428571429
2 0.35825892857142855 0.8627232142857143 0.07700892857142858 0.11272321428571429
2 0.46205357142857145 0.8035714285714286 0.07700892857142858 0.11272321428571429
2 0.7533482142857143 0.7790178571428571 0.08705357142857142 0.12053571428571429
2 0.3091517857142857 0.7689732142857143 0.07700892857142858 0.11272321428571429
2 0.15066964285714285 0.7354910714285714 0.07700892857142858 0.11272321428571429
2 0.0625 0.7377232142857143 0.07700892857142858 0.11272321428571429
2 0.23772321428571427 0.6886160714285714 0.08705357142857142 0.11495535714285714
2 0.37611607142857145 0.6473214285714286 0.08705357142857142 0.12053571428571429
2 0.06138392857142857 0.6060267857142857 0.07700892857142858 0.11272321428571429
2 0.16852678571428573 0.6060267857142857 0.07700892857142858 0.11272321428571429
2 0.7901785714285714 0.6071428571428571 0.07700892857142858 0.11272321428571429
2 0.5345982142857143 0.5814732142857143 0.07700892857142858 0.11272321428571429
2 0.2935267857142857 0.5647321428571429 0.07700892857142858 0.11272321428571429
2 0.42299107142857145 0.5022321428571429 0.07700892857142858 0.11272321428571429
2 0.5033482142857143 0.4966517857142857 0.07700892857142858 0.11272321428571429
2 0.6595982142857143 0.46651785714285715 0.07700892857142858 0.11272321428571429
2 0.2767857142857143 0.45982142857142855 0.07700892857142858 0.11272321428571429
2 0.21316964285714285 0.4185267857142857 0.07700892857142858 0.11272321428571429
2 0.7075892857142857 0.38950892857142855 0.07700892857142858 0.11272321428571429
2 0.8426339285714286 0.3158482142857143 0.07700892857142858 0.11272321428571429
2 0.7354910714285714 0.2611607142857143 0.07700892857142858 0.11272321428571429
2 0.9207589285714286 0.26450892857142855 0.07700892857142858 0.11272321428571429
2 0.29129464285714285 0.12834821428571427 0.07700892857142858 0.11272321428571429
2 0.19196428571428573 0.11049107142857142 0.07700892857142858 0.11272321428571429
2 0.515625 0.08816964285714286 0.07700892857142858 0.11272321428571429
12 0.8325892857142857 0.9162946428571429 0.03794642857142857 0.052455357142857144
12 0.6037946428571429 0.7723214285714286 0.033482142857142856 0.04352678571428571
12 0.46875 0.7488839285714286 0.026785714285714284 0.03125
12 0.375 0.04017857142857143 0.033482142857142856 0.03571428571428571
8 0.9174107142857143 0.08705357142857142 0.04799107142857143 0.06696428571428571
14 0.34151785714285715 0.3638392857142857 0.052455357142857144 0.06696428571428571
2 0.8236607142857143 0.6841517857142857 0.08147321428571429 0.09151785714285714