13 0.41517857142857145 0.37276785714285715 0.2689732142857143 0.23995535714285715
13 0.4375 0.14732142857142858 0.25669642857142855 0.25223214285714285
13 0.32924107142857145 0.4720982142857143 0.28348214285714285 0.09375
0 0.19642857142857142 0.15066964285714285 0.39174107142857145 0.3002232142857143
13 0.15625 0.37388392857142855 0.23995535714285715 0.23102678571428573
13 0.4330357142857143 0.025669642857142856 0.23102678571428573 0.05022321428571429
13 0.5613839285714286 0.4642857142857143 0.19419642857142858 0.11049107142857142
13 0.06473214285714286 0.4642857142857143 0.12946428571428573 0.11049107142857142
10 0.8125 0.38504464285714285 0.3080357142857143 0.2689732142857143
0 0.44642857142857145 0.8883928571428571 0.4252232142857143 0.22321428571428573
10 0.7533482142857143 0.7857142857142857 0.18973214285714285 0.42745535714285715