3 0.24441964285714285 0.14955357142857142 0.4877232142857143 0.29799107142857145
0 0.6986607142857143 0.18973214285714285 0.39620535714285715 0.21651785714285715
13 0.39732142857142855 0.4029017857142857 0.20424107142857142 0.20870535714285715
13 0.4486607142857143 0.5479910714285714 0.10379464285714286 0.26450892857142855
13 0.3125 0.5223214285714286 0.23995535714285715 0.23549107142857142
13 0.17633928571428573 0.9229910714285714 0.22879464285714285 0.15401785714285715
13 0.06473214285714286 0.359375 0.12946428571428573 0.12276785714285714
13 0.052455357142857144 0.9107142857142857 0.10491071428571429 0.16517857142857142
3 0.11272321428571429 0.6316964285714286 0.22544642857142858 0.45200892857142855
13 0.36941964285714285 0.7142857142857143 0.1875 0.20870535714285715
10 0.6852678571428571 0.6506696428571429 0.3705357142857143 0.6707589285714286