12 0.17299107142857142 0.34151785714285715 0.024553571428571428 0.029017857142857144
12 0.29017857142857145 0.6372767857142857 0.029017857142857144 0.04799107142857143
12 0.6116071428571429 0.625 0.024553571428571428 0.029017857142857144
12 0.05803571428571429 0.29575892857142855 0.026785714285714284 0.03571428571428571
12 0.13727678571428573 0.5100446428571429 0.016741071428571428 0.029017857142857144
17 0.3236607142857143 0.8917410714285714 0.07477678571428571 0.09151785714285714
17 0.17299107142857142 0.9497767857142857 0.07254464285714286 0.08928571428571429
17 0.5524553571428571 0.7689732142857143 0.07477678571428571 0.09821428571428571
17 0.7477678571428571 0.9508928571428571 0.07477678571428571 0.08928571428571429
17 0.6875 0.30691964285714285 0.07477678571428571 0.08705357142857142
17 0.2845982142857143 0.07142857142857142 0.06919642857142858 0.08928571428571429
17 0.16071428571428573 0.18861607142857142 0.06919642857142858 0.08370535714285714
17 0.25558035714285715 0.546875 0.07254464285714286 0.09821428571428571