13 0.05022321428571429 0.4107142857142857 0.10044642857142858 0.15401785714285715
13 0.18861607142857142 0.25892857142857145 0.27455357142857145 0.26004464285714285
0 0.35267857142857145 0.3470982142857143 0.21428571428571427 0.28125
10 0.8381696428571429 0.1328125 0.3236607142857143 0.265625
3 0.13058035714285715 0.6819196428571429 0.2611607142857143 0.390625
13 0.5535714285714286 0.5803571428571429 0.18973214285714285 0.18526785714285715
12 0.9508928571428571 0.7611607142857143 0.08147321428571429 0.07477678571428571
13 0.5178571428571429 0.6997767857142857 0.11830357142857142 0.26004464285714285
0 0.7388392857142857 0.7332589285714286 0.4107142857142857 0.40401785714285715
13 0.7689732142857143 0.9575892857142857 0.22544642857142858 0.08370535714285714
13 0.7566964285714286 0.5245535714285714 0.23995535714285715 0.07254464285714286
13 0.9252232142857143 0.9475446428571429 0.14508928571428573 0.10491071428571429