13 0.3716517857142857 0.9821428571428571 0.21428571428571427 0.03571428571428571
12 0.025669642857142856 0.08370535714285714 0.05022321428571429 0.11272321428571429
13 0.11607142857142858 0.9698660714285714 0.23214285714285715 0.060267857142857144
13 0.6997767857142857 0.26674107142857145 0.25 0.23325892857142858
12 0.09598214285714286 0.5658482142857143 0.10379464285714286 0.09598214285714286
13 0.41964285714285715 0.04575892857142857 0.23995535714285715 0.09151785714285714
13 0.8895089285714286 0.04575892857142857 0.21651785714285715 0.09151785714285714
0 0.5011160714285714 0.5011160714285714 0.39174107142857145 0.48995535714285715
13 0.7354910714285714 0.6629464285714286 0.23325892857142858 0.22544642857142858
13 0.21763392857142858 0.09151785714285714 0.22544642857142858 0.17745535714285715
13 0.08035714285714286 0.22433035714285715 0.16071428571428573 0.25223214285714285
13 0.8370535714285714 0.2533482142857143 0.22879464285714285 0.21651785714285715
13 0.9040178571428571 0.46316964285714285 0.18080357142857142 0.22544642857142858
13 0.22209821428571427 0.6707589285714286 0.22321428571428573 0.20647321428571427
13 0.30357142857142855 0.8604910714285714 0.23995535714285715 0.21651785714285715
13 0.18080357142857142 0.43191964285714285 0.23325892857142858 0.22879464285714285
13 0.6372767857142857 0.8950892857142857 0.24776785714285715 0.20870535714285715
13 0.8939732142857143 0.8660714285714286 0.21205357142857142 0.20647321428571427