13 0.16183035714285715 0.6127232142857143 0.23772321428571427 0.15401785714285715
12 0.09263392857142858 0.39732142857142855 0.10044642857142858 0.09821428571428571
13 0.18638392857142858 0.34375 0.24553571428571427 0.26674107142857145
13 0.3013392857142857 0.5412946428571429 0.28794642857142855 0.27455357142857145
13 0.08705357142857142 0.6395089285714286 0.17299107142857142 0.10044642857142858
13 0.31138392857142855 0.06584821428571429 0.24330357142857142 0.13169642857142858
13 0.11160714285714286 0.15513392857142858 0.22321428571428573 0.23772321428571427
3 0.4095982142857143 0.27566964285714285 0.43973214285714285 0.48325892857142855
13 0.6004464285714286 0.4185267857142857 0.05803571428571429 0.2544642857142857
13 0.078125 0.5122767857142857 0.15625 0.20200892857142858
13 0.5167410714285714 0.5558035714285714 0.22544642857142858 0.2689732142857143
13 0.6607142857142857 0.11049107142857142 0.0625 0.22098214285714285
12 0.6819196428571429 0.044642857142857144 0.09821428571428571 0.08928571428571429
13 0.8683035714285714 0.04575892857142857 0.2544642857142857 0.09151785714285714
13 0.7165178571428571 0.6495535714285714 0.17299107142857142 0.08147321428571429
13 0.8917410714285714 0.5535714285714286 0.21651785714285715 0.27120535714285715
3 0.7801339285714286 0.41183035714285715 0.3002232142857143 0.5412946428571429
13 0.49888392857142855 0.7622767857142857 0.2622767857142857 0.14397321428571427
13 0.05133928571428571 0.9073660714285714 0.10267857142857142 0.18526785714285715
13 0.5825892857142857 0.8683035714285714 0.09375 0.26339285714285715
13 0.03794642857142857 0.7901785714285714 0.07589285714285714 0.20089285714285715
3 0.23102678571428573 0.9453125 0.46205357142857145 0.109375
13 0.3794642857142857 0.8805803571428571 0.27455357142857145 0.23772321428571427
6 0.9352678571428571 0.8995535714285714 0.12946428571428573 0.20089285714285715