9 0.16964285714285715 0.43191964285714285 0.3392857142857143 0.45424107142857145
13 0.5379464285714286 0.7064732142857143 0.28348214285714285 0.024553571428571428
13 0.9308035714285714 0.1171875 0.13839285714285715 0.22991071428571427
13 0.49441964285714285 0.5993303571428571 0.30580357142857145 0.23772321428571427
6 0.5256696428571429 0.33816964285714285 0.37276785714285715 0.39620535714285715
13 0.375 0.203125 0.07254464285714286 0.30580357142857145
13 0.8604910714285714 0.28348214285714285 0.27901785714285715 0.26674107142857145
13 0.7243303571428571 0.45535714285714285 0.2622767857142857 0.23102678571428573
13 0.7779017857142857 0.6194196428571429 0.27120535714285715 0.19977678571428573
13 0.7109375 0.11607142857142858 0.234375 0.23214285714285715
13 0.20535714285714285 0.9899553571428571 0.26674107142857145 0.018973214285714284
13 0.19754464285714285 0.7868303571428571 0.28348214285714285 0.13727678571428573
13 0.04575892857142857 0.8125 0.09151785714285714 0.1875
13 0.052455357142857144 0.9453125 0.10491071428571429 0.109375
13 0.19308035714285715 0.8917410714285714 0.29129464285714285 0.21651785714285715
13 0.35379464285714285 0.8895089285714286 0.029017857142857144 0.20200892857142858
13 0.44754464285714285 0.859375 0.21651785714285715 0.28125
6 0.7723214285714286 0.7912946428571429 0.44419642857142855 0.14397321428571427
13 0.8939732142857143 0.9029017857142857 0.21205357142857142 0.19419642857142858