2 0.27566964285714285 0.4497767857142857 0.09151785714285714 0.07700892857142858
2 0.26339285714285715 0.5301339285714286 0.09598214285714286 0.06696428571428571
11 0.21316964285714285 0.43080357142857145 0.06473214285714286 0.07700892857142858
2 0.4486607142857143 0.484375 0.11272321428571429 0.07700892857142858
2 0.5212053571428571 0.5825892857142857 0.09375 0.0625
11 0.15848214285714285 0.5345982142857143 0.11272321428571429 0.05803571428571429
11 0.2857142857142857 0.7198660714285714 0.07700892857142858 0.06919642857142858
2 0.453125 0.7957589285714286 0.08147321428571429 0.0625
2 0.5055803571428571 0.8292410714285714 0.09151785714285714 0.07254464285714286
11 0.7600446428571429 0.6741071428571429 0.09151785714285714 0.06919642857142858
11 0.6439732142857143 0.6294642857142857 0.09598214285714286 0.07700892857142858
2 0.25 0.7979910714285714 0.07924107142857142 0.07924107142857142
2 0.4654017857142857 0.9241071428571429 0.06696428571428571 0.09598214285714286
11 0.052455357142857144 0.5658482142857143 0.07254464285714286 0.07700892857142858
2 0.5290178571428571 0.13616071428571427 0.08705357142857142 0.07700892857142858
2 0.6930803571428571 0.12165178571428571 0.07700892857142858 0.06696428571428571
11 0.9252232142857143 0.2924107142857143 0.09598214285714286 0.06696428571428571
11 0.8660714285714286 0.2544642857142857 0.11272321428571429 0.07700892857142858
11 0.7444196428571429 0.31473214285714285 0.09821428571428571 0.06696428571428571
11 0.8415178571428571 0.40066964285714285 0.09821428571428571 0.0625
11 0.10714285714285714 0.9006696428571429 0.09375 0.07924107142857142
11 0.22767857142857142 0.9598214285714286 0.08370535714285714 0.07924107142857142
11 0.7064732142857143 0.9174107142857143 0.11272321428571429 0.07700892857142858
11 0.8459821428571429 0.8549107142857143 0.09151785714285714 0.06473214285714286
2 0.8638392857142857 0.90625 0.09598214285714286 0.060267857142857144
2 0.8649553571428571 0.9698660714285714 0.07700892857142858 0.060267857142857144
11 0.8917410714285714 0.7020089285714286 0.11272321428571429 0.07924107142857142
11 0.8738839285714286 0.6194196428571429 0.09598214285714286 0.05803571428571429
11 0.9564732142857143 0.6696428571428571 0.08705357142857142 0.07924107142857142
11 0.5658482142857143 0.6417410714285714 0.11272321428571429 0.07700892857142858
2 0.5022321428571429 0.3794642857142857 0.07254464285714286 0.07924107142857142
2 0.5591517857142857 0.37723214285714285 0.07700892857142858 0.06696428571428571
11 0.453125 0.36160714285714285 0.06696428571428571 0.07254464285714286
16 0.203125 0.16629464285714285 0.09151785714285714 0.07700892857142858
11 0.10602678571428571 0.7332589285714286 0.08928571428571429 0.07700892857142858
11 0.43638392857142855 0.6004464285714286 0.09151785714285714 0.07700892857142858
2 0.30691964285714285 0.030133928571428572 0.11272321428571429 0.060267857142857144
2 0.8024553571428571 0.03794642857142857 0.08705357142857142 0.07589285714285714
11 0.9352678571428571 0.07924107142857142 0.07924107142857142 0.07254464285714286
11 0.8716517857142857 0.04799107142857143 0.08705357142857142 0.05803571428571429
11 0.5736607142857143 0.041294642857142856 0.08147321428571429 0.06919642857142858
2 0.6785714285714286 0.8448660714285714 0.09821428571428571 0.06696428571428571
11 0.39174107142857145 0.6897321428571429 0.07700892857142858 0.07254464285714286
11 0.44642857142857145 0.19642857142857142 0.08147321428571429 0.06696428571428571
11 0.8314732142857143 0.09933035714285714 0.11272321428571429 0.07700892857142858
13 0.21540178571428573 0.640625 0.08705357142857142 0.07700892857142858
13 0.7645089285714286 0.9430803571428571 0.08705357142857142 0.08147321428571429
13 0.14174107142857142 0.0625 0.09598214285714286 0.07254464285714286
13 0.03794642857142857 0.12723214285714285 0.07589285714285714 0.07589285714285714
13 0.8995535714285714 0.5401785714285714 0.08928571428571429 0.0625
11 0.29910714285714285 0.33482142857142855 0.07700892857142858 0.07700892857142858