13 0.09151785714285714 0.10714285714285714 0.18303571428571427 0.21428571428571427
6 0.2700892857142857 0.15513392857142858 0.2767857142857143 0.31026785714285715
13 0.3169642857142857 0.42410714285714285 0.18303571428571427 0.06919642857142858
13 0.049107142857142856 0.31919642857142855 0.09821428571428571 0.22098214285714285
3 0.6160714285714286 0.22991071428571427 0.41629464285714285 0.45870535714285715
9 0.11272321428571429 0.6294642857142857 0.22544642857142858 0.34151785714285715
6 0.7857142857142857 0.6551339285714286 0.42745535714285715 0.39174107142857145
13 0.9720982142857143 0.8325892857142857 0.05580357142857143 0.21875
13 0.6283482142857143 0.8705357142857143 0.20647321428571427 0.19977678571428573
13 0.8549107142857143 0.9107142857142857 0.20870535714285715 0.17745535714285715
13 0.48660714285714285 0.9587053571428571 0.15625 0.08147321428571429
13 0.7131696428571429 0.9754464285714286 0.25223214285714285 0.04799107142857143