13 0.484375 0.47098214285714285 0.07700892857142858 0.09151785714285714
13 0.43526785714285715 0.4095982142857143 0.06696428571428571 0.09151785714285714
13 0.5502232142857143 0.41183035714285715 0.07700892857142858 0.11272321428571429
13 0.5680803571428571 0.5613839285714286 0.0625 0.08705357142857142
1 0.7901785714285714 0.7254464285714286 0.06696428571428571 0.09151785714285714
1 0.7466517857142857 0.421875 0.07700892857142858 0.09375
1 0.17299107142857142 0.16741071428571427 0.07700892857142858 0.09821428571428571
1 0.20424107142857142 0.027901785714285716 0.07700892857142858 0.052455357142857144
1 0.9475446428571429 0.6908482142857143 0.07700892857142858 0.08370535714285714
13 0.9263392857142857 0.17075892857142858 0.07700892857142858 0.11272321428571429
11 0.24553571428571427 0.90625 0.07700892857142858 0.11272321428571429
13 0.140625 0.9352678571428571 0.07700892857142858 0.11272321428571429
13 0.21875 0.7589285714285714 0.07700892857142858 0.11272321428571429
13 0.2924107142857143 0.7477678571428571 0.07700892857142858 0.11272321428571429
15 0.04352678571428571 0.8727678571428571 0.07254464285714286 0.09151785714285714
13 0.05915178571428571 0.9575892857142857 0.07700892857142858 0.08147321428571429
13 0.030133928571428572 0.7020089285714286 0.05803571428571429 0.08147321428571429
13 0.07924107142857142 0.6350446428571429 0.07254464285714286 0.08370535714285714
15 0.04799107142857143 0.5178571428571429 0.0625 0.08705357142857142
13 0.09263392857142858 0.5145089285714286 0.07700892857142858 0.11272321428571429
13 0.24441964285714285 0.5881696428571429 0.07700892857142858 0.08705357142857142
1 0.6439732142857143 0.5513392857142857 0.07700892857142858 0.11272321428571429
13 0.34933035714285715 0.390625 0.06473214285714286 0.09821428571428571
1 0.25111607142857145 0.27566964285714285 0.06696428571428571 0.09598214285714286
13 0.18080357142857142 0.31473214285714285 0.07700892857142858 0.11272321428571429
13 0.08035714285714286 0.33035714285714285 0.07254464285714286 0.08705357142857142
13 0.06361607142857142 0.40848214285714285 0.07700892857142858 0.11272321428571429
13 0.026785714285714284 0.33482142857142855 0.052455357142857144 0.11272321428571429
15 0.296875 0.14508928571428573 0.07700892857142858 0.11272321428571429
13 0.35825892857142855 0.18861607142857142 0.06696428571428571 0.10044642857142858
13 0.41517857142857145 0.15625 0.07700892857142858 0.09151785714285714
13 0.35714285714285715 0.03459821428571429 0.07924107142857142 0.06919642857142858
13 0.4375 0.05915178571428571 0.06696428571428571 0.08705357142857142
15 0.5345982142857143 0.03571428571428571 0.078125 0.07142857142857142
13 0.5747767857142857 0.15625 0.07700892857142858 0.11272321428571429
13 0.6316964285714286 0.15290178571428573 0.07700892857142858 0.11272321428571429
13 0.6417410714285714 0.22209821428571427 0.07700892857142858 0.11272321428571429
15 0.6897321428571429 0.060267857142857144 0.06473214285714286 0.08705357142857142
13 0.5915178571428571 0.32142857142857145 0.06473214285714286 0.09598214285714286
11 0.7276785714285714 0.18191964285714285 0.07700892857142858 0.09151785714285714
15 0.7790178571428571 0.11607142857142858 0.060267857142857144 0.09598214285714286
15 0.7979910714285714 0.06808035714285714 0.0625 0.07700892857142858
13 0.8493303571428571 0.05022321428571429 0.07700892857142858 0.10044642857142858
13 0.8761160714285714 0.09933035714285714 0.07700892857142858 0.11272321428571429
13 0.9006696428571429 0.036830357142857144 0.078125 0.07366071428571429
15 0.9665178571428571 0.052455357142857144 0.0625 0.10491071428571429
1 0.12723214285714285 0.27566964285714285 0.07700892857142858 0.09151785714285714
13 0.030133928571428572 0.12611607142857142 0.060267857142857144 0.11272321428571429
13 0.08258928571428571 0.03125 0.07924107142857142 0.0625
13 0.022321428571428572 0.05357142857142857 0.044642857142857144 0.10714285714285714
1 0.5055803571428571 0.20982142857142858 0.07700892857142858 0.11272321428571429
13 0.6316964285714286 0.026785714285714284 0.0625 0.052455357142857144
13 0.8482142857142857 0.20982142857142858 0.07700892857142858 0.11272321428571429
15 0.8895089285714286 0.3013392857142857 0.07700892857142858 0.11272321428571429
15 0.9107142857142857 0.2622767857142857 0.07700892857142858 0.11272321428571429
13 0.9732142857142857 0.20758928571428573 0.052455357142857144 0.11272321428571429
13 0.8024553571428571 0.34375 0.07700892857142858 0.11272321428571429
13 0.8895089285714286 0.38058035714285715 0.07700892857142858 0.11272321428571429
15 0.9464285714285714 0.4174107142857143 0.0625 0.09151785714285714
15 0.9676339285714286 0.4564732142857143 0.06473214285714286 0.08705357142857142
13 0.8024553571428571 0.4810267857142857 0.07700892857142858 0.11272321428571429
13 0.8794642857142857 0.5111607142857143 0.07700892857142858 0.11272321428571429
13 0.8493303571428571 0.5792410714285714 0.07700892857142858 0.11272321428571429
13 0.7444196428571429 0.5290178571428571 0.07700892857142858 0.11272321428571429
13 0.6395089285714286 0.47098214285714285 0.07700892857142858 0.11272321428571429
13 0.6674107142857143 0.6127232142857143 0.07700892857142858 0.11272321428571429
13 0.7120535714285714 0.6964285714285714 0.07700892857142858 0.11272321428571429
13 0.9732142857142857 0.5189732142857143 0.052455357142857144 0.11272321428571429
13 0.9732142857142857 0.6026785714285714 0.052455357142857144 0.11272321428571429
13 0.9631696428571429 0.8616071428571429 0.07366071428571429 0.11160714285714286
13 0.9575892857142857 0.9430803571428571 0.07700892857142858 0.11272321428571429
13 0.7667410714285714 0.8270089285714286 0.07700892857142858 0.11272321428571429
15 0.78125 0.9542410714285714 0.07700892857142858 0.09151785714285714
13 0.8627232142857143 0.9520089285714286 0.07700892857142858 0.09598214285714286
15 0.671875 0.8560267857142857 0.06696428571428571 0.09821428571428571
13 0.65625 0.8002232142857143 0.07700892857142858 0.11272321428571429
13 0.6495535714285714 0.7354910714285714 0.07700892857142858 0.11272321428571429
15 0.5535714285714286 0.7087053571428571 0.0625 0.09151785714285714
11 0.5502232142857143 0.7633928571428571 0.06473214285714286 0.09598214285714286
13 0.5089285714285714 0.7020089285714286 0.06473214285714286 0.08705357142857142
8 0.48995535714285715 0.7678571428571429 0.0625 0.08705357142857142
11 0.5256696428571429 0.8348214285714286 0.07700892857142858 0.11272321428571429
13 0.4330357142857143 0.8493303571428571 0.07700892857142858 0.11272321428571429
11 0.4095982142857143 0.6674107142857143 0.07700892857142858 0.11272321428571429
13 0.34486607142857145 0.8002232142857143 0.07700892857142858 0.11272321428571429
15 0.3549107142857143 0.9040178571428571 0.0625 0.07700892857142858
13 0.36830357142857145 0.9720982142857143 0.07477678571428571 0.052455357142857144
13 0.4564732142857143 0.9341517857142857 0.07700892857142858 0.11272321428571429
13 0.48325892857142855 0.9564732142857143 0.07700892857142858 0.08705357142857142
13 0.6439732142857143 0.9497767857142857 0.07700892857142858 0.10044642857142858
13 0.19084821428571427 0.6339285714285714 0.07700892857142858 0.11272321428571429
13 0.3705357142857143 0.5535714285714286 0.07700892857142858 0.11272321428571429
1 0.40736607142857145 0.33705357142857145 0.07700892857142858 0.10044642857142858
1 0.34486607142857145 0.2622767857142857 0.07700892857142858 0.11272321428571429
1 0.5044642857142857 0.5535714285714286 0.07477678571428571 0.09151785714285714
1 0.5323660714285714 0.9229910714285714 0.07700892857142858 0.11272321428571429
13 0.12165178571428571 0.08816964285714286 0.06473214285714286 0.08705357142857142
8 0.49888392857142855 0.29464285714285715 0.07700892857142858 0.08370535714285714
8 0.3627232142857143 0.7154017857142857 0.07700892857142858 0.11272321428571429
11 0.265625 0.4497767857142857 0.07700892857142858 0.11272321428571429
11 0.27901785714285715 0.41629464285714285 0.07700892857142858 0.07700892857142858
11 0.19866071428571427 0.9397321428571429 0.07700892857142858 0.11272321428571429
15 0.2689732142857143 0.13504464285714285 0.06919642857142858 0.08705357142857142
13 0.4810267857142857 0.12276785714285714 0.07700892857142858 0.11272321428571429
13 0.18861607142857142 0.24776785714285715 0.06696428571428571 0.09598214285714286
15 0.6875 0.37276785714285715 0.07700892857142858 0.11272321428571429
13 0.24553571428571427 0.6897321428571429 0.07700892857142858 0.11272321428571429
13 0.6618303571428571 0.31808035714285715 0.07700892857142858 0.11272321428571429
11 0.17075892857142858 0.8604910714285714 0.07700892857142858 0.11272321428571429
11 0.19419642857142858 0.4654017857142857 0.07700892857142858 0.11272321428571429
8 0.8292410714285714 0.9073660714285714 0.07700892857142858 0.09375
13 0.8850446428571429 0.7064732142857143 0.07700892857142858 0.11272321428571429
8 0.9709821428571429 0.7511160714285714 0.05803571428571429 0.11272321428571429
13 0.3080357142857143 0.6160714285714286 0.07700892857142858 0.11272321428571429
1 0.31808035714285715 0.5066964285714286 0.07477678571428571 0.09598214285714286
13 0.42075892857142855 0.78125 0.07700892857142858 0.11272321428571429
1 0.7299107142857143 0.8973214285714286 0.07700892857142858 0.11272321428571429
8 0.12053571428571429 0.6897321428571429 0.06696428571428571 0.09151785714285714
11 0.14174107142857142 0.46986607142857145 0.06696428571428571 0.08705357142857142
15 0.5625 0.3404017857142857 0.052455357142857144 0.07700892857142858
15 0.8917410714285714 0.7834821428571429 0.0625 0.08370535714285714
15 0.859375 0.7935267857142857 0.06696428571428571 0.08705357142857142
15 0.13058035714285715 0.7845982142857143 0.06696428571428571 0.09598214285714286
15 0.17075892857142858 0.5658482142857143 0.06473214285714286 0.09151785714285714
15 0.6752232142857143 0.09709821428571429 0.07254464285714286 0.08370535714285714
13 0.5982142857142857 0.5200892857142857 0.06696428571428571 0.08147321428571429
15 0.37276785714285715 0.8694196428571429 0.06696428571428571 0.08147321428571429
13 0.171875 0.7120535714285714 0.06473214285714286 0.10602678571428571