10 0.42857142857142855 0.06473214285714286 0.43973214285714285 0.12946428571428573
12 0.39620535714285715 0.9430803571428571 0.09821428571428571 0.11049107142857142
12 0.28348214285714285 0.8649553571428571 0.12276785714285714 0.14955357142857142
13 0.36495535714285715 0.14508928571428573 0.22098214285714285 0.03125
9 0.35379464285714285 0.5613839285714286 0.5167410714285714 0.5122767857142857
13 0.27232142857142855 0.9821428571428571 0.22879464285714285 0.03571428571428571
13 0.3627232142857143 0.25 0.2622767857142857 0.21205357142857142
13 0.6328125 0.9464285714285714 0.24330357142857142 0.10714285714285714
13 0.7042410714285714 0.5825892857142857 0.1875 0.25669642857142855
13 0.09821428571428571 0.9363839285714286 0.19642857142857142 0.12723214285714285
13 0.09486607142857142 0.7801339285714286 0.18973214285714285 0.21875
13 0.6886160714285714 0.16852678571428573 0.19977678571428573 0.07700892857142858
13 0.6986607142857143 0.29575892857142855 0.19977678571428573 0.21205357142857142
13 0.7232142857142857 0.8191964285714286 0.14955357142857142 0.23995535714285715
13 0.06473214285714286 0.24888392857142858 0.12946428571428573 0.20870535714285715