13 0.11830357142857142 0.09151785714285714 0.22098214285714285 0.18303571428571427
13 0.7176339285714286 0.21651785714285715 0.20424107142857142 0.10602678571428571
13 0.10044642857142858 0.21651785714285715 0.16294642857142858 0.10602678571428571
13 0.16741071428571427 0.03236607142857143 0.2622767857142857 0.06473214285714286
13 0.4888392857142857 0.13504464285714285 0.22879464285714285 0.2689732142857143
13 0.6941964285714286 0.09375 0.25 0.1875
3 0.9095982142857143 0.13504464285714285 0.18080357142857142 0.2689732142857143
10 0.47433035714285715 0.6004464285714286 0.4419642857142857 0.43080357142857145
12 0.9263392857142857 0.8973214285714286 0.07924107142857142 0.0625
13 0.9598214285714286 0.3125 0.07924107142857142 0.08705357142857142
13 0.8895089285714286 0.8392857142857143 0.13950892857142858 0.23549107142857142
13 0.8582589285714286 0.6261160714285714 0.07700892857142858 0.2767857142857143
3 0.9263392857142857 0.6294642857142857 0.14620535714285715 0.5100446428571429
13 0.890625 0.40066964285714285 0.14174107142857142 0.22321428571428573