17 0.16629464285714285 0.6685267857142857 0.07700892857142858 0.11272321428571429
17 0.2767857142857143 0.5345982142857143 0.07700892857142858 0.11272321428571429
17 0.20089285714285715 0.41517857142857145 0.07700892857142858 0.11272321428571429
17 0.13392857142857142 0.33816964285714285 0.07254464285714286 0.08928571428571429
17 0.4799107142857143 0.40848214285714285 0.07700892857142858 0.11272321428571429
17 0.38392857142857145 0.18638392857142858 0.07700892857142858 0.10044642857142858
17 0.6049107142857143 0.6104910714285714 0.07700892857142858 0.11272321428571429
17 0.5948660714285714 0.8805803571428571 0.07477678571428571 0.09598214285714286
17 0.4654017857142857 0.8303571428571429 0.07254464285714286 0.09598214285714286
17 0.3861607142857143 0.734375 0.07924107142857142 0.09151785714285714
14 0.7689732142857143 0.5122767857142857 0.09151785714285714 0.08147321428571429
14 0.36830357142857145 0.28794642857142855 0.05803571428571429 0.10602678571428571
14 0.6930803571428571 0.5301339285714286 0.04799107142857143 0.08370535714285714
17 0.8973214285714286 0.7410714285714286 0.08147321428571429 0.10602678571428571
17 0.9363839285714286 0.6808035714285714 0.07924107142857142 0.10044642857142858
17 0.31808035714285715 0.22767857142857142 0.06696428571428571 0.10044642857142858
17 0.2845982142857143 0.2544642857142857 0.08147321428571429 0.09151785714285714
15 0.36495535714285715 0.4888392857142857 0.07700892857142858 0.11272321428571429
17 0.06138392857142857 0.7779017857142857 0.07700892857142858 0.10602678571428571
11 0.7399553571428571 0.7756696428571429 0.07700892857142858 0.09151785714285714
5 0.6350446428571429 0.7924107142857143 0.07254464285714286 0.08370535714285714
17 0.5379464285714286 0.48325892857142855 0.07700892857142858 0.11272321428571429
17 0.8995535714285714 0.11272321428571429 0.05803571428571429 0.10602678571428571
17 0.6194196428571429 0.23102678571428573 0.07700892857142858 0.11272321428571429
13 0.234375 0.17522321428571427 0.06696428571428571 0.08928571428571429
11 0.140625 0.44642857142857145 0.06696428571428571 0.10602678571428571
11 0.7611607142857143 0.8805803571428571 0.06473214285714286 0.10044642857142858
11 0.5892857142857143 0.6964285714285714 0.0625 0.10602678571428571
14 0.8035714285714286 0.29910714285714285 0.08147321428571429 0.08147321428571429
11 0.7020089285714286 0.3638392857142857 0.05803571428571429 0.10379464285714286
11 0.47879464285714285 0.6941964285714286 0.08705357142857142 0.09151785714285714
1 0.2700892857142857 0.07142857142857142 0.10602678571428571 0.05803571428571429
14 0.8002232142857143 0.15959821428571427 0.07477678571428571 0.09598214285714286
18 0.47098214285714285 0.05357142857142857 0.07254464285714286 0.10379464285714286
11 0.4174107142857143 0.3560267857142857 0.09598214285714286 0.08705357142857142
1 0.20982142857142858 0.7745535714285714 0.10044642857142858 0.09151785714285714
8 0.8270089285714286 0.7767857142857143 0.0625 0.07924107142857142