13 0.96875 0.6908482142857143 0.0625 0.2767857142857143
13 0.9475446428571429 0.9453125 0.10491071428571429 0.10491071428571429
13 0.7767857142857143 0.7276785714285714 0.35379464285714285 0.31026785714285715
12 0.09486607142857142 0.484375 0.08928571428571429 0.09375
13 0.9285714285714286 0.07254464285714286 0.13727678571428573 0.13950892857142858
12 0.5122767857142857 0.17745535714285715 0.06919642857142858 0.05803571428571429
12 0.08035714285714286 0.49776785714285715 0.05580357142857143 0.06473214285714286
13 0.0625 0.3314732142857143 0.125 0.34375
13 0.20870535714285715 0.13950892857142858 0.25223214285714285 0.24553571428571427
13 0.7142857142857143 0.05915178571428571 0.25 0.11830357142857142
0 0.5022321428571429 0.5066964285714286 0.43526785714285715 0.43526785714285715
13 0.7756696428571429 0.9441964285714286 0.25669642857142855 0.11049107142857142
13 0.7165178571428571 0.7198660714285714 0.21651785714285715 0.22321428571428573
13 0.48325892857142855 0.06808035714285714 0.25 0.13169642857142858
13 0.12276785714285714 0.6316964285714286 0.23995535714285715 0.23549107142857142
13 0.43080357142857145 0.22767857142857142 0.24330357142857142 0.19754464285714285
13 0.5658482142857143 0.8705357142857143 0.25 0.2544642857142857
13 0.2845982142857143 0.7533482142857143 0.22544642857142858 0.21875
13 0.14508928571428573 0.890625 0.20870535714285715 0.21205357142857142
13 0.36495535714285715 0.9207589285714286 0.26004464285714285 0.15848214285714285
13 0.8861607142857143 0.47098214285714285 0.22321428571428573 0.24776785714285715