13 0.2935267857142857 0.6729910714285714 0.05580357142857143 0.07700892857142858
8 0.36495535714285715 0.39285714285714285 0.05580357142857143 0.06473214285714286
5 0.45424107142857145 0.7845982142857143 0.05580357142857143 0.08705357142857142
13 0.12165178571428571 0.5970982142857143 0.060267857142857144 0.09151785714285714
1 0.21875 0.4408482142857143 0.060267857142857144 0.07924107142857142
13 0.7566964285714286 0.8303571428571429 0.05803571428571429 0.07924107142857142
11 0.7332589285714286 0.5970982142857143 0.07477678571428571 0.09151785714285714
5 0.7388392857142857 0.6841517857142857 0.07924107142857142 0.08147321428571429
13 0.18303571428571427 0.13727678571428573 0.0625 0.08147321428571429
13 0.6819196428571429 0.41294642857142855 0.060267857142857144 0.07924107142857142
8 0.6037946428571429 0.044642857142857144 0.0625 0.08705357142857142
11 0.42075892857142855 0.5691964285714286 0.05580357142857143 0.10602678571428571
17 0.34598214285714285 0.7935267857142857 0.07477678571428571 0.08705357142857142
1 0.35379464285714285 0.5446428571428571 0.0625 0.08370535714285714
13 0.9352678571428571 0.48549107142857145 0.06473214285714286 0.08370535714285714
11 0.5725446428571429 0.12946428571428573 0.06473214285714286 0.07477678571428571
17 0.9352678571428571 0.8348214285714286 0.06696428571428571 0.08928571428571429
11 0.29464285714285715 0.8392857142857143 0.06696428571428571 0.08705357142857142
13 0.11049107142857142 0.37611607142857145 0.060267857142857144 0.07924107142857142
13 0.8459821428571429 0.20089285714285715 0.06473214285714286 0.08370535714285714
13 0.8024553571428571 0.36160714285714285 0.06473214285714286 0.08705357142857142
5 0.8973214285714286 0.2845982142857143 0.06919642857142858 0.09375
5 0.8872767857142857 0.41629464285714285 0.06919642857142858 0.08370535714285714
1 0.32254464285714285 0.05580357142857143 0.0625 0.09151785714285714
5 0.22879464285714285 0.060267857142857144 0.060267857142857144 0.08370535714285714
1 0.8571428571428571 0.7165178571428571 0.06919642857142858 0.10379464285714286
1 0.8370535714285714 0.8214285714285714 0.07477678571428571 0.08370535714285714
1 0.7756696428571429 0.9620535714285714 0.06919642857142858 0.07589285714285714
1 0.6841517857142857 0.06473214285714286 0.08147321428571429 0.08705357142857142
1 0.13839285714285715 0.45424107142857145 0.07477678571428571 0.07477678571428571