13 0.9821428571428571 0.44308035714285715 0.03571428571428571 0.2767857142857143
13 0.044642857142857144 0.05580357142857143 0.08370535714285714 0.11049107142857142
13 0.46316964285714285 0.9263392857142857 0.18080357142857142 0.14620535714285715
13 0.7845982142857143 0.9587053571428571 0.25223214285714285 0.07477678571428571
13 0.14620535714285715 0.046875 0.20647321428571427 0.08928571428571429
13 0.06808035714285714 0.9408482142857143 0.13504464285714285 0.11830357142857142
13 0.9196428571428571 0.8917410714285714 0.16071428571428573 0.18973214285714285
13 0.8772321428571429 0.10491071428571429 0.23995535714285715 0.1875
13 0.27566964285714285 0.296875 0.17745535714285715 0.22321428571428573
13 0.7845982142857143 0.42299107142857145 0.21428571428571427 0.1875
13 0.6964285714285714 0.23325892857142858 0.22098214285714285 0.21651785714285715
13 0.9017857142857143 0.5904017857142857 0.19196428571428573 0.21428571428571427
13 0.38504464285714285 0.7075892857142857 0.24776785714285715 0.17745535714285715
13 0.6986607142857143 0.6729910714285714 0.26004464285714285 0.20647321428571427
13 0.09040178571428571 0.6685267857142857 0.18080357142857142 0.21428571428571427
6 0.49107142857142855 0.46651785714285715 0.37276785714285715 0.37723214285714285
13 0.20647321428571427 0.5100446428571429 0.20424107142857142 0.21428571428571427