13 0.12611607142857142 0.9508928571428571 0.11272321428571429 0.07924107142857142
13 0.5279017857142857 0.22098214285714285 0.10602678571428571 0.07700892857142858
13 0.8493303571428571 0.8381696428571429 0.11272321428571429 0.07700892857142858
7 0.4408482142857143 0.6104910714285714 0.125 0.09598214285714286
17 0.23102678571428573 0.27120535714285715 0.12276785714285714 0.08705357142857142
12 0.6361607142857143 0.39732142857142855 0.033482142857142856 0.026785714285714284
17 0.30691964285714285 0.18080357142857142 0.12053571428571429 0.07700892857142858
7 0.9419642857142857 0.5100446428571429 0.11495535714285714 0.08705357142857142
13 0.20758928571428573 0.47098214285714285 0.10044642857142858 0.07254464285714286
5 0.5569196428571429 0.45870535714285715 0.10379464285714286 0.09598214285714286
17 0.13839285714285715 0.3872767857142857 0.11272321428571429 0.09151785714285714
12 0.029017857142857144 0.6808035714285714 0.03794642857142857 0.024553571428571428
7 0.05022321428571429 0.16629464285714285 0.10044642857142858 0.07700892857142858