13 0.5401785714285714 0.3794642857142857 0.11272321428571429 0.07700892857142858
1 0.8526785714285714 0.48325892857142855 0.11272321428571429 0.07700892857142858
1 0.7667410714285714 0.27455357142857145 0.11272321428571429 0.07700892857142858
8 0.4732142857142857 0.109375 0.09375 0.06696428571428571
13 0.53125 0.6462053571428571 0.11272321428571429 0.07700892857142858
13 0.6060267857142857 0.18191964285714285 0.11272321428571429 0.07700892857142858
13 0.23772321428571427 0.4263392857142857 0.09151785714285714 0.06473214285714286
11 0.6997767857142857 0.6216517857142857 0.11272321428571429 0.07700892857142858
11 0.7790178571428571 0.5736607142857143 0.11272321428571429 0.07700892857142858
11 0.3872767857142857 0.5792410714285714 0.11272321428571429 0.07700892857142858
11 0.8091517857142857 0.7254464285714286 0.11272321428571429 0.07924107142857142
8 0.9229910714285714 0.25111607142857145 0.11272321428571429 0.07700892857142858
13 0.7410714285714286 0.7488839285714286 0.11272321428571429 0.07924107142857142
13 0.49776785714285715 0.26004464285714285 0.11272321428571429 0.07700892857142858
1 0.08816964285714286 0.41183035714285715 0.07700892857142858 0.09151785714285714
1 0.5993303571428571 0.5267857142857143 0.07924107142857142 0.08147321428571429
1 0.4486607142857143 0.46875 0.09151785714285714 0.06696428571428571
15 0.36941964285714285 0.3091517857142857 0.07700892857142858 0.08705357142857142
1 0.7622767857142857 0.06473214285714286 0.08705357142857142 0.07700892857142858
14 0.11049107142857142 0.19308035714285715 0.0625 0.09151785714285714
14 0.421875 0.8381696428571429 0.07700892857142858 0.0625
1 0.3091517857142857 0.8337053571428571 0.09598214285714286 0.0625
1 0.12053571428571429 0.04575892857142857 0.09151785714285714 0.0625
11 0.6729910714285714 0.29799107142857145 0.12053571428571429 0.06696428571428571
1 0.7064732142857143 0.42075892857142855 0.07254464285714286 0.07700892857142858
1 0.7455357142857143 0.36049107142857145 0.08705357142857142 0.07254464285714286
1 0.07142857142857142 0.6160714285714286 0.08705357142857142 0.0625
1 0.5725446428571429 0.7544642857142857 0.08705357142857142 0.06696428571428571
12 0.9776785714285714 0.7689732142857143 0.044642857142857144 0.033482142857142856
11 0.30691964285714285 0.5133928571428571 0.07924107142857142 0.07700892857142858
11 0.14397321428571427 0.5491071428571429 0.08705357142857142 0.07700892857142858