7 0.5223214285714286 0.8917410714285714 0.11272321428571429 0.09598214285714286
7 0.609375 0.5636160714285714 0.12053571428571429 0.09151785714285714
14 0.6194196428571429 0.31919642857142855 0.08147321428571429 0.06696428571428571
14 0.8962053571428571 0.18080357142857142 0.09151785714285714 0.06696428571428571
14 0.7779017857142857 0.28794642857142855 0.07254464285714286 0.07700892857142858
17 0.8069196428571429 0.7712053571428571 0.12053571428571429 0.08928571428571429
17 0.7299107142857143 0.9252232142857143 0.10825892857142858 0.07924107142857142
17 0.7466517857142857 0.21316964285714285 0.12276785714285714 0.08705357142857142
17 0.23772321428571427 0.5111607142857143 0.09598214285714286 0.07700892857142858
7 0.3939732142857143 0.15401785714285715 0.12053571428571429 0.08928571428571429
7 0.3392857142857143 0.044642857142857144 0.12053571428571429 0.07700892857142858
7 0.42299107142857145 0.45535714285714285 0.11272321428571429 0.09151785714285714