18 0.7020089285714286 0.40513392857142855 0.10602678571428571 0.06696428571428571
18 0.7857142857142857 0.3470982142857143 0.06696428571428571 0.07700892857142858
18 0.36830357142857145 0.05133928571428571 0.09151785714285714 0.052455357142857144
18 0.29910714285714285 0.39285714285714285 0.07254464285714286 0.09598214285714286
14 0.7979910714285714 0.7779017857142857 0.07477678571428571 0.06919642857142858
14 0.7254464285714286 0.7488839285714286 0.04352678571428571 0.04575892857142857
14 0.7779017857142857 0.6417410714285714 0.08705357142857142 0.04799107142857143
14 0.9029017857142857 0.7154017857142857 0.07700892857142858 0.04799107142857143
14 0.8091517857142857 0.8537946428571429 0.06473214285714286 0.05803571428571429
14 0.3125 0.8716517857142857 0.05803571428571429 0.04352678571428571
14 0.3861607142857143 0.6607142857142857 0.05022321428571429 0.05803571428571429
14 0.4955357142857143 0.7287946428571429 0.06473214285714286 0.07477678571428571
14 0.6127232142857143 0.48214285714285715 0.060267857142857144 0.04575892857142857
14 0.37388392857142855 0.48660714285714285 0.06696428571428571 0.04799107142857143
14 0.5502232142857143 0.17410714285714285 0.06696428571428571 0.05580357142857143
14 0.8716517857142857 0.044642857142857144 0.09151785714285714 0.04575892857142857
17 0.12053571428571429 0.38950892857142855 0.09598214285714286 0.07254464285714286