13 0.011160714285714286 0.07924107142857142 0.021205357142857144 0.15848214285714285
13 0.47544642857142855 0.7767857142857143 0.32924107142857145 0.3705357142857143
13 0.4799107142857143 0.014508928571428572 0.18526785714285715 0.029017857142857144
13 0.017857142857142856 0.5636160714285714 0.03571428571428571 0.22098214285714285
13 0.3158482142857143 0.04799107142857143 0.22879464285714285 0.09598214285714286
13 0.6573660714285714 0.9598214285714286 0.22321428571428573 0.07924107142857142
13 0.4564732142857143 0.9464285714285714 0.19419642857142858 0.10714285714285714
13 0.4486607142857143 0.8058035714285714 0.20870535714285715 0.22321428571428573
13 0.875 0.8158482142857143 0.18526785714285715 0.21205357142857142
6 0.48995535714285715 0.48995535714285715 0.39620535714285715 0.4252232142857143
13 0.20758928571428573 0.4877232142857143 0.21651785714285715 0.20200892857142858
13 0.46986607142857145 0.11272321428571429 0.21205357142857142 0.19196428571428573
13 0.09933035714285714 0.6886160714285714 0.19419642857142858 0.22879464285714285
13 0.7332589285714286 0.09933035714285714 0.18526785714285715 0.19866071428571427
13 0.8962053571428571 0.16183035714285715 0.20647321428571427 0.25223214285714285
13 0.6439732142857143 0.8415178571428571 0.18973214285714285 0.17745535714285715
13 0.7645089285714286 0.6662946428571429 0.18973214285714285 0.22098214285714285
13 0.10714285714285714 0.13616071428571427 0.21428571428571427 0.19419642857142858
13 0.19642857142857142 0.3236607142857143 0.22544642857142858 0.18080357142857142