17 0.5825892857142857 0.07142857142857142 0.07700892857142858 0.11272321428571429
17 0.7667410714285714 0.10267857142857142 0.07700892857142858 0.11272321428571429
17 0.9520089285714286 0.5435267857142857 0.07700892857142858 0.11272321428571429
17 0.48325892857142855 0.8861607142857143 0.07700892857142858 0.11272321428571429
17 0.41294642857142855 0.6450892857142857 0.07700892857142858 0.11272321428571429
17 0.5145089285714286 0.7209821428571429 0.07700892857142858 0.11272321428571429
17 0.4732142857142857 0.21540178571428573 0.07700892857142858 0.11272321428571429
17 0.3794642857142857 0.45200892857142855 0.07700892857142858 0.11272321428571429
17 0.32254464285714285 0.24107142857142858 0.07700892857142858 0.11272321428571429
14 0.24441964285714285 0.5591517857142857 0.07700892857142858 0.11272321428571429
14 0.33816964285714285 0.6875 0.07254464285714286 0.08147321428571429
2 0.8125 0.5401785714285714 0.07700892857142858 0.11272321428571429
11 0.7756696428571429 0.6194196428571429 0.07700892857142858 0.11272321428571429
11 0.8158482142857143 0.71875 0.07700892857142858 0.11272321428571429
11 0.6908482142857143 0.9207589285714286 0.07700892857142858 0.11272321428571429
11 0.5033482142857143 0.38058035714285715 0.07700892857142858 0.11272321428571429
13 0.04241071428571429 0.8560267857142857 0.07700892857142858 0.11272321428571429
13 0.4486607142857143 0.9553571428571429 0.07924107142857142 0.08928571428571429
13 0.8426339285714286 0.9308035714285714 0.07700892857142858 0.11272321428571429
13 0.7488839285714286 0.46651785714285715 0.07700892857142858 0.11272321428571429
13 0.6897321428571429 0.7310267857142857 0.07700892857142858 0.11272321428571429
13 0.3794642857142857 0.5368303571428571 0.07700892857142858 0.11272321428571429
14 0.9330357142857143 0.2689732142857143 0.07700892857142858 0.11272321428571429
5 0.8470982142857143 0.45089285714285715 0.06696428571428571 0.10044642857142858