18 0.4877232142857143 0.5111607142857143 0.09598214285714286 0.10602678571428571
17 0.08035714285714286 0.18526785714285715 0.10044642857142858 0.07254464285714286
17 0.5122767857142857 0.171875 0.11272321428571429 0.07700892857142858
17 0.26339285714285715 0.11272321428571429 0.10044642857142858 0.07254464285714286
17 0.6305803571428571 0.28794642857142855 0.08705357142857142 0.07700892857142858
17 0.9129464285714286 0.3950892857142857 0.10044642857142858 0.07700892857142858
5 0.7377232142857143 0.3549107142857143 0.12946428571428573 0.06696428571428571
17 0.17857142857142858 0.6785714285714286 0.09151785714285714 0.07254464285714286
17 0.11607142857142858 0.6294642857142857 0.09151785714285714 0.06696428571428571
17 0.10044642857142858 0.7064732142857143 0.10044642857142858 0.06696428571428571
8 0.6897321428571429 0.23214285714285715 0.08370535714285714 0.0625
8 0.9263392857142857 0.09709821428571429 0.08370535714285714 0.0625
13 0.04799107142857143 0.5446428571428571 0.08705357142857142 0.06696428571428571
17 0.04799107142857143 0.29910714285714285 0.09151785714285714 0.07700892857142858
1 0.4185267857142857 0.5066964285714286 0.08705357142857142 0.09151785714285714
2 0.20424107142857142 0.29910714285714285 0.12053571428571429 0.09151785714285714
18 0.1875 0.36049107142857145 0.08370535714285714 0.07254464285714286
2 0.33035714285714285 0.049107142857142856 0.09598214285714286 0.06696428571428571
2 0.7377232142857143 0.3549107142857143 0.125 0.052455357142857144
14 0.7957589285714286 0.7142857142857143 0.05803571428571429 0.06919642857142858
2 0.20870535714285715 0.9006696428571429 0.08928571428571429 0.07700892857142858