13 0.4877232142857143 0.11049107142857142 0.16294642857142858 0.22098214285714285
13 0.029017857142857144 0.3247767857142857 0.05803571428571429 0.25
13 0.10602678571428571 0.21763392857142858 0.21205357142857142 0.21428571428571427
13 0.515625 0.42299107142857145 0.10825892857142858 0.052455357142857144
13 0.25223214285714285 0.24441964285714285 0.18303571428571427 0.17522321428571427
0 0.26674107142857145 0.09933035714285714 0.41294642857142855 0.19866071428571427
13 0.6071428571428571 0.296875 0.07477678571428571 0.25223214285714285
13 0.9241071428571429 0.078125 0.15178571428571427 0.15625
13 0.6752232142857143 0.16741071428571427 0.21205357142857142 0.25669642857142855
0 0.8314732142857143 0.2533482142857143 0.33705357142857145 0.39174107142857145
13 0.7645089285714286 0.052455357142857144 0.28348214285714285 0.10491071428571429
3 0.3627232142857143 0.6071428571428571 0.41294642857142855 0.31473214285714285
13 0.5970982142857143 0.7165178571428571 0.05580357142857143 0.28348214285714285
0 0.7511160714285714 0.8348214285714286 0.3627232142857143 0.32924107142857145
13 0.9430803571428571 0.890625 0.11272321428571429 0.21875
13 0.9029017857142857 0.6875 0.19419642857142858 0.22544642857142858