10 0.31473214285714285 0.31473214285714285 0.14955357142857142 0.32700892857142855
3 0.6015625 0.23883928571428573 0.4263392857142857 0.47767857142857145
9 0.23325892857142858 0.6696428571428571 0.3125 0.38169642857142855
13 0.5982142857142857 0.5301339285714286 0.3169642857142857 0.10379464285714286
13 0.43191964285714285 0.5033482142857143 0.08370535714285714 0.05022321428571429
13 0.5747767857142857 0.5033482142857143 0.21651785714285715 0.05022321428571429
12 0.4107142857142857 0.578125 0.04352678571428571 0.07924107142857142
12 0.7366071428571429 0.8169642857142857 0.10825892857142858 0.10044642857142858
6 0.5881696428571429 0.8883928571428571 0.39620535714285715 0.22321428571428573
13 0.8973214285714286 0.7176339285714286 0.20424107142857142 0.25223214285714285
13 0.4174107142857143 0.625 0.05580357142857143 0.23995535714285715
13 0.7053571428571429 0.6383928571428571 0.25223214285714285 0.23325892857142858
13 0.4341517857142857 0.8348214285714286 0.08928571428571429 0.24776785714285715
13 0.8917410714285714 0.5491071428571429 0.21651785714285715 0.14174107142857142