17 0.19977678571428573 0.8917410714285714 0.11495535714285714 0.08370535714285714
17 0.9129464285714286 0.7879464285714286 0.11495535714285714 0.07254464285714286
17 0.6886160714285714 0.7700892857142857 0.11272321428571429 0.08705357142857142
17 0.6283482142857143 0.7075892857142857 0.10379464285714286 0.08370535714285714
17 0.6473214285714286 0.5558035714285714 0.10602678571428571 0.08705357142857142
17 0.8716517857142857 0.33816964285714285 0.11272321428571429 0.07700892857142858
17 0.9430803571428571 0.20758928571428573 0.11272321428571429 0.08147321428571429
17 0.8247767857142857 0.5111607142857143 0.09375 0.07254464285714286
17 0.7142857142857143 0.10267857142857142 0.10602678571428571 0.08705357142857142
17 0.7444196428571429 0.04017857142857143 0.09821428571428571 0.07924107142857142
17 0.8459821428571429 0.07924107142857142 0.11272321428571429 0.07700892857142858
17 0.5491071428571429 0.18526785714285715 0.10602678571428571 0.07700892857142858
17 0.4497767857142857 0.22433035714285715 0.125 0.08928571428571429
17 0.43638392857142855 0.14174107142857142 0.125 0.08147321428571429
17 0.5100446428571429 0.06361607142857142 0.09375 0.10602678571428571
17 0.27120535714285715 0.09598214285714286 0.11272321428571429 0.08147321428571429
17 0.19754464285714285 0.35379464285714285 0.09151785714285714 0.07700892857142858
17 0.20535714285714285 0.036830357142857144 0.11495535714285714 0.07254464285714286
15 0.5770089285714286 0.45200892857142855 0.08370535714285714 0.0625
15 0.8381696428571429 0.7098214285714286 0.07700892857142858 0.06696428571428571
17 0.08258928571428571 0.9051339285714286 0.09151785714285714 0.07700892857142858
13 0.3950892857142857 0.5301339285714286 0.08147321428571429 0.0625
12 0.8470982142857143 0.13169642857142858 0.052455357142857144 0.033482142857142856
12 0.49330357142857145 0.41629464285714285 0.033482142857142856 0.024553571428571428
12 0.4107142857142857 0.7756696428571429 0.026785714285714284 0.021205357142857144
12 0.5803571428571429 0.7566964285714286 0.04352678571428571 0.018973214285714284
12 0.04352678571428571 0.10267857142857142 0.033482142857142856 0.024553571428571428