17 0.9107142857142857 0.5011160714285714 0.10044642857142858 0.07924107142857142
17 0.8069196428571429 0.3169642857142857 0.10602678571428571 0.07700892857142858
17 0.7511160714285714 0.30580357142857145 0.09598214285714286 0.07254464285714286
17 0.5055803571428571 0.10602678571428571 0.11049107142857142 0.07700892857142858
17 0.5736607142857143 0.026785714285714284 0.09151785714285714 0.052455357142857144
17 0.33816964285714285 0.3002232142857143 0.10602678571428571 0.07700892857142858
18 0.34151785714285715 0.3861607142857143 0.07700892857142858 0.10379464285714286
17 0.45982142857142855 0.6752232142857143 0.10044642857142858 0.07254464285714286
17 0.34263392857142855 0.6183035714285714 0.11049107142857142 0.08147321428571429
17 0.24665178571428573 0.6439732142857143 0.11272321428571429 0.07700892857142858
17 0.2533482142857143 0.7410714285714286 0.10602678571428571 0.08370535714285714
17 0.27455357142857145 0.5033482142857143 0.12053571428571429 0.07924107142857142
17 0.171875 0.578125 0.10602678571428571 0.08147321428571429
17 0.23549107142857142 0.32700892857142855 0.11272321428571429 0.08370535714285714
17 0.18191964285714285 0.21428571428571427 0.12053571428571429 0.09598214285714286
17 0.5457589285714286 0.3325892857142857 0.11272321428571429 0.07700892857142858
17 0.6685267857142857 0.49441964285714285 0.11049107142857142 0.09375
17 0.7801339285714286 0.19084821428571427 0.10044642857142858 0.07254464285714286
17 0.7779017857142857 0.8761160714285714 0.09151785714285714 0.08370535714285714
17 0.6383928571428571 0.9408482142857143 0.11272321428571429 0.08370535714285714
17 0.41294642857142855 0.9486607142857143 0.10602678571428571 0.08370535714285714
17 0.4888392857142857 0.6060267857142857 0.125 0.06696428571428571
16 0.45089285714285715 0.3314732142857143 0.10044642857142858 0.07477678571428571
15 0.08705357142857142 0.7857142857142857 0.10044642857142858 0.07477678571428571
15 0.109375 0.8236607142857143 0.09598214285714286 0.07477678571428571
15 0.34486607142857145 0.8549107142857143 0.09151785714285714 0.07254464285714286
14 0.3470982142857143 0.7142857142857143 0.09598214285714286 0.06696428571428571
14 0.9319196428571429 0.05803571428571429 0.11049107142857142 0.07700892857142858
5 0.6841517857142857 0.8549107142857143 0.10044642857142858 0.07924107142857142
14 0.49330357142857145 0.26339285714285715 0.08370535714285714 0.06919642857142858
17 0.625 0.7488839285714286 0.11495535714285714 0.07254464285714286
13 0.03459821428571429 0.8459821428571429 0.06919642857142858 0.07254464285714286
13 0.18415178571428573 0.9553571428571429 0.11049107142857142 0.08705357142857142
13 0.16964285714285715 0.6930803571428571 0.09598214285714286 0.06919642857142858
17 0.13727678571428573 0.49330357142857145 0.11049107142857142 0.07700892857142858
5 0.046875 0.5145089285714286 0.09151785714285714 0.09598214285714286
11 0.4408482142857143 0.04017857142857143 0.11830357142857142 0.07254464285714286
14 0.8169642857142857 0.7366071428571429 0.09598214285714286 0.060267857142857144
14 0.7399553571428571 0.703125 0.12053571428571429 0.07254464285714286
14 0.08258928571428571 0.06919642857142858 0.11272321428571429 0.07700892857142858
14 0.18303571428571427 0.7901785714285714 0.09151785714285714 0.06919642857142858