15 0.5379464285714286 0.30691964285714285 0.07700892857142858 0.11272321428571429
15 0.5747767857142857 0.41517857142857145 0.07700892857142858 0.11272321428571429
15 0.6316964285714286 0.6651785714285714 0.05803571428571429 0.07700892857142858
15 0.75 0.6729910714285714 0.0625 0.07700892857142858
15 0.7689732142857143 0.7511160714285714 0.05803571428571429 0.07700892857142858
15 0.8225446428571429 0.65625 0.07254464285714286 0.08705357142857142
15 0.8895089285714286 0.8616071428571429 0.060267857142857144 0.06919642857142858
15 0.9285714285714286 0.7566964285714286 0.06696428571428571 0.08705357142857142
15 0.7957589285714286 0.8917410714285714 0.07700892857142858 0.11272321428571429
15 0.6941964285714286 0.9185267857142857 0.052455357142857144 0.08147321428571429
15 0.34933035714285715 0.6830357142857143 0.0625 0.07700892857142858
8 0.26339285714285715 0.8649553571428571 0.06696428571428571 0.08147321428571429
11 0.35044642857142855 0.8783482142857143 0.05803571428571429 0.09151785714285714
8 0.04241071428571429 0.9308035714285714 0.060267857142857144 0.07700892857142858
8 0.8091517857142857 0.5100446428571429 0.06473214285714286 0.06473214285714286
15 0.5814732142857143 0.6037946428571429 0.05803571428571429 0.07700892857142858
15 0.19084821428571427 0.5189732142857143 0.0625 0.08147321428571429
11 0.24330357142857142 0.5569196428571429 0.0625 0.06696428571428571
15 0.26339285714285715 0.5011160714285714 0.0625 0.08147321428571429
15 0.16741071428571427 0.84375 0.07700892857142858 0.11272321428571429
15 0.17299107142857142 0.9252232142857143 0.07700892857142858 0.11272321428571429
15 0.14620535714285715 0.9575892857142857 0.07700892857142858 0.08147321428571429
15 0.11830357142857142 0.8783482142857143 0.07700892857142858 0.11272321428571429
15 0.24665178571428573 0.796875 0.06473214285714286 0.08928571428571429
15 0.3950892857142857 0.5290178571428571 0.0625 0.09151785714285714
15 0.19754464285714285 0.38839285714285715 0.060267857142857144 0.08147321428571429
15 0.11830357142857142 0.41517857142857145 0.05803571428571429 0.08147321428571429
15 0.17075892857142858 0.3247767857142857 0.06696428571428571 0.07700892857142858
15 0.17410714285714285 0.21875 0.0625 0.08705357142857142
15 0.9430803571428571 0.40401785714285715 0.05580357142857143 0.08370535714285714
15 0.49888392857142855 0.17410714285714285 0.06696428571428571 0.10044642857142858
15 0.030133928571428572 0.6439732142857143 0.05803571428571429 0.09151785714285714
15 0.7243303571428571 0.3314732142857143 0.07700892857142858 0.11272321428571429
15 0.8069196428571429 0.43526785714285715 0.0625 0.08928571428571429
14 0.671875 0.15513392857142858 0.0625 0.08928571428571429
1 0.5580357142857143 0.8839285714285714 0.06473214285714286 0.10044642857142858
2 0.859375 0.46316964285714285 0.052455357142857144 0.08705357142857142
15 0.9207589285714286 0.6462053571428571 0.05803571428571429 0.08705357142857142
15 0.8560267857142857 0.5424107142857143 0.06473214285714286 0.08147321428571429
15 0.9631696428571429 0.7008928571428571 0.07366071428571429 0.09375