3 0.15959821428571427 0.15178571428571427 0.31919642857142855 0.30245535714285715
13 0.9620535714285714 0.0625 0.07589285714285714 0.125
13 0.8616071428571429 0.17410714285714285 0.2767857142857143 0.28125
13 0.9609375 0.33816964285714285 0.078125 0.27455357142857145
6 0.6662946428571429 0.33482142857142855 0.4564732142857143 0.30580357142857145
13 0.6350446428571429 0.13169642857142858 0.2767857142857143 0.2622767857142857
13 0.40736607142857145 0.11383928571428571 0.17633928571428573 0.22767857142857142
13 0.9029017857142857 0.4408482142857143 0.19419642857142858 0.09375
13 0.5457589285714286 0.036830357142857144 0.2611607142857143 0.07366071428571429
13 0.3560267857142857 0.28683035714285715 0.07254464285714286 0.26674107142857145
13 0.7756696428571429 0.015625 0.2767857142857143 0.03125
13 0.46205357142857145 0.23660714285714285 0.23995535714285715 0.23995535714285715
13 0.24665178571428573 0.6919642857142857 0.14620535714285715 0.28794642857142855
13 0.21875 0.6160714285714286 0.20200892857142858 0.24330357142857142
13 0.21316964285714285 0.5435267857142857 0.21428571428571427 0.11049107142857142
6 0.10267857142857142 0.6629464285714286 0.20424107142857142 0.35044642857142855
10 0.7332589285714286 0.6283482142857143 0.5334821428571429 0.28125