13 0.06919642857142858 0.6439732142857143 0.13839285714285715 0.265625
13 0.8191964285714286 0.6662946428571429 0.29575892857142855 0.29129464285714285
13 0.7020089285714286 0.7533482142857143 0.27901785714285715 0.28794642857142855
13 0.08928571428571429 0.390625 0.17745535714285715 0.26004464285714285
13 0.5591517857142857 0.03794642857142857 0.24776785714285715 0.07589285714285714
13 0.8236607142857143 0.05803571428571429 0.28125 0.11495535714285714
13 0.6439732142857143 0.9497767857142857 0.23549107142857142 0.10044642857142858
6 0.49888392857142855 0.546875 0.3247767857142857 0.3125
13 0.8716517857142857 0.35044642857142855 0.24776785714285715 0.23549107142857142
13 0.38392857142857145 0.11941964285714286 0.25669642857142855 0.22098214285714285
13 0.10602678571428571 0.8973214285714286 0.21205357142857142 0.20424107142857142
13 0.2845982142857143 0.7767857142857143 0.26004464285714285 0.22544642857142858
13 0.15178571428571427 0.20870535714285715 0.24776785714285715 0.24776785714285715
13 0.8716517857142857 0.890625 0.25223214285714285 0.21205357142857142