15 0.6763392857142857 0.4877232142857143 0.11272321428571429 0.07700892857142858
15 0.7622767857142857 0.5167410714285714 0.11272321428571429 0.07700892857142858
15 0.8381696428571429 0.6506696428571429 0.11272321428571429 0.07700892857142858
15 0.8180803571428571 0.7332589285714286 0.11272321428571429 0.07924107142857142
15 0.8638392857142857 0.9207589285714286 0.11272321428571429 0.07700892857142858
15 0.7042410714285714 0.8705357142857143 0.11272321428571429 0.07924107142857142
15 0.6651785714285714 0.9330357142857143 0.11272321428571429 0.07924107142857142
15 0.3125 0.7410714285714286 0.08705357142857142 0.0625
15 0.34598214285714285 0.6819196428571429 0.11272321428571429 0.07700892857142858
15 0.11383928571428571 0.17522321428571427 0.11272321428571429 0.07700892857142858
15 0.25223214285714285 0.28125 0.11272321428571429 0.07700892857142858
15 0.5044642857142857 0.3325892857142857 0.09375 0.0625
15 0.5167410714285714 0.3705357142857143 0.11272321428571429 0.07700892857142858
15 0.6584821428571429 0.640625 0.11272321428571429 0.07700892857142858
15 0.13950892857142858 0.45870535714285715 0.11272321428571429 0.07700892857142858
15 0.24776785714285715 0.7667410714285714 0.11272321428571429 0.07924107142857142
15 0.34263392857142855 0.8973214285714286 0.08370535714285714 0.0625
15 0.4799107142857143 0.6908482142857143 0.11272321428571429 0.07700892857142858
15 0.5223214285714286 0.14620535714285715 0.11272321428571429 0.07700892857142858
15 0.10267857142857142 0.7198660714285714 0.11272321428571429 0.07700892857142858
13 0.20200892857142858 0.9386160714285714 0.11272321428571429 0.07700892857142858
8 0.12611607142857142 0.9765625 0.11383928571428571 0.046875
15 0.056919642857142856 0.8794642857142857 0.11272321428571429 0.07924107142857142
13 0.8325892857142857 0.7957589285714286 0.11272321428571429 0.07924107142857142
13 0.7276785714285714 0.7779017857142857 0.11272321428571429 0.07924107142857142
15 0.8292410714285714 0.8649553571428571 0.11272321428571429 0.07924107142857142
8 0.59375 0.9408482142857143 0.09375 0.06696428571428571
15 0.41517857142857145 0.8649553571428571 0.08928571428571429 0.0625
15 0.45982142857142855 0.6350446428571429 0.08928571428571429 0.0625
13 0.8772321428571429 0.6104910714285714 0.11272321428571429 0.07700892857142858
15 0.6194196428571429 0.7332589285714286 0.11272321428571429 0.07700892857142858
13 0.29017857142857145 0.38950892857142855 0.11272321428571429 0.07700892857142858
13 0.3247767857142857 0.22544642857142858 0.11272321428571429 0.07700892857142858
13 0.2924107142857143 0.15290178571428573 0.11272321428571429 0.07700892857142858
13 0.20647321428571427 0.24330357142857142 0.11272321428571429 0.07700892857142858
15 0.07924107142857142 0.07700892857142858 0.11272321428571429 0.07700892857142858
15 0.13616071428571427 0.23883928571428573 0.11272321428571429 0.07700892857142858
13 0.06696428571428571 0.5044642857142857 0.11272321428571429 0.07700892857142858
15 0.6852678571428571 0.32700892857142855 0.11272321428571429 0.07700892857142858
13 0.6272321428571429 0.265625 0.11272321428571429 0.07700892857142858
13 0.6595982142857143 0.18415178571428573 0.11272321428571429 0.07700892857142858
15 0.609375 0.36941964285714285 0.11272321428571429 0.07700892857142858
15 0.8404017857142857 0.4029017857142857 0.11272321428571429 0.07700892857142858
15 0.9207589285714286 0.37723214285714285 0.08928571428571429 0.07700892857142858
15 0.8236607142857143 0.484375 0.11272321428571429 0.07700892857142858
15 0.7466517857142857 0.15959821428571427 0.11272321428571429 0.07700892857142858
15 0.36941964285714285 0.06361607142857142 0.11272321428571429 0.07700892857142858
15 0.4575892857142857 0.05133928571428571 0.11272321428571429 0.07700892857142858
15 0.5279017857142857 0.03794642857142857 0.11383928571428571 0.07589285714285714
15 0.42857142857142855 0.025669642857142856 0.11272321428571429 0.05022321428571429
13 0.5658482142857143 0.07924107142857142 0.11272321428571429 0.07700892857142858
13 0.7723214285714286 0.10044642857142858 0.11272321428571429 0.07700892857142858
15 0.9006696428571429 0.23660714285714285 0.11272321428571429 0.07700892857142858