17 0.8470982142857143 0.5747767857142857 0.11272321428571429 0.07700892857142858
5 0.7589285714285714 0.6104910714285714 0.11272321428571429 0.07700892857142858
1 0.6395089285714286 0.7042410714285714 0.11272321428571429 0.07700892857142858
5 0.6350446428571429 0.8928571428571429 0.09821428571428571 0.06919642857142858
5 0.5770089285714286 0.7823660714285714 0.09151785714285714 0.06696428571428571
5 0.38392857142857145 0.6272321428571429 0.08370535714285714 0.06696428571428571
5 0.31026785714285715 0.6584821428571429 0.09151785714285714 0.06473214285714286
5 0.22209821428571427 0.6294642857142857 0.08705357142857142 0.07254464285714286
5 0.19866071428571427 0.4720982142857143 0.08705357142857142 0.06696428571428571
5 0.22544642857142858 0.4185267857142857 0.08705357142857142 0.0625
5 0.1875 0.3705357142857143 0.08147321428571429 0.0625
5 0.12834821428571427 0.09709821428571429 0.08370535714285714 0.07700892857142858
5 0.8772321428571429 0.29129464285714285 0.11272321428571429 0.07700892857142858
5 0.6205357142857143 0.2779017857142857 0.11272321428571429 0.07700892857142858
1 0.09709821428571429 0.9497767857142857 0.09821428571428571 0.06696428571428571
5 0.18191964285714285 0.8638392857142857 0.09598214285714286 0.06696428571428571
1 0.29017857142857145 0.5100446428571429 0.09151785714285714 0.0625
5 0.8337053571428571 0.8113839285714286 0.09151785714285714 0.06919642857142858
1 0.4955357142857143 0.46205357142857145 0.10044642857142858 0.06696428571428571
1 0.265625 0.19419642857142858 0.09375 0.06696428571428571
1 0.8314732142857143 0.39285714285714285 0.08928571428571429 0.07254464285714286
1 0.7220982142857143 0.49441964285714285 0.08370535714285714 0.07477678571428571
1 0.6919642857142857 0.5658482142857143 0.10602678571428571 0.060267857142857144
1 0.8069196428571429 0.4966517857142857 0.08147321428571429 0.08147321428571429
1 0.33705357142857145 0.5792410714285714 0.09151785714285714 0.0625