18 0.19308035714285715 0.5100446428571429 0.07700892857142858 0.11272321428571429
18 0.5245535714285714 0.65625 0.10044642857142858 0.09375
18 0.3939732142857143 0.38504464285714285 0.10602678571428571 0.07254464285714286
14 0.42410714285714285 0.49330357142857145 0.07700892857142858 0.11272321428571429
14 0.38169642857142855 0.7488839285714286 0.07700892857142858 0.08370535714285714
14 0.26785714285714285 0.6741071428571429 0.07700892857142858 0.08147321428571429
11 0.29129464285714285 0.08147321428571429 0.07700892857142858 0.11272321428571429
2 0.9419642857142857 0.8080357142857143 0.07700892857142858 0.12053571428571429
11 0.9107142857142857 0.9497767857142857 0.07700892857142858 0.10044642857142858
11 0.8917410714285714 0.5279017857142857 0.07700892857142858 0.11272321428571429
2 0.2935267857142857 0.9520089285714286 0.07700892857142858 0.09598214285714286
11 0.5457589285714286 0.9319196428571429 0.07700892857142858 0.11272321428571429
11 0.7064732142857143 0.9319196428571429 0.07700892857142858 0.11272321428571429
8 0.6595982142857143 0.7645089285714286 0.0625 0.08147321428571429
8 0.8549107142857143 0.7756696428571429 0.06696428571428571 0.08928571428571429
17 0.27566964285714285 0.32924107142857145 0.07700892857142858 0.11272321428571429
17 0.34263392857142855 0.23325892857142858 0.07700892857142858 0.11272321428571429
17 0.05022321428571429 0.5223214285714286 0.07700892857142858 0.11272321428571429
17 0.07366071428571429 0.6104910714285714 0.07700892857142858 0.11272321428571429
17 0.03236607142857143 0.7154017857142857 0.0625 0.11272321428571429
17 0.8950892857142857 0.19308035714285715 0.07700892857142858 0.11272321428571429
14 0.8549107142857143 0.3404017857142857 0.07700892857142858 0.08147321428571429
13 0.5479910714285714 0.8459821428571429 0.07700892857142858 0.11272321428571429
13 0.5970982142857143 0.8270089285714286 0.07700892857142858 0.11272321428571429
13 0.8013392857142857 0.9118303571428571 0.07700892857142858 0.11272321428571429
13 0.9430803571428571 0.59375 0.07700892857142858 0.11272321428571429
13 0.9754464285714286 0.5747767857142857 0.04799107142857143 0.11272321428571429
13 0.7700892857142857 0.45982142857142855 0.07700892857142858 0.11272321428571429
13 0.890625 0.41183035714285715 0.07700892857142858 0.11272321428571429
13 0.9486607142857143 0.26674107142857145 0.07477678571428571 0.10825892857142858
13 0.6506696428571429 0.2845982142857143 0.07700892857142858 0.11272321428571429
13 0.703125 0.2700892857142857 0.07700892857142858 0.11272321428571429
13 0.7399553571428571 0.28125 0.07700892857142858 0.11272321428571429
13 0.7466517857142857 0.20758928571428573 0.07700892857142858 0.11272321428571429
13 0.8191964285714286 0.23102678571428573 0.07700892857142858 0.11272321428571429
13 0.8850446428571429 0.06808035714285714 0.06696428571428571 0.10379464285714286
13 0.5636160714285714 0.2935267857142857 0.07700892857142858 0.11272321428571429
13 0.5669642857142857 0.19977678571428573 0.07700892857142858 0.11272321428571429
13 0.640625 0.09375 0.07700892857142858 0.11272321428571429
13 0.609375 0.5502232142857143 0.07700892857142858 0.11272321428571429
13 0.6060267857142857 0.6339285714285714 0.07700892857142858 0.11272321428571429
13 0.6305803571428571 0.7075892857142857 0.07700892857142858 0.11272321428571429
13 0.6941964285714286 0.6305803571428571 0.07700892857142858 0.11272321428571429
11 0.5792410714285714 0.7131696428571429 0.07700892857142858 0.11272321428571429
13 0.7388392857142857 0.5591517857142857 0.07700892857142858 0.11272321428571429
13 0.7745535714285714 0.5625 0.07700892857142858 0.11272321428571429
13 0.7444196428571429 0.6372767857142857 0.07700892857142858 0.11272321428571429
13 0.6183035714285714 0.9352678571428571 0.07700892857142858 0.11272321428571429
13 0.4575892857142857 0.7868303571428571 0.07700892857142858 0.11272321428571429
13 0.5245535714285714 0.7377232142857143 0.07700892857142858 0.11272321428571429
11 0.33705357142857145 0.7020089285714286 0.07700892857142858 0.11272321428571429
13 0.19754464285714285 0.6986607142857143 0.07700892857142858 0.11272321428571429
13 0.09821428571428571 0.7220982142857143 0.07700892857142858 0.11272321428571429
13 0.2611607142857143 0.6060267857142857 0.07700892857142858 0.11272321428571429
13 0.3404017857142857 0.6082589285714286 0.07700892857142858 0.11272321428571429
13 0.28013392857142855 0.5055803571428571 0.07700892857142858 0.11272321428571429
13 0.23883928571428573 0.43973214285714285 0.07700892857142858 0.11272321428571429
13 0.31808035714285715 0.4252232142857143 0.07700892857142858 0.11272321428571429
17 0.033482142857142856 0.3783482142857143 0.06696428571428571 0.11272321428571429
13 0.19754464285714285 0.19642857142857142 0.07700892857142858 0.11272321428571429
13 0.18191964285714285 0.29799107142857145 0.07700892857142858 0.11272321428571429
13 0.17522321428571427 0.35267857142857145 0.07700892857142858 0.11272321428571429
13 0.06808035714285714 0.19866071428571427 0.07700892857142858 0.11272321428571429
13 0.4575892857142857 0.09151785714285714 0.07700892857142858 0.11272321428571429
13 0.29129464285714285 0.15066964285714285 0.07700892857142858 0.11272321428571429
13 0.22879464285714285 0.20982142857142858 0.07700892857142858 0.11272321428571429
1 0.07254464285714286 0.29017857142857145 0.07700892857142858 0.11272321428571429
1 0.3716517857142857 0.13392857142857142 0.07700892857142858 0.11272321428571429
13 0.39174107142857145 0.9207589285714286 0.07700892857142858 0.11272321428571429
13 0.33816964285714285 0.8939732142857143 0.07700892857142858 0.11272321428571429
13 0.09375 0.9553571428571429 0.07700892857142858 0.08928571428571429
14 0.53125 0.3470982142857143 0.0625 0.08705357142857142
14 0.47098214285714285 0.31808035714285715 0.04799107142857143 0.08370535714285714
14 0.4810267857142857 0.19642857142857142 0.06696428571428571 0.08928571428571429