17 0.6339285714285714 0.45870535714285715 0.11272321428571429 0.07700892857142858
17 0.7354910714285714 0.7377232142857143 0.11272321428571429 0.07924107142857142
17 0.7533482142857143 0.6439732142857143 0.11272321428571429 0.07700892857142858
16 0.84375 0.4497767857142857 0.11272321428571429 0.07700892857142858
17 0.9508928571428571 0.5368303571428571 0.09598214285714286 0.07700892857142858
17 0.5279017857142857 0.9665178571428571 0.11272321428571429 0.06696428571428571
17 0.5602678571428571 0.3705357142857143 0.11272321428571429 0.07700892857142858
17 0.6852678571428571 0.24665178571428573 0.11272321428571429 0.07700892857142858
17 0.7466517857142857 0.18638392857142858 0.11272321428571429 0.07700892857142858
17 0.6127232142857143 0.11383928571428571 0.11272321428571429 0.07700892857142858
17 0.9508928571428571 0.05915178571428571 0.09598214285714286 0.07700892857142858
13 0.8035714285714286 0.09486607142857142 0.11272321428571429 0.07700892857142858
15 0.6819196428571429 0.33816964285714285 0.11272321428571429 0.07700892857142858
13 0.8694196428571429 0.3091517857142857 0.11272321428571429 0.07700892857142858
13 0.7834821428571429 0.38169642857142855 0.11272321428571429 0.07700892857142858
13 0.5044642857142857 0.46986607142857145 0.11272321428571429 0.07700892857142858
13 0.4654017857142857 0.39955357142857145 0.11272321428571429 0.07700892857142858
13 0.44642857142857145 0.16183035714285715 0.11272321428571429 0.07700892857142858
13 0.38950892857142855 0.052455357142857144 0.11272321428571429 0.07700892857142858
15 0.39174107142857145 0.6573660714285714 0.11272321428571429 0.07700892857142858
11 0.48325892857142855 0.8270089285714286 0.11272321428571429 0.07700892857142858
13 0.6283482142857143 0.7611607142857143 0.11272321428571429 0.07700892857142858
13 0.8459821428571429 0.65625 0.11272321428571429 0.07700892857142858
13 0.7756696428571429 0.9029017857142857 0.11272321428571429 0.07700892857142858
15 0.9151785714285714 0.84375 0.11272321428571429 0.07924107142857142
13 0.06473214285714286 0.43638392857142855 0.11272321428571429 0.07700892857142858
13 0.23549107142857142 0.640625 0.11272321428571429 0.07700892857142858
13 0.09598214285714286 0.8270089285714286 0.11272321428571429 0.07700892857142858
14 0.625 0.8392857142857143 0.10825892857142858 0.0625