13 0.7678571428571429 0.5345982142857143 0.22544642857142858 0.26004464285714285
13 0.19866071428571427 0.8660714285714286 0.23549107142857142 0.22321428571428573
13 0.10044642857142858 0.9051339285714286 0.20089285714285715 0.18526785714285715
13 0.8459821428571429 0.41517857142857145 0.17522321428571427 0.16294642857142858
13 0.14285714285714285 0.03125 0.26674107142857145 0.0625
13 0.9006696428571429 0.19866071428571427 0.18526785714285715 0.18303571428571427
13 0.359375 0.7321428571428571 0.18973214285714285 0.18973214285714285
13 0.9107142857142857 0.5915178571428571 0.17299107142857142 0.23995535714285715
13 0.8772321428571429 0.9285714285714286 0.23995535714285715 0.14174107142857142
13 0.8180803571428571 0.05915178571428571 0.19977678571428573 0.11830357142857142
13 0.5100446428571429 0.7377232142857143 0.16294642857142858 0.15401785714285715
0 0.48995535714285715 0.49776785714285715 0.3705357142857143 0.34598214285714285
13 0.5256696428571429 0.23549107142857142 0.19419642857142858 0.18973214285714285