16 0.07477678571428571 0.5680803571428571 0.08928571428571429 0.06919642857142858
16 0.04241071428571429 0.41517857142857145 0.08147321428571429 0.06919642857142858
16 0.044642857142857144 0.3125 0.08705357142857142 0.07254464285714286
16 0.09040178571428571 0.25892857142857145 0.08147321428571429 0.0625
16 0.21540178571428573 0.20870535714285715 0.09598214285714286 0.06473214285714286
16 0.35044642857142855 0.15848214285714285 0.09151785714285714 0.06696428571428571
16 0.5178571428571429 0.41183035714285715 0.09598214285714286 0.07477678571428571
16 0.8794642857142857 0.6696428571428571 0.08705357142857142 0.06473214285714286
16 0.5055803571428571 0.9419642857142857 0.08147321428571429 0.06473214285714286
16 0.8604910714285714 0.9363839285714286 0.09598214285714286 0.07477678571428571
16 0.9631696428571429 0.0859375 0.07366071428571429 0.078125
16 0.8537946428571429 0.3247767857142857 0.08370535714285714 0.0625
16 0.7075892857142857 0.43973214285714285 0.10044642857142858 0.06696428571428571
16 0.7511160714285714 0.5513392857142857 0.08705357142857142 0.05580357142857143
16 0.7589285714285714 0.6160714285714286 0.09821428571428571 0.06696428571428571
16 0.6194196428571429 0.6729910714285714 0.09598214285714286 0.06919642857142858
18 0.49441964285714285 0.7622767857142857 0.08147321428571429 0.08147321428571429
16 0.2533482142857143 0.2767857142857143 0.08147321428571429 0.06696428571428571
16 0.5680803571428571 0.25558035714285715 0.08928571428571429 0.06696428571428571
16 0.12276785714285714 0.43526785714285715 0.07700892857142858 0.060267857142857144
5 0.10825892857142858 0.640625 0.09151785714285714 0.07254464285714286
16 0.0625 0.9174107142857143 0.10044642857142858 0.06696428571428571
16 0.0625 0.7868303571428571 0.09598214285714286 0.06696428571428571
16 0.7042410714285714 0.7087053571428571 0.08928571428571429 0.07254464285714286
16 0.5993303571428571 0.5792410714285714 0.09151785714285714 0.07700892857142858
16 0.5245535714285714 0.6551339285714286 0.09598214285714286 0.06696428571428571
16 0.8962053571428571 0.37276785714285715 0.08705357142857142 0.06919642857142858
16 0.9587053571428571 0.6930803571428571 0.08147321428571429 0.06473214285714286
16 0.43191964285714285 0.45200892857142855 0.08147321428571429 0.06696428571428571
17 0.4017857142857143 0.6004464285714286 0.08705357142857142 0.06473214285714286
16 0.31026785714285715 0.6551339285714286 0.09151785714285714 0.06696428571428571
16 0.4799107142857143 0.5044642857142857 0.08705357142857142 0.0625
16 0.35267857142857145 0.4330357142857143 0.08705357142857142 0.06696428571428571
16 0.7991071428571429 0.15178571428571427 0.09598214285714286 0.06919642857142858
5 0.890625 0.8348214285714286 0.09151785714285714 0.07254464285714286
13 0.6830357142857143 0.8459821428571429 0.08928571428571429 0.06919642857142858
13 0.7678571428571429 0.9118303571428571 0.09151785714285714 0.06473214285714286
16 0.7756696428571429 0.8426339285714286 0.09151785714285714 0.06473214285714286
13 0.44754464285714285 0.8861607142857143 0.08705357142857142 0.06696428571428571
13 0.48325892857142855 0.578125 0.07700892857142858 0.06696428571428571
13 0.19419642857142858 0.5245535714285714 0.08705357142857142 0.06473214285714286
13 0.20870535714285715 0.45870535714285715 0.08928571428571429 0.0625
13 0.20200892857142858 0.37611607142857145 0.09598214285714286 0.07254464285714286
13 0.46651785714285715 0.32142857142857145 0.08705357142857142 0.06473214285714286
13 0.35044642857142855 0.23883928571428573 0.08705357142857142 0.0625
13 0.26339285714285715 0.7276785714285714 0.09151785714285714 0.06473214285714286
13 0.26785714285714285 0.8080357142857143 0.08928571428571429 0.06696428571428571
13 0.8069196428571429 0.08147321428571429 0.08147321428571429 0.06696428571428571
13 0.9051339285714286 0.036830357142857144 0.09151785714285714 0.0625
13 0.7008928571428571 0.044642857142857144 0.08705357142857142 0.06696428571428571
13 0.5814732142857143 0.13616071428571427 0.09151785714285714 0.06696428571428571
13 0.6506696428571429 0.18861607142857142 0.08705357142857142 0.06696428571428571
13 0.7488839285714286 0.22991071428571427 0.08705357142857142 0.07254464285714286
16 0.6082589285714286 0.06696428571428571 0.09151785714285714 0.06696428571428571
13 0.7845982142857143 0.36830357142857145 0.09151785714285714 0.07254464285714286
13 0.32700892857142855 0.5022321428571429 0.08705357142857142 0.06696428571428571
13 0.26785714285714285 0.5569196428571429 0.09598214285714286 0.06696428571428571
13 0.27901785714285715 0.34486607142857145 0.11272321428571429 0.07700892857142858
8 0.43191964285714285 0.22209821428571427 0.07254464285714286 0.05803571428571429
13 0.39732142857142855 0.049107142857142856 0.08705357142857142 0.06696428571428571
13 0.4375 0.17522321428571427 0.09151785714285714 0.06473214285714286
16 0.42857142857142855 0.10825892857142858 0.09598214285714286 0.0625
13 0.11383928571428571 0.19866071428571427 0.09151785714285714 0.0625
13 0.17857142857142858 0.08258928571428571 0.09821428571428571 0.07254464285714286
13 0.31026785714285715 0.05133928571428571 0.08705357142857142 0.0625
13 0.10267857142857142 0.13727678571428573 0.10602678571428571 0.06696428571428571
13 0.06808035714285714 0.07254464285714286 0.09151785714285714 0.060267857142857144
13 0.17857142857142858 0.2544642857142857 0.08705357142857142 0.06696428571428571
12 0.8314732142857143 0.8002232142857143 0.021205357142857144 0.014508928571428572
12 0.640625 0.7220982142857143 0.024553571428571428 0.016741071428571428
12 0.37276785714285715 0.5212053571428571 0.029017857142857144 0.024553571428571428
12 0.5892857142857143 0.18973214285714285 0.021205357142857144 0.016741071428571428
12 0.24553571428571427 0.04352678571428571 0.024553571428571428 0.024553571428571428
12 0.6316964285714286 0.10714285714285714 0.024553571428571428 0.014508928571428572