13 0.7410714285714286 0.203125 0.06696428571428571 0.09598214285714286
13 0.59375 0.16071428571428573 0.06696428571428571 0.09375
11 0.90625 0.11383928571428571 0.052455357142857144 0.09598214285714286
11 0.96875 0.14732142857142858 0.0625 0.09598214285714286
11 0.9430803571428571 0.23214285714285715 0.06696428571428571 0.09151785714285714
11 0.9754464285714286 0.2935267857142857 0.04799107142857143 0.09151785714285714
11 0.84375 0.125 0.06696428571428571 0.08705357142857142
11 0.7756696428571429 0.06919642857142858 0.08147321428571429 0.07477678571428571
2 0.8537946428571429 0.03236607142857143 0.08147321428571429 0.052455357142857144
2 0.6149553571428571 0.05803571428571429 0.05803571428571429 0.11272321428571429
11 0.47879464285714285 0.044642857142857144 0.06696428571428571 0.08705357142857142
2 0.42075892857142855 0.04352678571428571 0.04799107142857143 0.08705357142857142
11 0.38058035714285715 0.10044642857142858 0.07254464285714286 0.08705357142857142
2 0.3158482142857143 0.22321428571428573 0.0625 0.09598214285714286
11 0.5 0.15625 0.07700892857142858 0.07254464285714286
11 0.46875 0.22767857142857142 0.06696428571428571 0.08370535714285714
11 0.43080357142857145 0.2924107142857143 0.07700892857142858 0.08147321428571429
11 0.5044642857142857 0.328125 0.05803571428571429 0.09598214285714286
11 0.7008928571428571 0.27566964285714285 0.07700892857142858 0.06473214285714286
11 0.7154017857142857 0.36607142857142855 0.08147321428571429 0.07254464285714286
11 0.7834821428571429 0.32254464285714285 0.05803571428571429 0.09598214285714286
2 0.7801339285714286 0.40066964285714285 0.07254464285714286 0.060267857142857144
11 0.8470982142857143 0.2924107142857143 0.07254464285714286 0.07700892857142858
11 0.9252232142857143 0.3560267857142857 0.07700892857142858 0.07477678571428571
11 0.9207589285714286 0.42745535714285715 0.07700892857142858 0.0625
11 0.9743303571428571 0.42299107142857145 0.05022321428571429 0.08928571428571429
11 0.8236607142857143 0.4720982142857143 0.08147321428571429 0.06696428571428571
2 0.9397321428571429 0.5926339285714286 0.05803571428571429 0.10044642857142858
11 0.7433035714285714 0.5323660714285714 0.05022321428571429 0.10379464285714286
11 0.6964285714285714 0.45870535714285715 0.052455357142857144 0.09375
11 0.36160714285714285 0.35714285714285715 0.07700892857142858 0.07700892857142858
11 0.32924107142857145 0.41183035714285715 0.052455357142857144 0.09151785714285714
11 0.33816964285714285 0.5022321428571429 0.0625 0.08370535714285714
11 0.41517857142857145 0.5401785714285714 0.0625 0.08705357142857142
11 0.41294642857142855 0.4486607142857143 0.060267857142857144 0.09151785714285714
11 0.4877232142857143 0.4486607142857143 0.0625 0.10602678571428571
11 0.49441964285714285 0.53125 0.07700892857142858 0.07477678571428571
2 0.40401785714285715 0.6127232142857143 0.07700892857142858 0.052455357142857144
11 0.39285714285714285 0.6763392857142857 0.07477678571428571 0.07254464285714286
2 0.36830357142857145 0.7321428571428571 0.07254464285714286 0.08147321428571429
2 0.34151785714285715 0.7946428571428571 0.05803571428571429 0.11272321428571429
11 0.2767857142857143 0.8314732142857143 0.06919642857142858 0.08147321428571429
11 0.24553571428571427 0.6752232142857143 0.05580357142857143 0.11049107142857142
11 0.3013392857142857 0.6997767857142857 0.07700892857142858 0.11272321428571429
11 0.18526785714285715 0.6283482142857143 0.052455357142857144 0.09821428571428571
2 0.19196428571428573 0.5122767857142857 0.052455357142857144 0.11272321428571429
11 0.08370535714285714 0.05133928571428571 0.05022321428571429 0.09375
2 0.171875 0.10825892857142858 0.04799107142857143 0.11272321428571429
2 0.08258928571428571 0.19419642857142858 0.052455357142857144 0.11830357142857142
2 0.044642857142857144 0.35825892857142855 0.052455357142857144 0.11495535714285714
11 0.12053571428571429 0.5613839285714286 0.08147321428571429 0.07477678571428571
2 0.06138392857142857 0.8236607142857143 0.07700892857142858 0.10044642857142858
11 0.030133928571428572 0.7879464285714286 0.05803571428571429 0.060267857142857144
11 0.022321428571428572 0.7299107142857143 0.044642857142857144 0.07142857142857142
2 0.3325892857142857 0.9654017857142857 0.08147321428571429 0.06696428571428571
11 0.28794642857142855 0.9352678571428571 0.06696428571428571 0.08928571428571429
11 0.35044642857142855 0.8783482142857143 0.07700892857142858 0.11272321428571429
11 0.7075892857142857 0.8448660714285714 0.0625 0.08147321428571429
11 0.46986607142857145 0.8816964285714286 0.07254464285714286 0.07254464285714286
11 0.8805803571428571 0.953125 0.06696428571428571 0.09375
11 0.8459821428571429 0.9107142857142857 0.07700892857142858 0.07254464285714286
11 0.8337053571428571 0.84375 0.052455357142857144 0.08370535714285714
11 0.9330357142857143 0.9006696428571429 0.0625 0.09375
11 0.953125 0.8080357142857143 0.0625 0.09598214285714286
11 0.9419642857142857 0.6830357142857143 0.06919642857142858 0.07477678571428571
13 0.22544642857142858 0.11607142857142858 0.07700892857142858 0.11272321428571429
13 0.3705357142857143 0.18973214285714285 0.06696428571428571 0.08370535714285714
11 0.036830357142857144 0.9151785714285714 0.07254464285714286 0.08147321428571429
11 0.6004464285714286 0.8805803571428571 0.0625 0.07700892857142858
11 0.18526785714285715 0.7823660714285714 0.07254464285714286 0.08705357142857142
11 0.21763392857142858 0.9553571428571429 0.0625 0.08147321428571429
13 0.029017857142857144 0.18526785714285715 0.05803571428571429 0.08705357142857142
13 0.7723214285714286 0.9564732142857143 0.06696428571428571 0.08705357142857142
11 0.65625 0.9352678571428571 0.05580357142857143 0.09598214285714286
11 0.8136160714285714 0.6540178571428571 0.07700892857142858 0.11272321428571429
13 0.4017857142857143 0.8537946428571429 0.060267857142857144 0.09151785714285714
11 0.13058035714285715 0.27455357142857145 0.07700892857142858 0.07254464285714286
11 0.11272321428571429 0.35825892857142855 0.06473214285714286 0.08705357142857142
11 0.18191964285714285 0.33705357142857145 0.060267857142857144 0.09598214285714286
11 0.13950892857142858 0.43861607142857145 0.07254464285714286 0.07700892857142858
11 0.09263392857142858 0.5033482142857143 0.07254464285714286 0.07700892857142858
11 0.2544642857142857 0.5569196428571429 0.07700892857142858 0.11272321428571429
11 0.24776785714285715 0.328125 0.06473214285714286 0.08705357142857142
11 0.12276785714285714 0.625 0.07254464285714286 0.08705357142857142
11 0.05915178571428571 0.6495535714285714 0.07477678571428571 0.07700892857142858
11 0.09486607142857142 0.9631696428571429 0.06919642857142858 0.07254464285714286
2 0.6216517857142857 0.4095982142857143 0.06473214285714286 0.08705357142857142
11 0.7008928571428571 0.5926339285714286 0.06696428571428571 0.09598214285714286
2 0.8069196428571429 0.7991071428571429 0.06696428571428571 0.07700892857142858
13 0.8738839285714286 0.6450892857142857 0.06473214285714286 0.08705357142857142
13 0.7544642857142857 0.7165178571428571 0.07700892857142858 0.11272321428571429
13 0.8504464285714286 0.734375 0.06473214285714286 0.08705357142857142
13 0.5412946428571429 0.8180803571428571 0.07254464285714286 0.10044642857142858
13 0.4720982142857143 0.7477678571428571 0.07700892857142858 0.11272321428571429
11 0.5535714285714286 0.49107142857142855 0.0625 0.09598214285714286
12 0.5111607142857143 0.09598214285714286 0.021205357142857144 0.033482142857142856
12 0.42410714285714285 0.9866071428571429 0.024553571428571428 0.026785714285714284