15 0.6216517857142857 0.5345982142857143 0.052455357142857144 0.07254464285714286
15 0.8470982142857143 0.7276785714285714 0.0625 0.07254464285714286
15 0.875 0.8649553571428571 0.06696428571428571 0.07700892857142858
17 0.5870535714285714 0.9095982142857143 0.06696428571428571 0.10044642857142858
17 0.6875 0.9575892857142857 0.07477678571428571 0.08147321428571429
17 0.7879464285714286 0.8761160714285714 0.07924107142857142 0.08928571428571429
17 0.8303571428571429 0.8069196428571429 0.07700892857142858 0.09151785714285714
17 0.9564732142857143 0.8549107142857143 0.07924107142857142 0.10602678571428571
17 0.6194196428571429 0.7801339285714286 0.08147321428571429 0.09598214285714286
18 0.6294642857142857 0.6529017857142857 0.08147321428571429 0.10602678571428571
15 0.27232142857142855 0.8225446428571429 0.06696428571428571 0.07700892857142858
17 0.16294642857142858 0.9341517857142857 0.07924107142857142 0.10044642857142858
17 0.20647321428571427 0.7600446428571429 0.08705357142857142 0.08705357142857142
17 0.19196428571428573 0.6774553571428571 0.07254464285714286 0.08147321428571429
17 0.25223214285714285 0.5602678571428571 0.0625 0.09151785714285714
17 0.24888392857142858 0.4575892857142857 0.07700892857142858 0.11272321428571429
17 0.13392857142857142 0.45870535714285715 0.06919642857142858 0.09151785714285714
17 0.06473214285714286 0.4375 0.07254464285714286 0.09151785714285714
17 0.4732142857142857 0.5680803571428571 0.08147321428571429 0.11495535714285714
17 0.5189732142857143 0.47544642857142855 0.07477678571428571 0.08928571428571429
17 0.5569196428571429 0.25111607142857145 0.08147321428571429 0.08147321428571429
17 0.6819196428571429 0.24553571428571427 0.08928571428571429 0.10602678571428571
17 0.7645089285714286 0.2611607142857143 0.08147321428571429 0.10602678571428571
17 0.8526785714285714 0.26004464285714285 0.08147321428571429 0.08928571428571429
17 0.8616071428571429 0.40625 0.08928571428571429 0.10379464285714286
17 0.9698660714285714 0.40401785714285715 0.060267857142857144 0.09151785714285714
17 0.9330357142857143 0.5167410714285714 0.08147321428571429 0.08705357142857142
17 0.9196428571428571 0.6004464285714286 0.07477678571428571 0.09598214285714286
17 0.8325892857142857 0.640625 0.07700892857142858 0.10379464285714286
17 0.7466517857142857 0.5457589285714286 0.07700892857142858 0.11272321428571429
17 0.703125 0.48214285714285715 0.07254464285714286 0.07477678571428571
17 0.7845982142857143 0.421875 0.09375 0.08705357142857142
17 0.6551339285714286 0.39285714285714285 0.09375 0.11830357142857142
17 0.4564732142857143 0.3627232142857143 0.07254464285714286 0.09821428571428571
17 0.4810267857142857 0.26674107142857145 0.0625 0.10044642857142858
17 0.40066964285714285 0.23325892857142858 0.07924107142857142 0.09151785714285714
17 0.39285714285714285 0.14285714285714285 0.07254464285714286 0.08928571428571429
17 0.33816964285714285 0.08370535714285714 0.07700892857142858 0.10044642857142858
17 0.3236607142857143 0.22098214285714285 0.07254464285714286 0.09598214285714286
17 0.3080357142857143 0.3091517857142857 0.06696428571428571 0.08705357142857142
17 0.24665178571428573 0.23325892857142858 0.06919642857142858 0.09151785714285714
17 0.25892857142857145 0.12388392857142858 0.07700892857142858 0.09821428571428571
17 0.19754464285714285 0.15736607142857142 0.07254464285714286 0.08705357142857142
17 0.15178571428571427 0.05022321428571429 0.08147321428571429 0.10044642857142858
17 0.16517857142857142 0.375 0.07477678571428571 0.10044642857142858
17 0.07477678571428571 0.04575892857142857 0.07254464285714286 0.09151785714285714
17 0.8415178571428571 0.08147321428571429 0.08928571428571429 0.10602678571428571
17 0.9263392857142857 0.08816964285714286 0.07700892857142858 0.10044642857142858
17 0.8928571428571429 0.17857142857142858 0.07700892857142858 0.09598214285714286
14 0.7154017857142857 0.32924107142857145 0.07477678571428571 0.04799107142857143
14 0.65625 0.13727678571428573 0.07924107142857142 0.07700892857142858
14 0.7142857142857143 0.15513392857142858 0.0625 0.08147321428571429
14 0.5770089285714286 0.07366071428571429 0.0625 0.08705357142857142
14 0.1875 0.23995535714285715 0.05803571428571429 0.07700892857142858
14 0.7767857142857143 0.7466517857142857 0.07254464285714286 0.06696428571428571
17 0.5111607142857143 0.7723214285714286 0.07700892857142858 0.10602678571428571
18 0.7287946428571429 0.8962053571428571 0.08705357142857142 0.06473214285714286
18 0.5368303571428571 0.34375 0.10044642857142858 0.08705357142857142
18 0.16964285714285715 0.09151785714285714 0.09375 0.07254464285714286
18 0.7276785714285714 0.8158482142857143 0.07254464285714286 0.08147321428571429
14 0.46986607142857145 0.9698660714285714 0.08370535714285714 0.060267857142857144
14 0.4497767857142857 0.9274553571428571 0.05803571428571429 0.04799107142857143
18 0.18526785714285715 0.6138392857142857 0.09151785714285714 0.10602678571428571
18 0.29129464285714285 0.3783482142857143 0.08370535714285714 0.09821428571428571
15 0.22991071428571427 0.36607142857142855 0.05803571428571429 0.07254464285714286
15 0.43638392857142855 0.05022321428571429 0.06696428571428571 0.0625
17 0.11383928571428571 0.2767857142857143 0.08928571428571429 0.09598214285714286
17 0.18526785714285715 0.3158482142857143 0.08147321428571429 0.08370535714285714
14 0.060267857142857144 0.24441964285714285 0.07700892857142858 0.06473214285714286
14 0.5479910714285714 0.140625 0.10602678571428571 0.05803571428571429