5 0.30691964285714285 0.6216517857142857 0.11272321428571429 0.07700892857142858
5 0.3950892857142857 0.703125 0.11272321428571429 0.07700892857142858
5 0.3783482142857143 0.7979910714285714 0.11272321428571429 0.07700892857142858
5 0.46875 0.8928571428571429 0.13504464285714285 0.07254464285714286
5 0.6975446428571429 0.7857142857142857 0.08928571428571429 0.07254464285714286
5 0.5279017857142857 0.5602678571428571 0.10044642857142858 0.06696428571428571
5 0.4966517857142857 0.6462053571428571 0.11272321428571429 0.07700892857142858
5 0.5200892857142857 0.7566964285714286 0.11272321428571429 0.07700892857142858
5 0.3950892857142857 0.859375 0.11272321428571429 0.07700892857142858
5 0.3404017857142857 0.8850446428571429 0.11272321428571429 0.07700892857142858
5 0.23772321428571427 0.8794642857142857 0.11272321428571429 0.07924107142857142
5 0.14732142857142858 0.8783482142857143 0.11272321428571429 0.07924107142857142
5 0.05915178571428571 0.5982142857142857 0.09598214285714286 0.06696428571428571
5 0.06473214285714286 0.5279017857142857 0.08705357142857142 0.05803571428571429
5 0.3002232142857143 0.5591517857142857 0.11272321428571429 0.07700892857142858
5 0.35825892857142855 0.46205357142857145 0.11272321428571429 0.07700892857142858
5 0.6060267857142857 0.46875 0.11272321428571429 0.07700892857142858
5 0.30357142857142855 0.16741071428571427 0.10044642857142858 0.07254464285714286
5 0.13950892857142858 0.34151785714285715 0.09375 0.07700892857142858
5 0.08258928571428571 0.20647321428571427 0.08705357142857142 0.07254464285714286
5 0.36607142857142855 0.06138392857142857 0.09598214285714286 0.06919642857142858
5 0.45089285714285715 0.06696428571428571 0.08370535714285714 0.06696428571428571
5 0.9553571428571429 0.31473214285714285 0.08928571428571429 0.07700892857142858
5 0.8247767857142857 0.22433035714285715 0.11272321428571429 0.07700892857142858
5 0.8470982142857143 0.4877232142857143 0.11272321428571429 0.07700892857142858
5 0.9051339285714286 0.6450892857142857 0.09151785714285714 0.06919642857142858
14 0.6506696428571429 0.25558035714285715 0.08370535714285714 0.052455357142857144
14 0.7633928571428571 0.2779017857142857 0.09151785714285714 0.06696428571428571
5 0.5200892857142857 0.13950892857142858 0.08928571428571429 0.07477678571428571
5 0.5848214285714286 0.7388392857142857 0.11272321428571429 0.07700892857142858
5 0.7957589285714286 0.9274553571428571 0.09598214285714286 0.06696428571428571
5 0.9341517857142857 0.7633928571428571 0.10044642857142858 0.07254464285714286
5 0.8370535714285714 0.8459821428571429 0.10044642857142858 0.06696428571428571
14 0.49330357142857145 0.5200892857142857 0.08705357142857142 0.060267857142857144
13 0.46651785714285715 0.8247767857142857 0.08147321428571429 0.06696428571428571
14 0.11941964285714286 0.23883928571428573 0.0625 0.05580357142857143
11 0.29017857142857145 0.4185267857142857 0.11272321428571429 0.07700892857142858
11 0.7845982142857143 0.6060267857142857 0.10602678571428571 0.07700892857142858
13 0.6674107142857143 0.19977678571428573 0.09151785714285714 0.06473214285714286
5 0.8091517857142857 0.05022321428571429 0.09151785714285714 0.07254464285714286
5 0.6060267857142857 0.3950892857142857 0.11272321428571429 0.07700892857142858
5 0.4252232142857143 0.6350446428571429 0.11272321428571429 0.07700892857142858