13 0.05580357142857143 0.9520089285714286 0.11049107142857142 0.09598214285714286
13 0.7209821428571429 0.4720982142857143 0.23102678571428573 0.27455357142857145
13 0.43973214285714285 0.7276785714285714 0.30245535714285715 0.20424107142857142
13 0.9073660714285714 0.25558035714285715 0.17522321428571427 0.23325892857142858
13 0.23214285714285715 0.9575892857142857 0.2767857142857143 0.08370535714285714
13 0.9497767857142857 0.45535714285714285 0.09598214285714286 0.20647321428571427
13 0.7165178571428571 0.9330357142857143 0.25669642857142855 0.12946428571428573
13 0.17075892857142858 0.4330357142857143 0.26450892857142855 0.22098214285714285
13 0.7321428571428571 0.25558035714285715 0.23549107142857142 0.21875
13 0.32924107142857145 0.8716517857142857 0.28125 0.18973214285714285
6 0.5011160714285714 0.4966517857142857 0.34151785714285715 0.3482142857142857
13 0.078125 0.26450892857142855 0.15625 0.22544642857142858
13 0.234375 0.2544642857142857 0.20870535714285715 0.22879464285714285
13 0.8370535714285714 0.078125 0.28794642857142855 0.15625