2 0.12388392857142858 0.19977678571428573 0.07254464285714286 0.09151785714285714
11 0.13504464285714285 0.07366071428571429 0.07924107142857142 0.07924107142857142
11 0.19866071428571427 0.10602678571428571 0.06696428571428571 0.06696428571428571
2 0.25111607142857145 0.25223214285714285 0.06919642857142858 0.08705357142857142
11 0.20089285714285715 0.2935267857142857 0.07477678571428571 0.07254464285714286
11 0.13169642857142858 0.3125 0.06473214285714286 0.08147321428571429
11 0.12611607142857142 0.3939732142857143 0.0625 0.09598214285714286
11 0.078125 0.43973214285714285 0.0625 0.11272321428571429
11 0.18415178571428573 0.3872767857142857 0.05580357142857143 0.11272321428571429
2 0.5491071428571429 0.09375 0.0625 0.10602678571428571
11 0.6116071428571429 0.11049107142857142 0.06696428571428571 0.08370535714285714
11 0.6685267857142857 0.07254464285714286 0.06473214285714286 0.09375
2 0.8091517857142857 0.23214285714285715 0.04799107142857143 0.11272321428571429
1 0.7533482142857143 0.19642857142857142 0.06473214285714286 0.08147321428571429
11 0.049107142857142856 0.5613839285714286 0.06473214285714286 0.09151785714285714
11 0.10044642857142858 0.5479910714285714 0.05580357142857143 0.11495535714285714
11 0.16071428571428573 0.5647321428571429 0.0625 0.09598214285714286
2 0.39732142857142855 0.5870535714285714 0.08370535714285714 0.08370535714285714
11 0.34598214285714285 0.5658482142857143 0.06473214285714286 0.06919642857142858
11 0.29910714285714285 0.421875 0.0625 0.10825892857142858
11 0.06584821428571429 0.7444196428571429 0.07924107142857142 0.08147321428571429
11 0.14174107142857142 0.7868303571428571 0.05580357142857143 0.10044642857142858
11 0.14285714285714285 0.8928571428571429 0.060267857142857144 0.10602678571428571
2 0.19642857142857142 0.8883928571428571 0.07254464285714286 0.08705357142857142
11 0.23772321428571427 0.7678571428571429 0.07924107142857142 0.07254464285714286
11 0.21316964285714285 0.6975446428571429 0.06919642857142858 0.07254464285714286
2 0.25 0.6283482142857143 0.08928571428571429 0.06473214285714286
11 0.37611607142857145 0.7299107142857143 0.06919642857142858 0.06919642857142858
11 0.38950892857142855 0.6662946428571429 0.07477678571428571 0.06919642857142858
11 0.43861607142857145 0.7366071428571429 0.06696428571428571 0.09598214285714286
2 0.31808035714285715 0.8627232142857143 0.08705357142857142 0.07254464285714286
2 0.37388392857142855 0.9274553571428571 0.052455357142857144 0.125
2 0.32142857142857145 0.953125 0.04799107142857143 0.09375
2 0.625 0.9040178571428571 0.07924107142857142 0.08705357142857142
11 0.6729910714285714 0.8794642857142857 0.06696428571428571 0.08705357142857142
11 0.6830357142857143 0.7857142857142857 0.052455357142857144 0.10825892857142858
11 0.7466517857142857 0.8928571428571429 0.06696428571428571 0.08928571428571429
11 0.7321428571428571 0.75 0.06473214285714286 0.08147321428571429
2 0.8180803571428571 0.7220982142857143 0.08705357142857142 0.05803571428571429
11 0.8080357142857143 0.7790178571428571 0.07700892857142858 0.07254464285714286
11 0.8738839285714286 0.8392857142857143 0.08147321428571429 0.07700892857142858
2 0.9575892857142857 0.8404017857142857 0.08370535714285714 0.06473214285714286
11 0.7098214285714286 0.9542410714285714 0.07924107142857142 0.07477678571428571
13 0.7154017857142857 0.6495535714285714 0.0625 0.08370535714285714
11 0.45200892857142855 0.8113839285714286 0.07477678571428571 0.06473214285714286
11 0.5 0.828125 0.0625 0.08705357142857142
2 0.19196428571428573 0.9665178571428571 0.08147321428571429 0.06696428571428571
11 0.08147321428571429 0.8616071428571429 0.06919642857142858 0.060267857142857144
11 0.9241071428571429 0.6506696428571429 0.05580357142857143 0.10602678571428571
2 0.9698660714285714 0.6216517857142857 0.052455357142857144 0.10602678571428571
11 0.5580357142857143 0.5647321428571429 0.060267857142857144 0.10044642857142858
11 0.6138392857142857 0.5814732142857143 0.052455357142857144 0.09375
11 0.6674107142857143 0.5993303571428571 0.0625 0.11049107142857142
11 0.7377232142857143 0.5825892857142857 0.07254464285714286 0.07700892857142858
11 0.7433035714285714 0.5066964285714286 0.060267857142857144 0.09598214285714286
2 0.8470982142857143 0.421875 0.052455357142857144 0.11049107142857142
2 0.7410714285714286 0.40066964285714285 0.052455357142857144 0.11272321428571429
11 0.6997767857142857 0.3169642857142857 0.07254464285714286 0.07700892857142858
14 0.39732142857142855 0.11049107142857142 0.08370535714285714 0.08705357142857142
11 0.5011160714285714 0.24665178571428573 0.06696428571428571 0.09598214285714286
11 0.5602678571428571 0.19642857142857142 0.07924107142857142 0.07477678571428571
11 0.49107142857142855 0.34933035714285715 0.07477678571428571 0.060267857142857144
2 0.9252232142857143 0.04799107142857143 0.04799107142857143 0.09598214285714286
11 0.9162946428571429 0.3169642857142857 0.07477678571428571 0.08147321428571429
11 0.9676339285714286 0.35267857142857145 0.05580357142857143 0.09821428571428571
11 0.43526785714285715 0.28683035714285715 0.07924107142857142 0.07924107142857142
14 0.6707589285714286 0.14955357142857142 0.07477678571428571 0.060267857142857144
11 0.65625 0.3549107142857143 0.0625 0.06696428571428571
11 0.265625 0.49107142857142855 0.06919642857142858 0.09375
11 0.31919642857142855 0.056919642857142856 0.06696428571428571 0.05803571428571429
11 0.5725446428571429 0.7377232142857143 0.05580357142857143 0.09151785714285714
11 0.28794642857142855 0.7176339285714286 0.06919642857142858 0.07477678571428571
11 0.7868303571428571 0.6529017857142857 0.07924107142857142 0.07924107142857142
13 0.8917410714285714 0.5558035714285714 0.06473214285714286 0.09151785714285714
13 0.6127232142857143 0.6729910714285714 0.06696428571428571 0.08928571428571429
13 0.05133928571428571 0.19196428571428573 0.0625 0.07700892857142858
11 0.03459821428571429 0.36049107142857145 0.06919642857142858 0.0625
11 0.049107142857142856 0.08705357142857142 0.05580357142857143 0.08928571428571429
13 0.41183035714285715 0.19866071428571427 0.07477678571428571 0.09375
11 0.8772321428571429 0.0625 0.052455357142857144 0.09151785714285714
11 0.9174107142857143 0.140625 0.05803571428571429 0.11272321428571429
11 0.9754464285714286 0.15848214285714285 0.04799107142857143 0.08147321428571429
11 0.9631696428571429 0.5100446428571429 0.07366071428571429 0.08705357142857142
11 0.9107142857142857 0.7566964285714286 0.060267857142857144 0.09375
2 0.7957589285714286 0.8571428571428571 0.06919642857142858 0.10602678571428571
11 0.265625 0.8404017857142857 0.06919642857142858 0.07700892857142858
11 0.12276785714285714 0.6930803571428571 0.052455357142857144 0.10044642857142858
13 0.23325892857142858 0.5691964285714286 0.06696428571428571 0.07924107142857142
11 0.5066964285714286 0.4810267857142857 0.060267857142857144 0.09821428571428571
13 0.5424107142857143 0.40625 0.06919642857142858 0.08370535714285714
11 0.6160714285714286 0.25111607142857145 0.060267857142857144 0.09375
13 0.4486607142857143 0.4486607142857143 0.06473214285714286 0.08370535714285714
13 0.37723214285714285 0.34598214285714285 0.06919642857142858 0.08705357142857142
11 0.3627232142857143 0.41183035714285715 0.07924107142857142 0.11272321428571429
11 0.029017857142857144 0.26339285714285715 0.05803571428571429 0.07700892857142858
11 0.6383928571428571 0.43638392857142855 0.060267857142857144 0.08928571428571429
11 0.484375 0.036830357142857144 0.0625 0.07366071428571429
13 0.7790178571428571 0.11383928571428571 0.06473214285714286 0.09151785714285714
12 0.49107142857142855 0.5725446428571429 0.024553571428571428 0.029017857142857144
12 0.5133928571428571 0.5491071428571429 0.016741071428571428 0.026785714285714284
12 0.09821428571428571 0.8147321428571429 0.016741071428571428 0.024553571428571428
12 0.6741071428571429 0.18080357142857142 0.018973214285714284 0.021205357142857144
12 0.8459821428571429 0.578125 0.021205357142857144 0.024553571428571428