9 0.4341517857142857 0.17857142857142858 0.4575892857142857 0.35714285714285715
10 0.8125 0.17857142857142858 0.24553571428571427 0.35714285714285715
13 0.6339285714285714 0.9575892857142857 0.11272321428571429 0.08370535714285714
13 0.5323660714285714 0.390625 0.25669642857142855 0.06473214285714286
13 0.4419642857142857 0.9252232142857143 0.26450892857142855 0.14955357142857142
13 0.640625 0.7455357142857143 0.09821428571428571 0.20200892857142858
13 0.04352678571428571 0.8549107142857143 0.08705357142857142 0.2857142857142857
13 0.6015625 0.9006696428571429 0.17633928571428573 0.19866071428571427
13 0.17075892857142858 0.46651785714285715 0.26004464285714285 0.21651785714285715
13 0.6316964285714286 0.4486607142857143 0.11495535714285714 0.18080357142857142
6 0.23549107142857142 0.7868303571428571 0.4419642857142857 0.4252232142857143
13 0.04017857142857143 0.46205357142857145 0.07924107142857142 0.20647321428571427
13 0.8861607142857143 0.46763392857142855 0.21428571428571427 0.21875
13 0.9196428571428571 0.9698660714285714 0.16071428571428573 0.060267857142857144
13 0.9308035714285714 0.5 0.13839285714285715 0.23214285714285715
6 0.75 0.5926339285714286 0.12053571428571429 0.46875
13 0.7220982142857143 0.8783482142857143 0.06473214285714286 0.24330357142857142
13 0.8236607142857143 0.9140625 0.23660714285714285 0.171875