2 0.9151785714285714 0.6975446428571429 0.11272321428571429 0.07700892857142858
2 0.9040178571428571 0.49107142857142855 0.125 0.08928571428571429
2 0.8660714285714286 0.38504464285714285 0.11272321428571429 0.07700892857142858
2 0.9341517857142857 0.8136160714285714 0.12053571428571429 0.09598214285714286
2 0.8091517857142857 0.7154017857142857 0.11272321428571429 0.07700892857142858
2 0.7879464285714286 0.5011160714285714 0.12053571428571429 0.08705357142857142
2 0.7834821428571429 0.7767857142857143 0.11272321428571429 0.07924107142857142
2 0.7689732142857143 0.9654017857142857 0.11272321428571429 0.06919642857142858
2 0.7299107142857143 0.2779017857142857 0.125 0.08928571428571429
2 0.6908482142857143 0.5870535714285714 0.11272321428571429 0.07700892857142858
2 0.6997767857142857 0.6986607142857143 0.11272321428571429 0.07700892857142858
2 0.6741071428571429 0.8504464285714286 0.11272321428571429 0.07700892857142858
2 0.6875 0.19084821428571427 0.11272321428571429 0.07700892857142858
2 0.6618303571428571 0.515625 0.11272321428571429 0.07700892857142858
2 0.6540178571428571 0.10044642857142858 0.11272321428571429 0.07700892857142858
2 0.6216517857142857 0.7879464285714286 0.14397321428571427 0.11049107142857142
2 0.5915178571428571 0.39174107142857145 0.11272321428571429 0.07700892857142858
2 0.5535714285714286 0.5993303571428571 0.11272321428571429 0.07700892857142858
2 0.5323660714285714 0.18638392857142858 0.13950892857142858 0.09598214285714286
2 0.49776785714285715 0.5502232142857143 0.08928571428571429 0.07254464285714286
2 0.48325892857142855 0.328125 0.11272321428571429 0.07700892857142858
2 0.46651785714285715 0.11941964285714286 0.11272321428571429 0.07700892857142858
2 0.45982142857142855 0.7377232142857143 0.11272321428571429 0.07700892857142858
2 0.4095982142857143 0.40736607142857145 0.11272321428571429 0.07700892857142858
2 0.39732142857142855 0.9341517857142857 0.11272321428571429 0.07700892857142858
2 0.3627232142857143 0.5758928571428571 0.12053571428571429 0.08705357142857142
2 0.31026785714285715 0.9207589285714286 0.11272321428571429 0.07924107142857142
2 0.27566964285714285 0.36941964285714285 0.11272321428571429 0.07700892857142858
2 0.22098214285714285 0.5256696428571429 0.11272321428571429 0.07700892857142858
2 0.21316964285714285 0.16071428571428573 0.11272321428571429 0.07700892857142858
2 0.16852678571428573 0.5625 0.11272321428571429 0.07700892857142858
2 0.15290178571428573 0.35044642857142855 0.11272321428571429 0.07700892857142858
2 0.11607142857142858 0.09709821428571429 0.11272321428571429 0.07700892857142858
2 0.14174107142857142 0.4252232142857143 0.11272321428571429 0.07700892857142858
2 0.11049107142857142 0.6462053571428571 0.11272321428571429 0.07700892857142858
2 0.09375 0.9095982142857143 0.12276785714285714 0.08705357142857142
2 0.5792410714285714 0.22209821428571427 0.12723214285714285 0.09151785714285714
2 0.5033482142857143 0.5178571428571429 0.09151785714285714 0.07254464285714286
12 0.6763392857142857 0.2857142857142857 0.04352678571428571 0.029017857142857144
12 0.9229910714285714 0.11160714285714286 0.029017857142857144 0.024553571428571428
18 0.8738839285714286 0.8761160714285714 0.11049107142857142 0.07477678571428571
12 0.8392857142857143 0.9375 0.04799107142857143 0.029017857142857144
12 0.45982142857142855 0.7879464285714286 0.04352678571428571 0.029017857142857144
11 0.6930803571428571 0.7991071428571429 0.08705357142857142 0.06696428571428571
2 0.39620535714285715 0.5301339285714286 0.11495535714285714 0.07700892857142858