0 0.14397321428571427 0.48214285714285715 0.28794642857142855 0.5122767857142857
13 0.35714285714285715 0.7946428571428571 0.13727678571428573 0.05022321428571429
12 0.4888392857142857 0.5892857142857143 0.08928571428571429 0.08147321428571429
13 0.9676339285714286 0.6071428571428571 0.06473214285714286 0.24776785714285715
12 0.8214285714285714 0.32924107142857145 0.08928571428571429 0.09598214285714286
13 0.9386160714285714 0.21428571428571427 0.12276785714285714 0.2544642857142857
13 0.36941964285714285 0.5948660714285714 0.16071428571428573 0.24330357142857142
13 0.359375 0.296875 0.14174107142857142 0.24776785714285715
3 0.6138392857142857 0.34598214285714285 0.39174107142857145 0.4564732142857143
13 0.7511160714285714 0.6729910714285714 0.23549107142857142 0.2544642857142857
3 0.7477678571428571 0.09821428571428571 0.39732142857142855 0.19642857142857142
10 0.109375 0.8783482142857143 0.21875 0.11830357142857142
10 0.6752232142857143 0.9095982142857143 0.3794642857142857 0.18080357142857142