13 0.03459821428571429 0.7823660714285714 0.06919642857142858 0.27120535714285715
13 0.5200892857142857 0.29129464285714285 0.22098214285714285 0.18526785714285715
13 0.9486607142857143 0.7455357142857143 0.09821428571428571 0.20647321428571427
13 0.26004464285714285 0.7243303571428571 0.17522321428571427 0.1875
13 0.060267857142857144 0.18861607142857142 0.12053571428571429 0.18973214285714285
13 0.36607142857142855 0.7522321428571429 0.18973214285714285 0.16629464285714285
13 0.06584821428571429 0.35825892857142855 0.13169642857142858 0.1875
13 0.9162946428571429 0.3549107142857143 0.16294642857142858 0.17745535714285715
12 0.8225446428571429 0.29017857142857145 0.06696428571428571 0.07700892857142858
13 0.9185267857142857 0.5368303571428571 0.15848214285714285 0.14955357142857142
13 0.7287946428571429 0.3783482142857143 0.21651785714285715 0.19754464285714285
13 0.5591517857142857 0.7756696428571429 0.21651785714285715 0.20647321428571427
13 0.796875 0.06584821428571429 0.17299107142857142 0.13169642857142858
13 0.09151785714285714 0.6785714285714286 0.17745535714285715 0.18973214285714285
13 0.765625 0.5691964285714286 0.1875 0.1875
13 0.14508928571428573 0.8716517857142857 0.21428571428571427 0.23549107142857142
13 0.10602678571428571 0.5089285714285714 0.17745535714285715 0.18526785714285715
13 0.7477678571428571 0.890625 0.21651785714285715 0.21205357142857142
13 0.703125 0.21540178571428573 0.16071428571428573 0.16071428571428573
0 0.4966517857142857 0.5301339285714286 0.39620535714285715 0.35044642857142855
13 0.5033482142857143 0.109375 0.22098214285714285 0.21205357142857142