15 0.4029017857142857 0.34933035714285715 0.11272321428571429 0.07700892857142858
17 0.15401785714285715 0.3404017857142857 0.11272321428571429 0.07700892857142858
17 0.29799107142857145 0.15513392857142858 0.11272321428571429 0.07700892857142858
17 0.125 0.8292410714285714 0.11272321428571429 0.07700892857142858
17 0.8493303571428571 0.28125 0.11272321428571429 0.07700892857142858
17 0.8236607142857143 0.453125 0.11272321428571429 0.07700892857142858
17 0.7209821428571429 0.484375 0.11272321428571429 0.07700892857142858
17 0.9084821428571429 0.22209821428571427 0.11272321428571429 0.07700892857142858
17 0.7611607142857143 0.90625 0.11272321428571429 0.07700892857142858
16 0.36607142857142855 0.7790178571428571 0.09375 0.07700892857142858
16 0.296875 0.7232142857142857 0.11272321428571429 0.07700892857142858
13 0.90625 0.6037946428571429 0.11272321428571429 0.07700892857142858
13 0.9408482142857143 0.37611607142857145 0.11272321428571429 0.07700892857142858
13 0.7979910714285714 0.8225446428571429 0.11272321428571429 0.07924107142857142
13 0.09598214285714286 0.6049107142857143 0.11272321428571429 0.07700892857142858
13 0.5345982142857143 0.5145089285714286 0.11272321428571429 0.07700892857142858
13 0.6283482142857143 0.4185267857142857 0.11272321428571429 0.07254464285714286
13 0.6930803571428571 0.34375 0.11272321428571429 0.07700892857142858