2 0.8816964285714286 0.3560267857142857 0.11272321428571429 0.07700892857142858
2 0.8716517857142857 0.4888392857142857 0.11272321428571429 0.07700892857142858
2 0.8560267857142857 0.2611607142857143 0.11272321428571429 0.07700892857142858
2 0.8727678571428571 0.6595982142857143 0.11272321428571429 0.07924107142857142
2 0.8415178571428571 0.9185267857142857 0.09151785714285714 0.06696428571428571
2 0.8125 0.33035714285714285 0.11272321428571429 0.07700892857142858
2 0.7935267857142857 0.609375 0.11272321428571429 0.07700892857142858
2 0.7845982142857143 0.18861607142857142 0.11272321428571429 0.07700892857142858
2 0.8125 0.49776785714285715 0.11272321428571429 0.07700892857142858
2 0.7354910714285714 0.35044642857142855 0.11272321428571429 0.07700892857142858
2 0.7131696428571429 0.25558035714285715 0.11272321428571429 0.07700892857142858
2 0.6908482142857143 0.4955357142857143 0.11272321428571429 0.07700892857142858
2 0.6986607142857143 0.6104910714285714 0.11272321428571429 0.07700892857142858
2 0.6707589285714286 0.39174107142857145 0.11272321428571429 0.07700892857142858
2 0.7377232142857143 0.8292410714285714 0.10602678571428571 0.07924107142857142
2 0.6875 0.18861607142857142 0.11272321428571429 0.07700892857142858
2 0.6350446428571429 0.9196428571428571 0.08147321428571429 0.06696428571428571
2 0.6138392857142857 0.5055803571428571 0.11272321428571429 0.07700892857142858
2 0.6138392857142857 0.2845982142857143 0.11272321428571429 0.07700892857142858
2 0.5993303571428571 0.6808035714285714 0.11272321428571429 0.07700892857142858
2 0.5881696428571429 0.5982142857142857 0.11272321428571429 0.07700892857142858
2 0.5747767857142857 0.45200892857142855 0.11272321428571429 0.07700892857142858
2 0.5479910714285714 0.9375 0.11272321428571429 0.07700892857142858
2 0.5145089285714286 0.21875 0.11272321428571429 0.07700892857142858
2 0.5189732142857143 0.734375 0.11272321428571429 0.07700892857142858
2 0.43973214285714285 0.9375 0.11272321428571429 0.07700892857142858
2 0.38058035714285715 0.7444196428571429 0.11272321428571429 0.07700892857142858
2 0.35267857142857145 0.22321428571428573 0.11272321428571429 0.07700892857142858
2 0.34375 0.6049107142857143 0.11272321428571429 0.08705357142857142
2 0.3247767857142857 0.046875 0.11272321428571429 0.07700892857142858
2 0.29799107142857145 0.7566964285714286 0.11272321428571429 0.07700892857142858
2 0.22209821428571427 0.21875 0.11272321428571429 0.07700892857142858
2 0.24107142857142858 0.4810267857142857 0.11272321428571429 0.07700892857142858
2 0.18973214285714285 0.7712053571428571 0.11272321428571429 0.07924107142857142
2 0.17522321428571427 0.875 0.14397321428571427 0.09598214285714286
2 0.14732142857142858 0.453125 0.11272321428571429 0.07700892857142858
2 0.12834821428571427 0.9508928571428571 0.12053571428571429 0.08705357142857142
2 0.14174107142857142 0.18191964285714285 0.11272321428571429 0.07700892857142858
2 0.09375 0.6674107142857143 0.11272321428571429 0.07700892857142858
2 0.10491071428571429 0.7399553571428571 0.11272321428571429 0.07700892857142858
2 0.08482142857142858 0.15178571428571427 0.11272321428571429 0.07700892857142858
2 0.7790178571428571 0.4810267857142857 0.11830357142857142 0.08705357142857142
2 0.6785714285714286 0.8683035714285714 0.12053571428571429 0.08928571428571429
12 0.4029017857142857 0.8939732142857143 0.04352678571428571 0.024553571428571428
12 0.5401785714285714 0.13504464285714285 0.03794642857142857 0.029017857142857144
12 0.4408482142857143 0.22879464285714285 0.052455357142857144 0.029017857142857144
1 0.13727678571428573 0.5111607142857143 0.10602678571428571 0.08147321428571429
14 0.34375 0.9709821428571429 0.08705357142857142 0.05803571428571429