14 0.6919642857142857 0.8537946428571429 0.0625 0.09151785714285714
14 0.6662946428571429 0.32254464285714285 0.052455357142857144 0.06696428571428571
1 0.7276785714285714 0.7064732142857143 0.06696428571428571 0.09151785714285714
1 0.7198660714285714 0.5870535714285714 0.07254464285714286 0.09375
1 0.6272321428571429 0.8761160714285714 0.07254464285714286 0.09598214285714286
1 0.6417410714285714 0.9553571428571429 0.05803571428571429 0.07700892857142858
1 0.8337053571428571 0.16964285714285715 0.0625 0.08705357142857142
1 0.75 0.08928571428571429 0.06696428571428571 0.09375
1 0.3080357142857143 0.30245535714285715 0.07700892857142858 0.08705357142857142
1 0.2767857142857143 0.8102678571428571 0.06919642857142858 0.08370535714285714
1 0.6339285714285714 0.7310267857142857 0.0625 0.08147321428571429
1 0.8928571428571429 0.5691964285714286 0.06696428571428571 0.08928571428571429
12 0.9620535714285714 0.13169642857142858 0.018973214285714284 0.024553571428571428
12 0.8683035714285714 0.10267857142857142 0.033482142857142856 0.04799107142857143
12 0.6060267857142857 0.025669642857142856 0.033482142857142856 0.04575892857142857
12 0.46651785714285715 0.3392857142857143 0.029017857142857144 0.03794642857142857
12 0.5044642857142857 0.40625 0.024553571428571428 0.04352678571428571
12 0.3560267857142857 0.27455357142857145 0.03125 0.03794642857142857
12 0.21986607142857142 0.32142857142857145 0.033482142857142856 0.04799107142857143
12 0.2533482142857143 0.24107142857142858 0.029017857142857144 0.041294642857142856
12 0.17745535714285715 0.09375 0.03794642857142857 0.03794642857142857
12 0.24553571428571427 0.13504464285714285 0.029017857142857144 0.03794642857142857
12 0.036830357142857144 0.14508928571428573 0.033482142857142856 0.03794642857142857
12 0.07924107142857142 0.24441964285714285 0.029017857142857144 0.03794642857142857
12 0.04352678571428571 0.3091517857142857 0.04575892857142857 0.05022321428571429
12 0.37723214285714285 0.5435267857142857 0.03125 0.03571428571428571
12 0.39285714285714285 0.5725446428571429 0.029017857142857144 0.03794642857142857
12 0.3705357142857143 0.859375 0.029017857142857144 0.033482142857142856
12 0.34263392857142855 0.9408482142857143 0.029017857142857144 0.03571428571428571
12 0.20982142857142858 0.8426339285714286 0.03571428571428571 0.04575892857142857
12 0.17745535714285715 0.8214285714285714 0.033482142857142856 0.03794642857142857
12 0.15290178571428573 0.9888392857142857 0.029017857142857144 0.018973214285714284
12 0.9341517857142857 0.5345982142857143 0.033482142857142856 0.03794642857142857
7 0.7522321428571429 0.43861607142857145 0.08705357142857142 0.11272321428571429