12 0.03236607142857143 0.9832589285714286 0.0625 0.033482142857142856
13 0.9542410714285714 0.11495535714285714 0.07366071428571429 0.22991071428571427
13 0.9486607142857143 0.32254464285714285 0.09821428571428571 0.24776785714285715
13 0.5055803571428571 0.9854910714285714 0.21428571428571427 0.029017857142857144
12 0.014508928571428572 0.8024553571428571 0.029017857142857144 0.09151785714285714
13 0.8448660714285714 0.9821428571428571 0.23325892857142858 0.03571428571428571
13 0.8136160714285714 0.03571428571428571 0.31026785714285715 0.07142857142857142
13 0.14397321428571427 0.05803571428571429 0.27901785714285715 0.11495535714285714
13 0.6462053571428571 0.6674107142857143 0.22879464285714285 0.22544642857142858
13 0.15178571428571427 0.25558035714285715 0.2767857142857143 0.2857142857142857
6 0.5033482142857143 0.4966517857142857 0.26004464285714285 0.30245535714285715
13 0.3482142857142857 0.8861607142857143 0.22544642857142858 0.22321428571428573
12 0.030133928571428572 0.6607142857142857 0.060267857142857144 0.08705357142857142
13 0.49888392857142855 0.109375 0.24330357142857142 0.21205357142857142
13 0.13392857142857142 0.8738839285714286 0.25 0.22544642857142858
13 0.8850446428571429 0.5848214285714286 0.22544642857142858 0.19754464285714285