13 0.2689732142857143 0.03794642857142857 0.30580357142857145 0.07589285714285714
13 0.3091517857142857 0.9787946428571429 0.30580357142857145 0.03794642857142857
13 0.3638392857142857 0.13839285714285715 0.32924107142857145 0.27120535714285715
13 0.9084821428571429 0.9520089285714286 0.17745535714285715 0.09598214285714286
13 0.8638392857142857 0.16294642857142858 0.2622767857142857 0.29129464285714285
13 0.7198660714285714 0.7667410714285714 0.26004464285714285 0.25223214285714285
13 0.9040178571428571 0.6160714285714286 0.1875 0.26450892857142855
0 0.5245535714285714 0.5401785714285714 0.4252232142857143 0.3794642857142857
13 0.7912946428571429 0.5122767857142857 0.1875 0.23549107142857142
13 0.109375 0.24107142857142858 0.21428571428571427 0.23549107142857142
13 0.6372767857142857 0.12053571428571429 0.24776785714285715 0.22879464285714285