7 0.5736607142857143 0.9419642857142857 0.08370535714285714 0.11495535714285714
17 0.35825892857142855 0.65625 0.07924107142857142 0.11272321428571429
17 0.29575892857142855 0.32589285714285715 0.07924107142857142 0.11049107142857142
17 0.46986607142857145 0.25558035714285715 0.08705357142857142 0.11272321428571429
17 0.7321428571428571 0.46986607142857145 0.08370535714285714 0.11272321428571429
17 0.7544642857142857 0.5792410714285714 0.09598214285714286 0.10602678571428571
17 0.9609375 0.1328125 0.078125 0.11830357142857142
7 0.8214285714285714 0.3325892857142857 0.08705357142857142 0.12723214285714285
13 0.05133928571428571 0.7566964285714286 0.07924107142857142 0.11272321428571429
12 0.14732142857142858 0.7622767857142857 0.018973214285714284 0.03571428571428571
12 0.47433035714285715 0.3638392857142857 0.021205357142857144 0.03571428571428571
12 0.5089285714285714 0.5837053571428571 0.021205357142857144 0.029017857142857144
18 0.19196428571428573 0.6316964285714286 0.08370535714285714 0.09821428571428571
7 0.8024553571428571 0.7745535714285714 0.08147321428571429 0.11830357142857142
13 0.4017857142857143 0.18973214285714285 0.08370535714285714 0.10825892857142858