13 0.9263392857142857 0.19642857142857142 0.07700892857142858 0.11272321428571429
13 0.9375 0.3125 0.07700892857142858 0.11272321428571429
13 0.8683035714285714 0.3158482142857143 0.07700892857142858 0.11272321428571429
13 0.8549107142857143 0.20424107142857142 0.07700892857142858 0.11272321428571429
13 0.7924107142857143 0.15848214285714285 0.07700892857142858 0.11272321428571429
13 0.8024553571428571 0.060267857142857144 0.07700892857142858 0.11272321428571429
13 0.734375 0.049107142857142856 0.07700892857142858 0.09598214285714286
13 0.6395089285714286 0.07924107142857142 0.07700892857142858 0.11272321428571429
13 0.5926339285714286 0.08258928571428571 0.07700892857142858 0.11272321428571429
13 0.5200892857142857 0.10267857142857142 0.07700892857142858 0.11272321428571429
13 0.5122767857142857 0.29017857142857145 0.07700892857142858 0.11272321428571429
13 0.4375 0.31808035714285715 0.07700892857142858 0.11272321428571429
13 0.4888392857142857 0.36049107142857145 0.07700892857142858 0.11272321428571429
13 0.42299107142857145 0.06473214285714286 0.07700892857142858 0.11272321428571429
13 0.109375 0.09709821428571429 0.07700892857142858 0.11272321428571429
13 0.7131696428571429 0.5747767857142857 0.07700892857142858 0.11272321428571429
13 0.6238839285714286 0.6852678571428571 0.07700892857142858 0.11272321428571429
13 0.5613839285714286 0.7589285714285714 0.07700892857142858 0.11272321428571429
13 0.5055803571428571 0.6930803571428571 0.07700892857142858 0.11272321428571429
13 0.4408482142857143 0.6685267857142857 0.07700892857142858 0.11272321428571429
13 0.39174107142857145 0.7377232142857143 0.07700892857142858 0.11272321428571429
13 0.34933035714285715 0.8002232142857143 0.07700892857142858 0.11272321428571429
13 0.27455357142857145 0.8415178571428571 0.07700892857142858 0.11272321428571429
13 0.22991071428571427 0.7979910714285714 0.07700892857142858 0.11272321428571429
13 0.19196428571428573 0.6082589285714286 0.07700892857142858 0.11272321428571429
13 0.18303571428571427 0.49441964285714285 0.07700892857142858 0.11272321428571429
13 0.16741071428571427 0.13058035714285715 0.07700892857142858 0.11272321428571429
13 0.23995535714285715 0.12165178571428571 0.07700892857142858 0.11272321428571429
13 0.2700892857142857 0.17633928571428573 0.07700892857142858 0.11272321428571429
13 0.3627232142857143 0.31473214285714285 0.07700892857142858 0.11272321428571429
13 0.3325892857142857 0.4029017857142857 0.07700892857142858 0.11272321428571429
13 0.25669642857142855 0.3404017857142857 0.07700892857142858 0.11272321428571429
13 0.4375 0.4341517857142857 0.07700892857142858 0.11272321428571429
13 0.5658482142857143 0.4185267857142857 0.07700892857142858 0.11272321428571429
13 0.5379464285714286 0.5915178571428571 0.07700892857142858 0.11272321428571429
13 0.5669642857142857 0.6439732142857143 0.07700892857142858 0.11272321428571429
13 0.7488839285714286 0.8627232142857143 0.07700892857142858 0.11272321428571429
13 0.3169642857142857 0.9185267857142857 0.07700892857142858 0.11272321428571429
11 0.10044642857142858 0.8381696428571429 0.07700892857142858 0.11272321428571429
13 0.9017857142857143 0.42299107142857145 0.07700892857142858 0.11272321428571429
13 0.8794642857142857 0.8470982142857143 0.07700892857142858 0.11272321428571429
13 0.7857142857142857 0.8035714285714286 0.07700892857142858 0.11272321428571429
13 0.8917410714285714 0.6685267857142857 0.07700892857142858 0.11272321428571429
13 0.7064732142857143 0.6964285714285714 0.07700892857142858 0.11272321428571429
13 0.6506696428571429 0.6138392857142857 0.07700892857142858 0.11272321428571429
13 0.8604910714285714 0.9185267857142857 0.07700892857142858 0.11272321428571429
13 0.3861607142857143 0.6026785714285714 0.07700892857142858 0.11272321428571429
13 0.34933035714285715 0.6584821428571429 0.07700892857142858 0.11272321428571429
13 0.3794642857142857 0.40066964285714285 0.07700892857142858 0.11272321428571429
13 0.2845982142857143 0.05022321428571429 0.07924107142857142 0.10044642857142858
13 0.49888392857142855 0.5200892857142857 0.07700892857142858 0.11272321428571429
13 0.14955357142857142 0.4095982142857143 0.07700892857142858 0.11272321428571429
13 0.22544642857142858 0.2935267857142857 0.07700892857142858 0.11272321428571429
13 0.10825892857142858 0.3158482142857143 0.07700892857142858 0.11272321428571429
13 0.078125 0.43973214285714285 0.07700892857142858 0.11272321428571429
13 0.05915178571428571 0.24107142857142858 0.07700892857142858 0.11272321428571429
13 0.12053571428571429 0.7611607142857143 0.07700892857142858 0.11272321428571429
13 0.24441964285714285 0.6395089285714286 0.07700892857142858 0.11272321428571429
13 0.28125 0.6060267857142857 0.07700892857142858 0.11272321428571429
13 0.42075892857142855 0.9464285714285714 0.078125 0.10714285714285714
13 0.48325892857142855 0.953125 0.07700892857142858 0.09375
13 0.5691964285714286 0.8973214285714286 0.07700892857142858 0.11272321428571429
13 0.47879464285714285 0.8939732142857143 0.07700892857142858 0.11272321428571429
13 0.39955357142857145 0.875 0.07700892857142858 0.11272321428571429
13 0.5747767857142857 0.32700892857142855 0.07700892857142858 0.11272321428571429
13 0.0546875 0.052455357142857144 0.078125 0.10491071428571429
13 0.36049107142857145 0.046875 0.07700892857142858 0.09375
13 0.140625 0.04017857142857143 0.07700892857142858 0.07924107142857142
13 0.03459821428571429 0.5111607142857143 0.06696428571428571 0.11272321428571429
13 0.04799107142857143 0.6372767857142857 0.07700892857142858 0.11272321428571429
13 0.03236607142857143 0.6930803571428571 0.06473214285714286 0.11272321428571429
13 0.07700892857142858 0.9073660714285714 0.07254464285714286 0.09375
13 0.11495535714285714 0.9408482142857143 0.07700892857142858 0.11272321428571429
13 0.15959821428571427 0.9587053571428571 0.07700892857142858 0.08147321428571429
13 0.19308035714285715 0.9508928571428571 0.07700892857142858 0.09598214285714286
13 0.14620535714285715 0.6875 0.07700892857142858 0.11272321428571429
13 0.26004464285714285 0.38950892857142855 0.07700892857142858 0.11272321428571429
13 0.36830357142857145 0.23549107142857142 0.07700892857142858 0.11272321428571429
13 0.36830357142857145 0.15066964285714285 0.07700892857142858 0.11272321428571429
13 0.6662946428571429 0.22209821428571427 0.07700892857142858 0.11272321428571429
13 0.6819196428571429 0.14508928571428573 0.07700892857142858 0.11272321428571429
13 0.49441964285714285 0.19308035714285715 0.07700892857142858 0.11272321428571429
13 0.9564732142857143 0.4341517857142857 0.07700892857142858 0.11272321428571429
13 0.9029017857142857 0.49441964285714285 0.07700892857142858 0.11272321428571429
13 0.9375 0.5736607142857143 0.07700892857142858 0.11272321428571429
13 0.9564732142857143 0.6875 0.07700892857142858 0.11272321428571429
13 0.9375 0.9341517857142857 0.07700892857142858 0.11272321428571429
13 0.9709821428571429 0.8236607142857143 0.05803571428571429 0.11272321428571429
13 0.7946428571428571 0.9542410714285714 0.07924107142857142 0.09151785714285714
13 0.7087053571428571 0.9564732142857143 0.07700892857142858 0.08705357142857142
13 0.7857142857142857 0.47433035714285715 0.07700892857142858 0.11272321428571429
13 0.10825892857142858 0.5814732142857143 0.07700892857142858 0.11272321428571429
11 0.07477678571428571 0.7901785714285714 0.07700892857142858 0.11272321428571429
13 0.8470982142857143 0.6082589285714286 0.07700892857142858 0.11272321428571429
11 0.5435267857142857 0.18415178571428573 0.07700892857142858 0.11272321428571429
13 0.46986607142857145 0.10602678571428571 0.07700892857142858 0.11272321428571429
13 0.036830357142857144 0.31026785714285715 0.07254464285714286 0.11272321428571429
13 0.6339285714285714 0.9620535714285714 0.07589285714285714 0.07589285714285714
13 0.5558035714285714 0.9587053571428571 0.07700892857142858 0.08147321428571429
13 0.025669642857142856 0.9386160714285714 0.05022321428571429 0.11272321428571429
13 0.9709821428571429 0.5814732142857143 0.05803571428571429 0.11272321428571429
13 0.021205357142857144 0.5703125 0.04241071428571429 0.11383928571428571
13 0.026785714285714284 0.11049107142857142 0.052455357142857144 0.11272321428571429
13 0.9676339285714286 0.11049107142857142 0.0625 0.11272321428571429
13 0.9441964285714286 0.033482142857142856 0.07700892857142858 0.06696428571428571
13 0.8604910714285714 0.04017857142857143 0.07700892857142858 0.07924107142857142
13 0.5256696428571429 0.036830357142857144 0.078125 0.07366071428571429
13 0.6517857142857143 0.5033482142857143 0.07700892857142858 0.11272321428571429
11 0.8392857142857143 0.75 0.07700892857142858 0.11272321428571429
13 0.6506696428571429 0.8549107142857143 0.07700892857142858 0.11272321428571429
13 0.05915178571428571 0.35267857142857145 0.07700892857142858 0.11272321428571429
13 0.24665178571428573 0.9095982142857143 0.07700892857142858 0.11272321428571429
13 0.6808035714285714 0.31026785714285715 0.07700892857142858 0.11272321428571429
13 0.7075892857142857 0.8091517857142857 0.07700892857142858 0.11272321428571429
13 0.5200892857142857 0.8214285714285714 0.07700892857142858 0.11272321428571429
11 0.8895089285714286 0.7388392857142857 0.07700892857142858 0.11272321428571429