13 0.421875 0.7455357142857143 0.23995535714285715 0.20647321428571427
13 0.21540178571428573 0.060267857142857144 0.34375 0.12053571428571429
13 0.07700892857142858 0.7879464285714286 0.15401785714285715 0.2544642857142857
13 0.24330357142857142 0.03571428571428571 0.2767857142857143 0.07142857142857142
13 0.23995535714285715 0.3325892857142857 0.26004464285714285 0.22098214285714285
13 0.546875 0.10714285714285714 0.19977678571428573 0.20424107142857142
13 0.07366071428571429 0.40625 0.14620535714285715 0.22879464285714285
13 0.09151785714285714 0.19866071428571427 0.18303571428571427 0.18973214285714285
6 0.5033482142857143 0.5055803571428571 0.29575892857142855 0.31026785714285715
13 0.34486607142857145 0.21428571428571427 0.23325892857142858 0.20647321428571427
13 0.7087053571428571 0.25669642857142855 0.24776785714285715 0.24553571428571427
13 0.9040178571428571 0.32254464285714285 0.1875 0.23325892857142858
13 0.5703125 0.9006696428571429 0.24330357142857142 0.19866071428571427
13 0.35714285714285715 0.9073660714285714 0.22544642857142858 0.18526785714285715
13 0.8917410714285714 0.109375 0.21651785714285715 0.21205357142857142
13 0.8314732142857143 0.8984375 0.24776785714285715 0.203125