17 0.7868303571428571 0.2611607142857143 0.10602678571428571 0.07477678571428571
17 0.15736607142857142 0.6852678571428571 0.09598214285714286 0.07700892857142858
17 0.36160714285714285 0.21651785714285715 0.10602678571428571 0.07254464285714286
17 0.2611607142857143 0.2857142857142857 0.11272321428571429 0.07700892857142858
17 0.9430803571428571 0.4654017857142857 0.10044642857142858 0.07254464285714286
17 0.7154017857142857 0.30245535714285715 0.10602678571428571 0.07924107142857142
17 0.6450892857142857 0.15513392857142858 0.09151785714285714 0.07254464285714286
17 0.5279017857142857 0.35714285714285715 0.09375 0.07700892857142858
17 0.5803571428571429 0.29799107142857145 0.10602678571428571 0.07254464285714286
17 0.45089285714285715 0.4095982142857143 0.09375 0.06696428571428571
17 0.2935267857142857 0.5100446428571429 0.10044642857142858 0.07700892857142858
8 0.6908482142857143 0.40401785714285715 0.09151785714285714 0.06696428571428571
13 0.16852678571428573 0.3169642857142857 0.11272321428571429 0.07700892857142858