17 0.6863839285714286 0.6607142857142857 0.08705357142857142 0.060267857142857144
1 0.90625 0.6238839285714286 0.08928571428571429 0.06919642857142858
1 0.6696428571428571 0.5848214285714286 0.08147321428571429 0.07700892857142858
1 0.5714285714285714 0.5357142857142857 0.07700892857142858 0.06696428571428571
17 0.5055803571428571 0.6127232142857143 0.07700892857142858 0.0625
1 0.7310267857142857 0.8761160714285714 0.09598214285714286 0.0625
1 0.6662946428571429 0.7254464285714286 0.08147321428571429 0.060267857142857144
1 0.48995535714285715 0.8191964285714286 0.09598214285714286 0.060267857142857144
1 0.17745535714285715 0.6875 0.08928571428571429 0.07477678571428571
1 0.7020089285714286 0.22433035714285715 0.09151785714285714 0.06696428571428571
1 0.3169642857142857 0.17745535714285715 0.07700892857142858 0.06919642857142858
5 0.6227678571428571 0.8348214285714286 0.08705357142857142 0.0625
17 0.41964285714285715 0.8649553571428571 0.08147321428571429 0.07254464285714286
17 0.24665178571428573 0.7845982142857143 0.08370535714285714 0.060267857142857144
1 0.08370535714285714 0.10379464285714286 0.09598214285714286 0.07477678571428571
1 0.6886160714285714 0.33370535714285715 0.08370535714285714 0.06696428571428571
1 0.28013392857142855 0.9598214285714286 0.09151785714285714 0.0625
1 0.140625 0.4095982142857143 0.08370535714285714 0.05803571428571429
1 0.35714285714285715 0.22991071428571427 0.08705357142857142 0.05803571428571429
11 0.6272321428571429 0.7678571428571429 0.09375 0.06473214285714286
15 0.18191964285714285 0.8761160714285714 0.08147321428571429 0.0625
13 0.14732142857142858 0.3392857142857143 0.07924107142857142 0.05580357142857143
13 0.17522321428571427 0.10714285714285714 0.07700892857142858 0.0625
13 0.9162946428571429 0.13839285714285715 0.07700892857142858 0.060267857142857144
11 0.8526785714285714 0.3080357142857143 0.07477678571428571 0.05803571428571429
7 0.8236607142857143 0.6495535714285714 0.10044642857142858 0.07700892857142858
13 0.13616071428571427 0.027901785714285716 0.08928571428571429 0.05580357142857143
13 0.21763392857142858 0.049107142857142856 0.08705357142857142 0.06473214285714286
7 0.10491071428571429 0.2779017857142857 0.09375 0.07254464285714286
13 0.19977678571428573 0.28236607142857145 0.08705357142857142 0.060267857142857144
5 0.22098214285714285 0.18080357142857142 0.10044642857142858 0.07477678571428571
13 0.27455357142857145 0.12388392857142858 0.09598214285714286 0.06696428571428571
5 0.39620535714285715 0.16852678571428573 0.08705357142857142 0.06696428571428571
13 0.14508928571428573 0.48325892857142855 0.08147321428571429 0.0625
13 0.05357142857142857 0.4720982142857143 0.08147321428571429 0.06696428571428571
13 0.04017857142857143 0.5491071428571429 0.07924107142857142 0.06696428571428571
13 0.03125 0.6506696428571429 0.0625 0.06919642857142858
13 0.12723214285714285 0.7511160714285714 0.09151785714285714 0.06696428571428571
13 0.09598214285714286 0.6808035714285714 0.07700892857142858 0.0625
13 0.06361607142857142 0.9229910714285714 0.08705357142857142 0.0625
13 0.10491071428571429 0.9732142857142857 0.08705357142857142 0.052455357142857144
13 0.34151785714285715 0.49776785714285715 0.09151785714285714 0.07254464285714286
13 0.23660714285714285 0.5357142857142857 0.08705357142857142 0.06696428571428571
13 0.39174107142857145 0.37388392857142855 0.11272321428571429 0.07700892857142858
13 0.453125 0.6785714285714286 0.09151785714285714 0.06473214285714286
11 0.42410714285714285 0.5870535714285714 0.08370535714285714 0.06696428571428571
1 0.5691964285714286 0.45982142857142855 0.08370535714285714 0.06696428571428571
11 0.6473214285714286 0.49107142857142855 0.08705357142857142 0.07477678571428571
13 0.6473214285714286 0.12723214285714285 0.09151785714285714 0.0625
13 0.43080357142857145 0.96875 0.08705357142857142 0.0625
13 0.34598214285714285 0.8292410714285714 0.08147321428571429 0.060267857142857144
1 0.41183035714285715 0.7857142857142857 0.09151785714285714 0.06473214285714286
1 0.28236607142857145 0.8950892857142857 0.08147321428571429 0.06696428571428571
1 0.796875 0.5446428571428571 0.08147321428571429 0.05803571428571429
13 0.859375 0.5591517857142857 0.09151785714285714 0.06696428571428571
13 0.7388392857142857 0.7589285714285714 0.08705357142857142 0.06696428571428571
13 0.7935267857142857 0.8102678571428571 0.08147321428571429 0.060267857142857144
13 0.796875 0.35825892857142855 0.09151785714285714 0.06696428571428571
13 0.6205357142857143 0.37723214285714285 0.07924107142857142 0.06696428571428571
13 0.7154017857142857 0.39732142857142855 0.08147321428571429 0.0625
13 0.8303571428571429 0.22544642857142858 0.07700892857142858 0.0625
13 0.6060267857142857 0.22209821428571427 0.08928571428571429 0.06473214285714286