11 0.5926339285714286 0.16183035714285715 0.12946428571428573 0.07924107142857142
11 0.7957589285714286 0.15513392857142858 0.12053571428571429 0.09598214285714286
11 0.9118303571428571 0.12053571428571429 0.11272321428571429 0.07700892857142858
17 0.056919642857142856 0.4174107142857143 0.11272321428571429 0.07700892857142858
17 0.31026785714285715 0.046875 0.11272321428571429 0.07700892857142858
17 0.6674107142857143 0.359375 0.11272321428571429 0.09598214285714286
17 0.6997767857142857 0.7979910714285714 0.11272321428571429 0.07700892857142858
17 0.5658482142857143 0.5491071428571429 0.10044642857142858 0.07700892857142858
17 0.46986607142857145 0.41294642857142855 0.12276785714285714 0.08705357142857142
12 0.78125 0.7622767857142857 0.029017857142857144 0.021205357142857144
12 0.7232142857142857 0.9464285714285714 0.052455357142857144 0.03125
17 0.29017857142857145 0.6004464285714286 0.09151785714285714 0.07924107142857142