13 0.9319196428571429 0.9642857142857143 0.13616071428571427 0.0625
13 0.23214285714285715 0.9799107142857143 0.24776785714285715 0.03571428571428571
13 0.03459821428571429 0.9174107142857143 0.06919642857142858 0.16071428571428573
13 0.7645089285714286 0.8493303571428571 0.23325892857142858 0.19419642857142858
13 0.07924107142857142 0.7165178571428571 0.15848214285714285 0.29575892857142855
13 0.703125 0.033482142857142856 0.21651785714285715 0.06696428571428571
13 0.5613839285714286 0.11495535714285714 0.22098214285714285 0.22544642857142858
13 0.04575892857142857 0.18415178571428573 0.08705357142857142 0.2622767857142857
13 0.5122767857142857 0.8024553571428571 0.25669642857142855 0.21205357142857142
13 0.14174107142857142 0.07142857142857142 0.2544642857142857 0.13504464285714285
13 0.8939732142857143 0.046875 0.19196428571428573 0.09375
13 0.13727678571428573 0.8928571428571429 0.23549107142857142 0.20870535714285715
13 0.33370535714285715 0.22879464285714285 0.23102678571428573 0.19977678571428573
6 0.5100446428571429 0.48549107142857145 0.49776785714285715 0.5
13 0.12834821428571427 0.32924107142857145 0.22544642857142858 0.22544642857142858
13 0.8113839285714286 0.17075892857142858 0.25669642857142855 0.1875