3 0.2767857142857143 0.41183035714285715 0.5167410714285714 0.5580357142857143
13 0.9441964285714286 0.37388392857142855 0.11049107142857142 0.21875
13 0.9564732142857143 0.10267857142857142 0.08705357142857142 0.20424107142857142
13 0.5982142857142857 0.09375 0.08147321428571429 0.1875
13 0.9330357142857143 0.640625 0.09598214285714286 0.11830357142857142
13 0.8270089285714286 0.5770089285714286 0.26004464285714285 0.24553571428571427
6 0.6395089285714286 0.4107142857142857 0.16294642857142858 0.47098214285714285
13 0.8024553571428571 0.38504464285714285 0.2544642857142857 0.21428571428571427
13 0.7232142857142857 0.18861607142857142 0.2935267857142857 0.2622767857142857
9 0.3247767857142857 0.8080357142857143 0.46651785714285715 0.21651785714285715
3 0.7377232142857143 0.8493303571428571 0.36049107142857145 0.3002232142857143