15 0.9520089285714286 0.9241071428571429 0.09375 0.06696428571428571
17 0.9419642857142857 0.7388392857142857 0.11495535714285714 0.08705357142857142
13 0.9196428571428571 0.6383928571428571 0.10044642857142858 0.06919642857142858
13 0.953125 0.5691964285714286 0.09375 0.07700892857142858
13 0.8113839285714286 0.5145089285714286 0.10044642857142858 0.06696428571428571
7 0.7712053571428571 0.5803571428571429 0.11049107142857142 0.07700892857142858
13 0.7979910714285714 0.6595982142857143 0.10044642857142858 0.07477678571428571
17 0.7198660714285714 0.7087053571428571 0.10602678571428571 0.06919642857142858
13 0.75 0.7801339285714286 0.10602678571428571 0.07477678571428571
7 0.6629464285714286 0.5691964285714286 0.11495535714285714 0.08705357142857142
17 0.6082589285714286 0.8247767857142857 0.11495535714285714 0.08928571428571429
15 0.6261160714285714 0.9118303571428571 0.09821428571428571 0.08705357142857142
15 0.5613839285714286 0.9151785714285714 0.11272321428571429 0.07700892857142858
13 0.5100446428571429 0.7667410714285714 0.09151785714285714 0.06696428571428571
7 0.47544642857142855 0.8314732142857143 0.11495535714285714 0.08147321428571429
13 0.39732142857142855 0.7823660714285714 0.11272321428571429 0.07700892857142858
17 0.5223214285714286 0.6729910714285714 0.12053571428571429 0.08147321428571429
17 0.21875 0.5625 0.11049107142857142 0.09151785714285714
17 0.3638392857142857 0.15290178571428573 0.11272321428571429 0.07700892857142858
17 0.19084821428571427 0.07589285714285714 0.11272321428571429 0.08705357142857142
7 0.16517857142857142 0.7243303571428571 0.11272321428571429 0.07700892857142858
13 0.18638392857142858 0.8459821428571429 0.10044642857142858 0.08147321428571429
13 0.27901785714285715 0.9308035714285714 0.11272321428571429 0.07700892857142858
13 0.08816964285714286 0.8270089285714286 0.10379464285714286 0.07700892857142858
13 0.04575892857142857 0.7533482142857143 0.09151785714285714 0.07700892857142858
13 0.12053571428571429 0.9162946428571429 0.11272321428571429 0.07924107142857142
13 0.12834821428571427 0.5133928571428571 0.11272321428571429 0.07700892857142858
13 0.29017857142857145 0.45089285714285715 0.09821428571428571 0.06696428571428571
13 0.42075892857142855 0.46986607142857145 0.11272321428571429 0.07700892857142858
13 0.4799107142857143 0.39174107142857145 0.11272321428571429 0.07700892857142858
13 0.5647321428571429 0.5100446428571429 0.11049107142857142 0.07700892857142858
13 0.4877232142857143 0.5658482142857143 0.10825892857142858 0.07700892857142858
13 0.6986607142857143 0.4732142857142857 0.10379464285714286 0.08705357142857142
7 0.7366071428571429 0.22433035714285715 0.10602678571428571 0.09151785714285714
7 0.8459821428571429 0.23660714285714285 0.11272321428571429 0.07700892857142858
7 0.07589285714285714 0.08482142857142858 0.11495535714285714 0.09151785714285714
11 0.32142857142857145 0.234375 0.11272321428571429 0.06696428571428571
17 0.11160714285714286 0.30580357142857145 0.11049107142857142 0.08705357142857142
7 0.22098214285714285 0.2935267857142857 0.10602678571428571 0.08705357142857142
13 0.16964285714285715 0.18638392857142858 0.09598214285714286 0.07477678571428571
13 0.5033482142857143 0.28236607142857145 0.09821428571428571 0.07700892857142858
13 0.6294642857142857 0.3794642857142857 0.09598214285714286 0.06473214285714286
13 0.6216517857142857 0.28125 0.10044642857142858 0.07700892857142858
13 0.6986607142857143 0.33035714285714285 0.10044642857142858 0.07477678571428571
13 0.9408482142857143 0.24665178571428573 0.11272321428571429 0.07700892857142858
13 0.9520089285714286 0.16629464285714285 0.09598214285714286 0.07700892857142858
13 0.5479910714285714 0.09263392857142858 0.09598214285714286 0.06919642857142858
13 0.6428571428571429 0.07477678571428571 0.09821428571428571 0.07254464285714286
13 0.7075892857142857 0.14174107142857142 0.11272321428571429 0.07700892857142858
13 0.39620535714285715 0.06584821428571429 0.11272321428571429 0.07700892857142858
13 0.2924107142857143 0.03459821428571429 0.11272321428571429 0.06696428571428571