14 0.9720982142857143 0.4375 0.052455357142857144 0.05803571428571429
14 0.9263392857142857 0.5279017857142857 0.11272321428571429 0.07700892857142858
14 0.7667410714285714 0.6283482142857143 0.11272321428571429 0.07700892857142858
11 0.5022321428571429 0.23660714285714285 0.11272321428571429 0.07700892857142858
17 0.13950892857142858 0.27232142857142855 0.09821428571428571 0.07700892857142858
17 0.12276785714285714 0.40625 0.11272321428571429 0.07700892857142858
17 0.19196428571428573 0.4642857142857143 0.11272321428571429 0.07700892857142858
17 0.030133928571428572 0.45200892857142855 0.060267857142857144 0.07700892857142858
17 0.31026785714285715 0.8069196428571429 0.11272321428571429 0.07700892857142858
17 0.38392857142857145 0.7020089285714286 0.11272321428571429 0.07700892857142858
16 0.5959821428571429 0.9185267857142857 0.11272321428571429 0.07700892857142858
17 0.5915178571428571 0.5636160714285714 0.11272321428571429 0.07700892857142858
17 0.36495535714285715 0.4375 0.11272321428571429 0.07700892857142858
17 0.8939732142857143 0.41629464285714285 0.11272321428571429 0.07700892857142858
17 0.953125 0.6216517857142857 0.09151785714285714 0.07700892857142858
15 0.3325892857142857 0.6417410714285714 0.11272321428571429 0.07700892857142858
13 0.08147321428571429 0.625 0.11272321428571429 0.07700892857142858
13 0.19308035714285715 0.5691964285714286 0.11272321428571429 0.07700892857142858
13 0.23102678571428573 0.8270089285714286 0.10044642857142858 0.06696428571428571
13 0.21540178571428573 0.9363839285714286 0.11272321428571429 0.07700892857142858
13 0.6272321428571429 0.7924107142857143 0.11272321428571429 0.07700892857142858
13 0.6685267857142857 0.6930803571428571 0.11272321428571429 0.07700892857142858
13 0.7053571428571429 0.9486607142857143 0.11272321428571429 0.07700892857142858
13 0.3638392857142857 0.18861607142857142 0.11272321428571429 0.07700892857142858
13 0.6819196428571429 0.16071428571428573 0.11272321428571429 0.07700892857142858
11 0.7667410714285714 0.26339285714285715 0.11272321428571429 0.07700892857142858
13 0.8716517857142857 0.20870535714285715 0.11272321428571429 0.07700892857142858
13 0.8459821428571429 0.07366071428571429 0.11272321428571429 0.07700892857142858
13 0.056919642857142856 0.7801339285714286 0.11272321428571429 0.07700892857142858
11 0.0625 0.7020089285714286 0.11272321428571429 0.07700892857142858
15 0.10267857142857142 0.9162946428571429 0.11272321428571429 0.07924107142857142
15 0.5904017857142857 0.39620535714285715 0.11272321428571429 0.07700892857142858
15 0.8381696428571429 0.796875 0.11272321428571429 0.07700892857142858
13 0.4497767857142857 0.5055803571428571 0.11272321428571429 0.07700892857142858
13 0.8783482142857143 0.6584821428571429 0.11272321428571429 0.07924107142857142