18 0.7879464285714286 0.703125 0.07254464285714286 0.09598214285714286
18 0.36830357142857145 0.8482142857142857 0.06696428571428571 0.08705357142857142
18 0.18526785714285715 0.5558035714285714 0.08147321428571429 0.08705357142857142
14 0.45535714285714285 0.09151785714285714 0.05803571428571429 0.08705357142857142
14 0.4966517857142857 0.20758928571428573 0.052455357142857144 0.07700892857142858
14 0.34486607142857145 0.7924107142857143 0.05803571428571429 0.07477678571428571
14 0.5803571428571429 0.875 0.04799107142857143 0.06696428571428571
14 0.7678571428571429 0.12611607142857142 0.060267857142857144 0.08147321428571429
14 0.6696428571428571 0.036830357142857144 0.07589285714285714 0.07366071428571429
17 0.7645089285714286 0.45535714285714285 0.07700892857142858 0.11272321428571429
17 0.41629464285714285 0.24776785714285715 0.07700892857142858 0.11272321428571429
17 0.7991071428571429 0.3158482142857143 0.07700892857142858 0.11272321428571429
17 0.8236607142857143 0.6227678571428571 0.07700892857142858 0.11272321428571429
17 0.9207589285714286 0.17410714285714285 0.07700892857142858 0.11272321428571429
11 0.18415178571428573 0.4341517857142857 0.07700892857142858 0.11272321428571429
11 0.29910714285714285 0.9162946428571429 0.06919642857142858 0.09375
17 0.43638392857142855 0.7332589285714286 0.07700892857142858 0.11272321428571429
7 0.6607142857142857 0.8158482142857143 0.07700892857142858 0.11272321428571429
5 0.9040178571428571 0.7321428571428571 0.07700892857142858 0.11272321428571429
11 0.5970982142857143 0.15290178571428573 0.07700892857142858 0.11272321428571429
14 0.33816964285714285 0.29799107142857145 0.04799107142857143 0.07924107142857142
16 0.23549107142857142 0.3158482142857143 0.07700892857142858 0.11272321428571429
11 0.05133928571428571 0.10267857142857142 0.06696428571428571 0.09598214285714286
5 0.5680803571428571 0.4564732142857143 0.07700892857142858 0.11272321428571429
17 0.6763392857142857 0.46205357142857145 0.07700892857142858 0.11272321428571429
5 0.7287946428571429 0.9151785714285714 0.07700892857142858 0.11272321428571429
12 0.859375 0.9330357142857143 0.029017857142857144 0.04352678571428571
12 0.36160714285714285 0.6149553571428571 0.024553571428571428 0.03571428571428571
12 0.48214285714285715 0.060267857142857144 0.033482142857142856 0.033482142857142856