16 0.19419642857142858 0.20982142857142858 0.09598214285714286 0.06919642857142858
16 0.22767857142857142 0.056919642857142856 0.08705357142857142 0.06919642857142858
16 0.036830357142857144 0.40066964285714285 0.07366071428571429 0.078125
16 0.23325892857142858 0.41183035714285715 0.08928571428571429 0.06919642857142858
16 0.2935267857142857 0.484375 0.09598214285714286 0.06919642857142858
16 0.38839285714285715 0.32700892857142855 0.09598214285714286 0.07254464285714286
16 0.29799107142857145 0.19977678571428573 0.09598214285714286 0.07254464285714286
16 0.4966517857142857 0.05915178571428571 0.08147321428571429 0.07924107142857142
16 0.6261160714285714 0.11495535714285714 0.09598214285714286 0.07254464285714286
16 0.6316964285714286 0.04017857142857143 0.09598214285714286 0.06919642857142858
16 0.5591517857142857 0.23772321428571427 0.11272321428571429 0.07700892857142858
16 0.7276785714285714 0.22767857142857142 0.08705357142857142 0.06473214285714286
16 0.8069196428571429 0.16517857142857142 0.08370535714285714 0.0625
16 0.8727678571428571 0.21428571428571427 0.09821428571428571 0.06696428571428571
16 0.8080357142857143 0.05133928571428571 0.10044642857142858 0.06919642857142858
16 0.9508928571428571 0.14955357142857142 0.08147321428571429 0.0625
16 0.21651785714285715 0.7756696428571429 0.09598214285714286 0.07254464285714286
16 0.11941964285714286 0.8582589285714286 0.09151785714285714 0.07924107142857142
16 0.24441964285714285 0.9587053571428571 0.10044642857142858 0.07477678571428571
16 0.9017857142857143 0.9084821428571429 0.08705357142857142 0.06473214285714286
16 0.7979910714285714 0.7924107142857143 0.11272321428571429 0.07924107142857142
16 0.6540178571428571 0.8024553571428571 0.09598214285714286 0.07477678571428571
16 0.6729910714285714 0.9620535714285714 0.09375 0.06919642857142858
16 0.4720982142857143 0.6551339285714286 0.09598214285714286 0.06919642857142858
16 0.39620535714285715 0.8883928571428571 0.09598214285714286 0.06919642857142858
16 0.036830357142857144 0.8939732142857143 0.07366071428571429 0.06919642857142858
16 0.42745535714285715 0.42857142857142855 0.09151785714285714 0.07254464285714286
16 0.28125 0.11495535714285714 0.09821428571428571 0.06696428571428571
13 0.6819196428571429 0.4810267857142857 0.08705357142857142 0.06919642857142858
13 0.7779017857142857 0.5066964285714286 0.09375 0.06696428571428571
13 0.5401785714285714 0.35379464285714285 0.09598214285714286 0.07254464285714286
12 0.03571428571428571 0.23995535714285715 0.029017857142857144 0.018973214285714284