15 0.6763392857142857 0.5122767857142857 0.11272321428571429 0.07700892857142858
15 0.7622767857142857 0.48325892857142855 0.11272321428571429 0.07700892857142858
15 0.8381696428571429 0.34933035714285715 0.11272321428571429 0.07700892857142858
15 0.8180803571428571 0.26674107142857145 0.11272321428571429 0.07700892857142858
15 0.8638392857142857 0.07924107142857142 0.11272321428571429 0.07700892857142858
15 0.7042410714285714 0.12946428571428573 0.11272321428571429 0.07700892857142858
15 0.6651785714285714 0.06696428571428571 0.11272321428571429 0.07700892857142858
15 0.3125 0.25892857142857145 0.08705357142857142 0.0625
15 0.34598214285714285 0.31808035714285715 0.11272321428571429 0.07700892857142858
15 0.11383928571428571 0.8247767857142857 0.11272321428571429 0.07924107142857142
15 0.25223214285714285 0.71875 0.11272321428571429 0.07700892857142858
15 0.5044642857142857 0.6674107142857143 0.09375 0.0625
15 0.5167410714285714 0.6294642857142857 0.11272321428571429 0.07700892857142858
15 0.6584821428571429 0.359375 0.11272321428571429 0.07700892857142858
15 0.13950892857142858 0.5412946428571429 0.11272321428571429 0.07700892857142858
15 0.24776785714285715 0.23325892857142858 0.11272321428571429 0.07700892857142858
15 0.34263392857142855 0.10267857142857142 0.08370535714285714 0.0625
15 0.4799107142857143 0.3091517857142857 0.11272321428571429 0.07700892857142858
15 0.5223214285714286 0.8537946428571429 0.11272321428571429 0.07700892857142858
15 0.10267857142857142 0.28013392857142855 0.11272321428571429 0.07700892857142858
13 0.20200892857142858 0.06138392857142857 0.11272321428571429 0.07700892857142858
8 0.12611607142857142 0.022321428571428572 0.11383928571428571 0.044642857142857144
15 0.056919642857142856 0.12053571428571429 0.11272321428571429 0.07700892857142858
13 0.8325892857142857 0.20424107142857142 0.11272321428571429 0.07700892857142858
13 0.7276785714285714 0.22209821428571427 0.11272321428571429 0.07700892857142858
15 0.8292410714285714 0.13504464285714285 0.11272321428571429 0.07700892857142858
8 0.59375 0.05915178571428571 0.09375 0.06696428571428571
15 0.41517857142857145 0.13504464285714285 0.08928571428571429 0.0625
15 0.45982142857142855 0.36495535714285715 0.08928571428571429 0.0625
13 0.8772321428571429 0.38950892857142855 0.11272321428571429 0.07700892857142858
15 0.6194196428571429 0.26674107142857145 0.11272321428571429 0.07700892857142858
13 0.29017857142857145 0.6104910714285714 0.11272321428571429 0.07700892857142858
13 0.3247767857142857 0.7745535714285714 0.11272321428571429 0.07700892857142858
13 0.2924107142857143 0.8470982142857143 0.11272321428571429 0.07700892857142858
13 0.20647321428571427 0.7566964285714286 0.11272321428571429 0.07924107142857142
15 0.07924107142857142 0.9229910714285714 0.11272321428571429 0.07924107142857142
15 0.13616071428571427 0.7611607142857143 0.11272321428571429 0.07700892857142858
13 0.06696428571428571 0.4955357142857143 0.11272321428571429 0.07700892857142858
15 0.6852678571428571 0.6729910714285714 0.11272321428571429 0.07700892857142858
13 0.6272321428571429 0.734375 0.11272321428571429 0.07700892857142858
13 0.6595982142857143 0.8158482142857143 0.11272321428571429 0.07924107142857142
15 0.609375 0.6305803571428571 0.11272321428571429 0.07700892857142858
15 0.8404017857142857 0.5970982142857143 0.11272321428571429 0.07700892857142858
15 0.9207589285714286 0.6227678571428571 0.08928571428571429 0.07700892857142858
15 0.8236607142857143 0.515625 0.11272321428571429 0.07700892857142858
15 0.7466517857142857 0.8404017857142857 0.11272321428571429 0.07924107142857142
15 0.36941964285714285 0.9363839285714286 0.11272321428571429 0.07924107142857142
15 0.4575892857142857 0.9486607142857143 0.11272321428571429 0.07700892857142858
15 0.5279017857142857 0.9609375 0.11383928571428571 0.078125
15 0.42857142857142855 0.9743303571428571 0.11272321428571429 0.05022321428571429
13 0.5658482142857143 0.9207589285714286 0.11272321428571429 0.07700892857142858
13 0.7723214285714286 0.8995535714285714 0.11272321428571429 0.07700892857142858
15 0.9006696428571429 0.7633928571428571 0.11272321428571429 0.07700892857142858