13 0.0625 0.9397321428571429 0.125 0.12053571428571429
13 0.6897321428571429 0.020089285714285716 0.21428571428571427 0.04017857142857143
13 0.9475446428571429 0.9241071428571429 0.10044642857142858 0.15178571428571427
13 0.4966517857142857 0.7466517857142857 0.24776785714285715 0.19196428571428573
13 0.2767857142857143 0.7444196428571429 0.22544642857142858 0.19196428571428573
13 0.7522321428571429 0.8995535714285714 0.26785714285714285 0.20089285714285715
13 0.125 0.8549107142857143 0.22321428571428573 0.22098214285714285
13 0.7868303571428571 0.7566964285714286 0.23102678571428573 0.22098214285714285
13 0.25558035714285715 0.5502232142857143 0.19977678571428573 0.22544642857142858
13 0.28794642857142855 0.9285714285714286 0.25 0.14174107142857142
9 0.5 0.4966517857142857 0.38504464285714285 0.375
13 0.09040178571428571 0.6595982142857143 0.18080357142857142 0.21205357142857142
13 0.3470982142857143 0.28236607142857145 0.19977678571428573 0.19754464285714285