7 0.5457589285714286 0.953125 0.125 0.09151785714285714
7 0.37276785714285715 0.6830357142857143 0.11495535714285714 0.09598214285714286
7 0.5580357142857143 0.7645089285714286 0.11495535714285714 0.09151785714285714
7 0.6863839285714286 0.31919642857142855 0.12723214285714285 0.09151785714285714
17 0.6462053571428571 0.21205357142857142 0.11049107142857142 0.09821428571428571
17 0.6104910714285714 0.6450892857142857 0.10825892857142858 0.07700892857142858
7 0.7779017857142857 0.7678571428571429 0.11272321428571429 0.09375
17 0.9508928571428571 0.6752232142857143 0.09598214285714286 0.07700892857142858
17 0.6908482142857143 0.7042410714285714 0.12053571428571429 0.09151785714285714
17 0.9029017857142857 0.9319196428571429 0.11272321428571429 0.09821428571428571
17 0.15736607142857142 0.13504464285714285 0.11049107142857142 0.08147321428571429
17 0.42745535714285715 0.9029017857142857 0.12276785714285714 0.09151785714285714
17 0.15736607142857142 0.9776785714285714 0.11383928571428571 0.044642857142857144
17 0.8482142857142857 0.26785714285714285 0.10602678571428571 0.07254464285714286
18 0.53125 0.4408482142857143 0.10825892857142858 0.09151785714285714
16 0.15066964285714285 0.22098214285714285 0.11495535714285714 0.09151785714285714
12 0.22544642857142858 0.5926339285714286 0.03794642857142857 0.03571428571428571
12 0.04799107142857143 0.7879464285714286 0.03794642857142857 0.033482142857142856
13 0.7098214285714286 0.5 0.12053571428571429 0.09151785714285714
13 0.8660714285714286 0.5100446428571429 0.10602678571428571 0.07700892857142858
13 0.3314732142857143 0.06473214285714286 0.12276785714285714 0.08705357142857142
13 0.13504464285714285 0.6227678571428571 0.11049107142857142 0.08147321428571429
13 0.21540178571428573 0.8917410714285714 0.10602678571428571 0.08705357142857142
13 0.328125 0.9587053571428571 0.10044642857142858 0.08147321428571429
13 0.8314732142857143 0.6830357142857143 0.11495535714285714 0.08705357142857142
13 0.7991071428571429 0.9508928571428571 0.11495535714285714 0.08705357142857142
13 0.24776785714285715 0.5055803571428571 0.11495535714285714 0.08705357142857142