14 0.13839285714285715 0.3872767857142857 0.09598214285714286 0.05580357142857143
18 0.4252232142857143 0.5301339285714286 0.13727678571428573 0.07700892857142858
17 0.8314732142857143 0.6886160714285714 0.11495535714285714 0.08705357142857142
17 0.4107142857142857 0.9274553571428571 0.10602678571428571 0.08705357142857142
17 0.10267857142857142 0.06584821428571429 0.11495535714285714 0.08928571428571429
7 0.23772321428571427 0.5848214285714286 0.12053571428571429 0.09151785714285714
7 0.20647321428571427 0.43191964285714285 0.11272321428571429 0.07700892857142858
7 0.6841517857142857 0.6205357142857143 0.11272321428571429 0.07700892857142858
7 0.4408482142857143 0.19754464285714285 0.11272321428571429 0.07700892857142858
16 0.10602678571428571 0.49330357142857145 0.11272321428571429 0.08147321428571429
17 0.05022321428571429 0.7388392857142857 0.10044642857142858 0.08928571428571429
17 0.7142857142857143 0.18973214285714285 0.10602678571428571 0.08147321428571429