13 0.16294642857142858 0.25111607142857145 0.07924107142857142 0.11272321428571429
17 0.08705357142857142 0.5904017857142857 0.07924107142857142 0.11272321428571429
17 0.3627232142857143 0.4408482142857143 0.07924107142857142 0.11272321428571429
17 0.36049107142857145 0.33482142857142855 0.07924107142857142 0.11272321428571429
17 0.5100446428571429 0.21316964285714285 0.07924107142857142 0.11272321428571429
17 0.14174107142857142 0.15848214285714285 0.07924107142857142 0.10044642857142858
17 0.13392857142857142 0.036830357142857144 0.08035714285714286 0.07366071428571429
17 0.5970982142857143 0.48325892857142855 0.07700892857142858 0.11272321428571429
17 0.078125 0.7377232142857143 0.07924107142857142 0.11272321428571429
17 0.8292410714285714 0.8448660714285714 0.07924107142857142 0.11272321428571429
17 0.9129464285714286 0.07477678571428571 0.07924107142857142 0.11272321428571429