9 0.3203125 0.17857142857142858 0.37723214285714285 0.35714285714285715
9 0.6897321428571429 0.17857142857142858 0.36160714285714285 0.35714285714285715
13 0.20089285714285715 0.9854910714285714 0.25669642857142855 0.029017857142857144
13 0.359375 0.5178571428571429 0.3002232142857143 0.31919642857142855
13 0.09151785714285714 0.890625 0.18303571428571427 0.21875
6 0.14285714285714285 0.5870535714285714 0.2857142857142857 0.40401785714285715
13 0.4095982142857143 0.9821428571428571 0.19977678571428573 0.03571428571428571
13 0.14620535714285715 0.39285714285714285 0.2924107142857143 0.07142857142857142
13 0.22321428571428573 0.8381696428571429 0.25 0.23995535714285715
13 0.40625 0.3950892857142857 0.20647321428571427 0.07477678571428571
0 0.6540178571428571 0.7444196428571429 0.29017857142857145 0.5111607142857143