13 0.359375 0.013392857142857142 0.27120535714285715 0.026785714285714284
13 0.5814732142857143 0.9765625 0.21651785714285715 0.046875
13 0.7712053571428571 0.017857142857142856 0.23995535714285715 0.03571428571428571
13 0.041294642857142856 0.53125 0.08147321428571429 0.22544642857142858
13 0.15513392857142858 0.8872767857142857 0.21651785714285715 0.22098214285714285
13 0.7466517857142857 0.9073660714285714 0.24330357142857142 0.18080357142857142
13 0.17633928571428573 0.44308035714285715 0.20424107142857142 0.2689732142857143
13 0.46763392857142855 0.8917410714285714 0.17522321428571427 0.21651785714285715
13 0.4017857142857143 0.15401785714285715 0.27455357142857145 0.28125
6 0.5066964285714286 0.5044642857142857 0.39174107142857145 0.42745535714285715
13 0.5613839285714286 0.056919642857142856 0.27120535714285715 0.11272321428571429
13 0.8928571428571429 0.10379464285714286 0.20424107142857142 0.20200892857142858
13 0.8247767857142857 0.7633928571428571 0.24553571428571427 0.19977678571428573
13 0.6986607142857143 0.19419642857142858 0.23549107142857142 0.22321428571428573
13 0.7912946428571429 0.5379464285714286 0.24330357142857142 0.26674107142857145
13 0.18638392857142858 0.08705357142857142 0.25 0.16852678571428573
13 0.09486607142857142 0.6763392857142857 0.18973214285714285 0.21205357142857142