15 0.04799107142857143 0.6886160714285714 0.05803571428571429 0.07254464285714286
15 0.25111607142857145 0.96875 0.060267857142857144 0.0625
15 0.1875 0.10379464285714286 0.052455357142857144 0.08705357142857142
15 0.16183035714285715 0.2845982142857143 0.04799107142857143 0.07700892857142858
14 0.5993303571428571 0.8995535714285714 0.04799107142857143 0.08370535714285714
17 0.16071428571428573 0.5948660714285714 0.07254464285714286 0.11049107142857142
17 0.13727678571428573 0.40625 0.06696428571428571 0.10379464285714286
17 0.19866071428571427 0.46205357142857145 0.07254464285714286 0.09151785714285714
17 0.32700892857142855 0.609375 0.07700892857142858 0.09821428571428571
17 0.3236607142857143 0.9084821428571429 0.06919642857142858 0.09598214285714286
17 0.34263392857142855 0.9553571428571429 0.07700892857142858 0.08705357142857142
17 0.49107142857142855 0.6495535714285714 0.06696428571428571 0.10379464285714286
17 0.45870535714285715 0.5535714285714286 0.07700892857142858 0.09151785714285714
17 0.5401785714285714 0.5691964285714286 0.07700892857142858 0.09821428571428571
17 0.5613839285714286 0.6741071428571429 0.06696428571428571 0.09151785714285714
17 0.6194196428571429 0.65625 0.0625 0.09598214285714286
17 0.7488839285714286 0.6908482142857143 0.07700892857142858 0.09375
17 0.7276785714285714 0.43861607142857145 0.07254464285714286 0.09598214285714286
17 0.8270089285714286 0.32142857142857145 0.06919642857142858 0.10044642857142858
17 0.8727678571428571 0.16183035714285715 0.07254464285714286 0.10602678571428571
17 0.8415178571428571 0.09263392857142858 0.06919642857142858 0.08370535714285714
17 0.6160714285714286 0.10267857142857142 0.07700892857142858 0.10379464285714286
17 0.9654017857142857 0.07924107142857142 0.06919642857142858 0.11272321428571429
17 0.9520089285714286 0.18191964285714285 0.06473214285714286 0.09151785714285714
17 0.8716517857142857 0.42745535714285715 0.06696428571428571 0.08928571428571429
17 0.8560267857142857 0.5345982142857143 0.07254464285714286 0.10825892857142858
17 0.734375 0.5814732142857143 0.07700892857142858 0.09151785714285714
17 0.7142857142857143 0.5301339285714286 0.07254464285714286 0.08928571428571429
17 0.7433035714285714 0.8950892857142857 0.07700892857142858 0.09151785714285714
17 0.8683035714285714 0.8191964285714286 0.07254464285714286 0.10602678571428571
17 0.9631696428571429 0.6662946428571429 0.07366071428571429 0.10044642857142858
17 0.9118303571428571 0.9095982142857143 0.07254464285714286 0.09821428571428571
17 0.5446428571428571 0.8917410714285714 0.0625 0.10602678571428571
17 0.6183035714285714 0.96875 0.07254464285714286 0.0625
17 0.5625 0.2845982142857143 0.07700892857142858 0.09375
17 0.5446428571428571 0.22767857142857142 0.07477678571428571 0.09598214285714286
17 0.49330357142857145 0.23102678571428573 0.07700892857142858 0.08928571428571429
17 0.44754464285714285 0.21205357142857142 0.07254464285714286 0.09598214285714286
17 0.4810267857142857 0.12946428571428573 0.06696428571428571 0.10602678571428571
17 0.5212053571428571 0.12165178571428571 0.07700892857142858 0.09821428571428571
17 0.11607142857142858 0.19754464285714285 0.06919642857142858 0.10044642857142858
17 0.08928571428571429 0.31919642857142855 0.07700892857142858 0.11272321428571429
17 0.14508928571428573 0.7745535714285714 0.07254464285714286 0.10044642857142858
5 0.7767857142857143 0.6104910714285714 0.07254464285714286 0.09375
5 0.6316964285714286 0.17299107142857142 0.06696428571428571 0.09151785714285714
5 0.27901785714285715 0.17299107142857142 0.07254464285714286 0.09151785714285714
5 0.029017857142857144 0.39285714285714285 0.052455357142857144 0.08705357142857142
5 0.060267857142857144 0.43080357142857145 0.0625 0.09821428571428571
5 0.328125 0.32700892857142855 0.07254464285714286 0.09151785714285714
14 0.45424107142857145 0.046875 0.07700892857142858 0.08147321428571429
17 0.24665178571428573 0.39174107142857145 0.07700892857142858 0.11272321428571429
17 0.21205357142857142 0.33482142857142855 0.08147321428571429 0.09151785714285714
17 0.6919642857142857 0.7611607142857143 0.07254464285714286 0.09151785714285714
5 0.7433035714285714 0.9553571428571429 0.07700892857142858 0.08928571428571429
5 0.40066964285714285 0.7823660714285714 0.07477678571428571 0.09151785714285714
8 0.06584821428571429 0.14732142857142858 0.05580357142857143 0.07254464285714286
14 0.24888392857142858 0.6350446428571429 0.07700892857142858 0.07254464285714286
5 0.5100446428571429 0.765625 0.06696428571428571 0.08147321428571429
14 0.7254464285714286 0.11160714285714286 0.05580357142857143 0.07254464285714286
8 0.2779017857142857 0.5044642857142857 0.05580357142857143 0.07700892857142858
5 0.10044642857142858 0.05803571428571429 0.06696428571428571 0.09598214285714286
17 0.22209821428571427 0.5580357142857143 0.07700892857142858 0.09821428571428571