17 0.5948660714285714 0.8325892857142857 0.06696428571428571 0.09151785714285714
15 0.8225446428571429 0.6049107142857143 0.05803571428571429 0.07924107142857142
15 0.49330357142857145 0.22433035714285715 0.0625 0.08705357142857142
18 0.6316964285714286 0.06808035714285714 0.10602678571428571 0.07477678571428571
14 0.33816964285714285 0.5591517857142857 0.0625 0.06696428571428571
14 0.19419642857142858 0.4017857142857143 0.05803571428571429 0.060267857142857144
14 0.14508928571428573 0.35714285714285715 0.04352678571428571 0.04352678571428571
14 0.6629464285714286 0.5479910714285714 0.05803571428571429 0.08705357142857142
14 0.6629464285714286 0.6350446428571429 0.07254464285714286 0.07700892857142858
14 0.6618303571428571 0.18415178571428573 0.05022321428571429 0.06696428571428571
14 0.8247767857142857 0.2924107142857143 0.03794642857142857 0.05803571428571429
14 0.78125 0.27120535714285715 0.0625 0.06473214285714286
14 0.7879464285714286 0.5133928571428571 0.04352678571428571 0.05803571428571429
14 0.8404017857142857 0.4017857142857143 0.05580357142857143 0.08705357142857142
14 0.9765625 0.18303571428571427 0.046875 0.05357142857142857
14 0.5881696428571429 0.29129464285714285 0.09151785714285714 0.052455357142857144
14 0.46205357142857145 0.359375 0.04799107142857143 0.08147321428571429
14 0.21986607142857142 0.7790178571428571 0.052455357142857144 0.04575892857142857
14 0.11160714285714286 0.9486607142857143 0.04352678571428571 0.05803571428571429
18 0.5580357142857143 0.6529017857142857 0.0625 0.06696428571428571
17 0.23214285714285715 0.35379464285714285 0.07700892857142858 0.09375
17 0.7522321428571429 0.5881696428571429 0.07700892857142858 0.07924107142857142
18 0.41294642857142855 0.5814732142857143 0.07254464285714286 0.10602678571428571
18 0.9676339285714286 0.4341517857142857 0.06473214285714286 0.09375