2 0.12723214285714285 0.703125 0.11272321428571429 0.07700892857142858
2 0.15625 0.10602678571428571 0.11272321428571429 0.07700892857142858
2 0.15959821428571427 0.3169642857142857 0.11272321428571429 0.07700892857142858
2 0.20982142857142858 0.46316964285714285 0.11272321428571429 0.07700892857142858
2 0.234375 0.7232142857142857 0.11495535714285714 0.08928571428571429
2 0.28125 0.5212053571428571 0.11272321428571429 0.07700892857142858
2 0.34598214285714285 0.6305803571428571 0.11272321428571429 0.07700892857142858
2 0.4564732142857143 0.8381696428571429 0.11272321428571429 0.07700892857142858
2 0.5747767857142857 0.5256696428571429 0.11272321428571429 0.07700892857142858
2 0.6082589285714286 0.8169642857142857 0.11272321428571429 0.07924107142857142
2 0.6127232142857143 0.7645089285714286 0.11272321428571429 0.07700892857142858
2 0.6439732142857143 0.2533482142857143 0.11272321428571429 0.07700892857142858
2 0.7522321428571429 0.06584821428571429 0.11272321428571429 0.07700892857142858
2 0.8125 0.5658482142857143 0.11272321428571429 0.07700892857142858
2 0.8415178571428571 0.46763392857142855 0.11272321428571429 0.07700892857142858
2 0.8638392857142857 0.28013392857142855 0.11272321428571429 0.07700892857142858
14 0.9129464285714286 0.5033482142857143 0.09821428571428571 0.07254464285714286