8 0.20535714285714285 0.6752232142857143 0.07254464285714286 0.052455357142857144
1 0.8761160714285714 0.24107142857142858 0.08705357142857142 0.06919642857142858
1 0.8270089285714286 0.11160714285714286 0.07254464285714286 0.07700892857142858
1 0.7433035714285714 0.13727678571428573 0.08705357142857142 0.06696428571428571
1 0.6517857142857143 0.375 0.07254464285714286 0.07254464285714286
1 0.19084821428571427 0.26450892857142855 0.08147321428571429 0.07254464285714286
1 0.10825892857142858 0.26674107142857145 0.08370535714285714 0.0625
1 0.32142857142857145 0.5178571428571429 0.09375 0.0625
1 0.17857142857142858 0.45535714285714285 0.09151785714285714 0.060267857142857144
1 0.19308035714285715 0.7332589285714286 0.11272321428571429 0.07924107142857142
1 0.4497767857142857 0.8560267857142857 0.09821428571428571 0.06919642857142858
1 0.18526785714285715 0.9676339285714286 0.08705357142857142 0.0625
1 0.40848214285714285 0.9341517857142857 0.08705357142857142 0.0625
1 0.42075892857142855 0.9787946428571429 0.09151785714285714 0.04241071428571429
1 0.5580357142857143 0.6216517857142857 0.08705357142857142 0.07254464285714286
1 0.6216517857142857 0.5725446428571429 0.08147321428571429 0.0625
1 0.703125 0.8292410714285714 0.08705357142857142 0.06473214285714286
1 0.5435267857142857 0.8850446428571429 0.08705357142857142 0.06696428571428571
18 0.9017857142857143 0.7321428571428571 0.07254464285714286 0.09375
1 0.39285714285714285 0.17633928571428573 0.07254464285714286 0.09598214285714286
1 0.37723214285714285 0.03571428571428571 0.08147321428571429 0.05803571428571429
14 0.7131696428571429 0.5301339285714286 0.09598214285714286 0.0625
1 0.3950892857142857 0.4575892857142857 0.07924107142857142 0.09375
1 0.29017857142857145 0.7220982142857143 0.09598214285714286 0.05803571428571429
13 0.37723214285714285 0.6785714285714286 0.08705357142857142 0.05803571428571429
13 0.39620535714285715 0.7388392857142857 0.08705357142857142 0.0625
13 0.45424107142857145 0.6037946428571429 0.07254464285714286 0.0625
13 0.48660714285714285 0.7912946428571429 0.08370535714285714 0.06473214285714286
13 0.8939732142857143 0.4174107142857143 0.08705357142857142 0.07254464285714286
13 0.9419642857142857 0.30245535714285715 0.08147321428571429 0.06696428571428571
13 0.9587053571428571 0.23660714285714285 0.06919642857142858 0.060267857142857144
13 0.9609375 0.15736607142857142 0.078125 0.07366071428571429
13 0.8314732142857143 0.296875 0.08705357142857142 0.06696428571428571
13 0.7633928571428571 0.3392857142857143 0.07700892857142858 0.06696428571428571
13 0.2845982142857143 0.31919642857142855 0.08705357142857142 0.06919642857142858
13 0.31808035714285715 0.22209821428571427 0.07700892857142858 0.0625
13 0.6082589285714286 0.09933035714285714 0.08705357142857142 0.06696428571428571
13 0.5848214285714286 0.03236607142857143 0.08147321428571429 0.0625
13 0.4642857142857143 0.30691964285714285 0.08147321428571429 0.06696428571428571
14 0.09709821428571429 0.15401785714285715 0.09598214285714286 0.06473214285714286
13 0.140625 0.39285714285714285 0.08705357142857142 0.07254464285714286
12 0.37276785714285715 0.31473214285714285 0.029017857142857144 0.018973214285714284
12 0.31473214285714285 0.26674107142857145 0.029017857142857144 0.033482142857142856
12 0.43638392857142855 0.06473214285714286 0.029017857142857144 0.021205357142857144
12 0.6897321428571429 0.3482142857142857 0.021205357142857144 0.014508928571428572
12 0.6986607142857143 0.36830357142857145 0.018973214285714284 0.014508928571428572
12 0.6294642857142857 0.42299107142857145 0.024553571428571428 0.018973214285714284
12 0.6183035714285714 0.44754464285714285 0.029017857142857144 0.018973214285714284
12 0.6506696428571429 0.44642857142857145 0.021205357142857144 0.016741071428571428
12 0.6529017857142857 0.4252232142857143 0.018973214285714284 0.014508928571428572
12 0.7165178571428571 0.640625 0.03125 0.026785714285714284
12 0.4654017857142857 0.5502232142857143 0.026785714285714284 0.018973214285714284
12 0.6127232142857143 0.828125 0.029017857142857144 0.016741071428571428
12 0.6283482142857143 0.8470982142857143 0.026785714285714284 0.016741071428571428
13 0.6517857142857143 0.9352678571428571 0.09151785714285714 0.07254464285714286
13 0.8002232142857143 0.8504464285714286 0.08370535714285714 0.06473214285714286
13 0.7745535714285714 0.7511160714285714 0.08705357142857142 0.06696428571428571
13 0.578125 0.7723214285714286 0.08147321428571429 0.0625
13 0.8426339285714286 0.7935267857142857 0.08928571428571429 0.06696428571428571
12 0.13058035714285715 0.7254464285714286 0.029017857142857144 0.024553571428571428
12 0.23883928571428573 0.9866071428571429 0.03125 0.024553571428571428
12 0.33816964285714285 0.9910714285714286 0.026785714285714284 0.016741071428571428
12 0.7399553571428571 0.5636160714285714 0.024553571428571428 0.018973214285714284
12 0.8392857142857143 0.6339285714285714 0.021205357142857144 0.016741071428571428
12 0.8236607142857143 0.49888392857142855 0.018973214285714284 0.016741071428571428
13 0.859375 0.5412946428571429 0.07254464285714286 0.0625