15 0.09598214285714286 0.07142857142857142 0.05803571428571429 0.07254464285714286
15 0.13504464285714285 0.19419642857142858 0.060267857142857144 0.09151785714285714
15 0.19419642857142858 0.36049107142857145 0.060267857142857144 0.06473214285714286
15 0.09486607142857142 0.37611607142857145 0.06696428571428571 0.09151785714285714
15 0.022321428571428572 0.4341517857142857 0.044642857142857144 0.07366071428571429
15 0.07477678571428571 0.7645089285714286 0.0625 0.07700892857142858
15 0.15513392857142858 0.8805803571428571 0.052455357142857144 0.08370535714285714
15 0.21763392857142858 0.9051339285714286 0.07700892857142858 0.07924107142857142
15 0.17522321428571427 0.7979910714285714 0.06473214285714286 0.08928571428571429
15 0.35267857142857145 0.8337053571428571 0.07700892857142858 0.11272321428571429
15 0.38058035714285715 0.9352678571428571 0.07700892857142858 0.11272321428571429
15 0.3705357142857143 0.7142857142857143 0.0625 0.07254464285714286
15 0.21763392857142858 0.4263392857142857 0.05803571428571429 0.07924107142857142
15 0.23102678571428573 0.28125 0.05580357142857143 0.09598214285714286
15 0.5479910714285714 0.18191964285714285 0.0625 0.08705357142857142
15 0.6305803571428571 0.04017857142857143 0.05803571428571429 0.07700892857142858
15 0.7243303571428571 0.8292410714285714 0.07700892857142858 0.11272321428571429
15 0.6674107142857143 0.8716517857142857 0.07700892857142858 0.11272321428571429
15 0.5982142857142857 0.6339285714285714 0.07700892857142858 0.11272321428571429
15 0.5926339285714286 0.49776785714285715 0.07700892857142858 0.11272321428571429
15 0.9319196428571429 0.6975446428571429 0.05803571428571429 0.08705357142857142
15 0.9587053571428571 0.5591517857142857 0.05580357142857143 0.07924107142857142
15 0.8493303571428571 0.4341517857142857 0.06473214285714286 0.08147321428571429
15 0.9229910714285714 0.36049107142857145 0.05803571428571429 0.07700892857142858
15 0.7310267857142857 0.34151785714285715 0.0625 0.07924107142857142
15 0.8136160714285714 0.19977678571428573 0.05580357142857143 0.08147321428571429
12 0.4263392857142857 0.6696428571428571 0.029017857142857144 0.03794642857142857
12 0.12946428571428573 0.6238839285714286 0.03125 0.05580357142857143
12 0.8013392857142857 0.6897321428571429 0.018973214285714284 0.041294642857142856
12 0.6808035714285714 0.39285714285714285 0.024553571428571428 0.033482142857142856