18 0.6060267857142857 0.8348214285714286 0.11272321428571429 0.06696428571428571
18 0.24888392857142858 0.47433035714285715 0.09151785714285714 0.052455357142857144
14 0.28794642857142855 0.6439732142857143 0.060267857142857144 0.0625
14 0.18973214285714285 0.5770089285714286 0.09151785714285714 0.0625
14 0.7455357142857143 0.41629464285714285 0.060267857142857144 0.04352678571428571
14 0.8582589285714286 0.025669642857142856 0.07477678571428571 0.05022321428571429
12 0.7935267857142857 0.11049107142857142 0.033482142857142856 0.024553571428571428
12 0.9241071428571429 0.26450892857142855 0.033482142857142856 0.03125
12 0.46875 0.296875 0.033482142857142856 0.024553571428571428
12 0.41964285714285715 0.34151785714285715 0.033482142857142856 0.024553571428571428
12 0.3794642857142857 0.3325892857142857 0.03125 0.029017857142857144
12 0.6573660714285714 0.3002232142857143 0.03125 0.018973214285714284
12 0.7020089285714286 0.2622767857142857 0.033482142857142856 0.026785714285714284
12 0.6785714285714286 0.05357142857142857 0.03794642857142857 0.024553571428571428
15 0.25223214285714285 0.2622767857142857 0.09151785714285714 0.07700892857142858
12 0.5948660714285714 0.28794642857142855 0.029017857142857144 0.021205357142857144
12 0.6216517857142857 0.5256696428571429 0.029017857142857144 0.016741071428571428