7 0.5747767857142857 0.5022321428571429 0.12053571428571429 0.09598214285714286
7 0.40066964285714285 0.8805803571428571 0.10602678571428571 0.08147321428571429
1 0.078125 0.34375 0.07254464285714286 0.06473214285714286
7 0.40066964285714285 0.5825892857142857 0.10379464285714286 0.08928571428571429
1 0.8013392857142857 0.3314732142857143 0.08147321428571429 0.08370535714285714
1 0.7611607142857143 0.7511160714285714 0.11049107142857142 0.05803571428571429
1 0.875 0.8392857142857143 0.10825892857142858 0.06473214285714286
1 0.7366071428571429 0.6707589285714286 0.08370535714285714 0.07700892857142858
7 0.8571428571428571 0.6026785714285714 0.13169642857142858 0.09598214285714286
14 0.21763392857142858 0.7857142857142857 0.10602678571428571 0.08705357142857142
11 0.48214285714285715 0.08928571428571429 0.10044642857142858 0.09598214285714286
1 0.203125 0.2622767857142857 0.09821428571428571 0.07254464285714286
1 0.46986607142857145 0.9430803571428571 0.09598214285714286 0.07924107142857142
2 0.9375 0.6729910714285714 0.06696428571428571 0.08705357142857142