3 0.2857142857142857 0.18973214285714285 0.4955357142857143 0.3794642857142857
13 0.046875 0.26674107142857145 0.09375 0.22544642857142858
13 0.04017857142857143 0.08147321428571429 0.07924107142857142 0.16294642857142858
13 0.48660714285714285 0.05357142857142857 0.20089285714285715 0.10714285714285714
13 0.5368303571428571 0.22209821428571427 0.10379464285714286 0.24330357142857142
3 0.7946428571428571 0.15625 0.4107142857142857 0.3125
3 0.20424107142857142 0.8348214285714286 0.40848214285714285 0.32924107142857145
3 0.7946428571428571 0.7477678571428571 0.4107142857142857 0.47098214285714285
13 0.9118303571428571 0.9620535714285714 0.171875 0.07589285714285714
13 0.6897321428571429 0.9654017857142857 0.20200892857142858 0.06919642857142858
13 0.6495535714285714 0.44754464285714285 0.12053571428571429 0.13504464285714285