1 0.8392857142857143 0.48660714285714285 0.07477678571428571 0.09598214285714286
1 0.6808035714285714 0.31473214285714285 0.07924107142857142 0.11272321428571429
1 0.4720982142857143 0.203125 0.07254464285714286 0.09598214285714286
1 0.21428571428571427 0.11941964285714286 0.06919642857142858 0.10379464285714286
1 0.29129464285714285 0.8772321428571429 0.07254464285714286 0.08928571428571429
1 0.24665178571428573 0.6584821428571429 0.07924107142857142 0.11272321428571429
1 0.8348214285714286 0.3091517857142857 0.07254464285714286 0.10379464285714286
17 0.05357142857142857 0.5479910714285714 0.06919642857142858 0.09598214285714286
17 0.375 0.8582589285714286 0.07924107142857142 0.11272321428571429
17 0.025669642857142856 0.7466517857142857 0.05022321428571429 0.09375
17 0.40401785714285715 0.1875 0.07254464285714286 0.09598214285714286
17 0.5669642857142857 0.25 0.07924107142857142 0.11272321428571429
17 0.7444196428571429 0.22767857142857142 0.07924107142857142 0.11272321428571429
17 0.6774553571428571 0.6540178571428571 0.07924107142857142 0.11272321428571429
17 0.6808035714285714 0.7410714285714286 0.07924107142857142 0.11272321428571429
14 0.2924107142857143 0.6183035714285714 0.07924107142857142 0.07924107142857142
14 0.22321428571428573 0.4341517857142857 0.06696428571428571 0.06919642857142858
14 0.10825892857142858 0.4185267857142857 0.06919642857142858 0.08705357142857142
14 0.10379464285714286 0.6729910714285714 0.07924107142857142 0.0625
14 0.6997767857142857 0.5892857142857143 0.06696428571428571 0.09598214285714286
15 0.5223214285714286 0.6841517857142857 0.07477678571428571 0.09375
15 0.6595982142857143 0.9051339285714286 0.06696428571428571 0.10044642857142858
13 0.3482142857142857 0.7845982142857143 0.07477678571428571 0.10825892857142858
8 0.05357142857142857 0.046875 0.0625 0.08370535714285714
8 0.7444196428571429 0.6607142857142857 0.0625 0.08147321428571429
17 0.96875 0.22767857142857142 0.0625 0.11272321428571429
11 0.33370535714285715 0.5502232142857143 0.07924107142857142 0.11272321428571429
5 0.15178571428571427 0.9319196428571429 0.07924107142857142 0.11272321428571429
5 0.8058035714285714 0.7243303571428571 0.07924107142857142 0.11272321428571429
5 0.08370535714285714 0.11941964285714286 0.07924107142857142 0.11272321428571429
5 0.14174107142857142 0.15625 0.07924107142857142 0.11272321428571429
17 0.14397321428571427 0.23883928571428573 0.07924107142857142 0.09375
13 0.06808035714285714 0.3247767857142857 0.07924107142857142 0.11272321428571429
5 0.16629464285714285 0.3872767857142857 0.07924107142857142 0.11272321428571429
5 0.45200892857142855 0.3872767857142857 0.07924107142857142 0.11272321428571429
5 0.20647321428571427 0.8939732142857143 0.07924107142857142 0.11272321428571429
1 0.34598214285714285 0.09933035714285714 0.07924107142857142 0.11272321428571429
1 0.9732142857142857 0.40848214285714285 0.052455357142857144 0.09375
5 0.5569196428571429 0.07477678571428571 0.07924107142857142 0.11272321428571429
5 0.49330357142857145 0.09709821428571429 0.07924107142857142 0.11272321428571429
5 0.6361607142857143 0.11607142857142858 0.07924107142857142 0.11272321428571429
11 0.7957589285714286 0.10491071428571429 0.07924107142857142 0.11272321428571429
5 0.9319196428571429 0.3013392857142857 0.07924107142857142 0.11272321428571429
5 0.46763392857142855 0.5200892857142857 0.07700892857142858 0.11272321428571429
5 0.5412946428571429 0.3549107142857143 0.07924107142857142 0.11272321428571429
5 0.17299107142857142 0.7220982142857143 0.07924107142857142 0.11272321428571429
5 0.14174107142857142 0.8470982142857143 0.07924107142857142 0.11272321428571429
5 0.3091517857142857 0.7276785714285714 0.07924107142857142 0.11272321428571429
5 0.39174107142857145 0.45982142857142855 0.07924107142857142 0.11272321428571429