9 0.10602678571428571 0.21986607142857142 0.21205357142857142 0.43973214285714285
3 0.7712053571428571 0.11607142857142858 0.453125 0.23214285714285715
6 0.203125 0.8560267857142857 0.32924107142857145 0.28794642857142855
13 0.11941964285714286 0.5457589285714286 0.23772321428571427 0.17299107142857142
13 0.17410714285714285 0.6651785714285714 0.2544642857142857 0.21428571428571427
13 0.296875 0.5736607142857143 0.14174107142857142 0.22879464285714285
13 0.5636160714285714 0.5111607142857143 0.22321428571428573 0.10379464285714286
13 0.6305803571428571 0.5290178571428571 0.23772321428571427 0.13950892857142858
13 0.9107142857142857 0.5279017857142857 0.17745535714285715 0.13727678571428573
13 0.8939732142857143 0.9787946428571429 0.21205357142857142 0.04241071428571429
13 0.4174107142857143 0.5870535714285714 0.09821428571428571 0.2544642857142857
6 0.7801339285714286 0.7678571428571429 0.43973214285714285 0.4642857142857143
13 0.5133928571428571 0.8928571428571429 0.24776785714285715 0.21428571428571427
13 0.4955357142857143 0.6863839285714286 0.21205357142857142 0.22098214285714285