14 0.7522321428571429 0.5613839285714286 0.11272321428571429 0.07700892857142858
14 0.23995535714285715 0.9151785714285714 0.07700892857142858 0.06696428571428571
5 0.8939732142857143 0.5357142857142857 0.11272321428571429 0.07700892857142858
5 0.6305803571428571 0.8136160714285714 0.11272321428571429 0.07924107142857142
5 0.6339285714285714 0.9129464285714286 0.11272321428571429 0.07700892857142858
5 0.10602678571428571 0.7611607142857143 0.11272321428571429 0.07700892857142858
5 0.3013392857142857 0.75 0.11272321428571429 0.07700892857142858
5 0.3872767857142857 0.7310267857142857 0.11272321428571429 0.07700892857142858
5 0.46651785714285715 0.7064732142857143 0.11272321428571429 0.07700892857142858
5 0.3950892857142857 0.6595982142857143 0.11272321428571429 0.07700892857142858
5 0.15848214285714285 0.17745535714285715 0.11272321428571429 0.07700892857142858
5 0.17633928571428573 0.3392857142857143 0.11272321428571429 0.07700892857142858
5 0.05580357142857143 0.4810267857142857 0.11049107142857142 0.07700892857142858
5 0.07366071428571429 0.3950892857142857 0.11272321428571429 0.07700892857142858
5 0.3950892857142857 0.35044642857142855 0.11272321428571429 0.07700892857142858
5 0.5513392857142857 0.41183035714285715 0.11272321428571429 0.07700892857142858
5 0.43973214285714285 0.05580357142857143 0.11272321428571429 0.07700892857142858
5 0.9464285714285714 0.3236607142857143 0.10714285714285714 0.07589285714285714
5 0.8761160714285714 0.4575892857142857 0.11272321428571429 0.07700892857142858
11 0.9263392857142857 0.6919642857142857 0.10044642857142858 0.06473214285714286
17 0.12165178571428571 0.5870535714285714 0.11272321428571429 0.07700892857142858
5 0.4966517857142857 0.21763392857142858 0.11272321428571429 0.07700892857142858
5 0.2622767857142857 0.4966517857142857 0.11272321428571429 0.07700892857142858
5 0.25 0.6729910714285714 0.11272321428571429 0.07700892857142858
5 0.32700892857142855 0.9017857142857143 0.11272321428571429 0.07700892857142858
5 0.5334821428571429 0.6104910714285714 0.11272321428571429 0.07700892857142858
5 0.31026785714285715 0.21875 0.11272321428571429 0.07700892857142858
5 0.7209821428571429 0.6138392857142857 0.11272321428571429 0.07700892857142858
8 0.08482142857142858 0.07254464285714286 0.11272321428571429 0.07700892857142858
5 0.6361607142857143 0.5569196428571429 0.11495535714285714 0.10602678571428571
14 0.5647321428571429 0.5011160714285714 0.06696428571428571 0.06696428571428571
5 0.5133928571428571 0.8002232142857143 0.09151785714285714 0.0625
18 0.3560267857142857 0.12723214285714285 0.09598214285714286 0.04799107142857143