10 0.06361607142857142 0.30691964285714285 0.12723214285714285 0.34375
12 0.5513392857142857 0.05580357142857143 0.13727678571428573 0.11049107142857142
13 0.9441964285714286 0.2845982142857143 0.11049107142857142 0.22879464285714285
13 0.8928571428571429 0.0625 0.15178571428571427 0.125
9 0.5993303571428571 0.2700892857142857 0.4017857142857143 0.41629464285714285
13 0.7756696428571429 0.10602678571428571 0.26674107142857145 0.21205357142857142
13 0.35267857142857145 0.6495535714285714 0.09375 0.27901785714285715
13 0.14732142857142858 0.9520089285714286 0.29464285714285715 0.09598214285714286
13 0.28794642857142855 0.890625 0.22098214285714285 0.21875
13 0.20647321428571427 0.5892857142857143 0.27455357142857145 0.22098214285714285
0 0.12946428571428573 0.7700892857142857 0.25892857142857145 0.45535714285714285
10 0.5825892857142857 0.8415178571428571 0.36830357142857145 0.3169642857142857