10 0.29017857142857145 0.23102678571428573 0.23772321428571427 0.46205357142857145
10 0.08258928571428571 0.29799107142857145 0.16517857142857142 0.4888392857142857
13 0.59375 0.4486607142857143 0.24553571428571427 0.21651785714285715
13 0.5133928571428571 0.03125 0.20870535714285715 0.0625
13 0.9497767857142857 0.44754464285714285 0.10044642857142858 0.20200892857142858
12 0.890625 0.4966517857142857 0.07700892857142858 0.08705357142857142
13 0.9676339285714286 0.26674107142857145 0.06473214285714286 0.17299107142857142
13 0.8125 0.39285714285714285 0.24553571428571427 0.22879464285714285
13 0.7064732142857143 0.046875 0.24553571428571427 0.09375
13 0.8783482142857143 0.20982142857142858 0.21428571428571427 0.21428571428571427
13 0.7611607142857143 0.5334821428571429 0.18526785714285715 0.14955357142857142
0 0.6194196428571429 0.20647321428571427 0.42075892857142855 0.40848214285714285
13 0.5479910714285714 0.5558035714285714 0.25 0.10602678571428571
13 0.3560267857142857 0.8448660714285714 0.10602678571428571 0.23772321428571427
0 0.22433035714285715 0.7299107142857143 0.36830357142857145 0.24330357142857142
12 0.07254464285714286 0.8270089285714286 0.10044642857142858 0.09151785714285714
13 0.24441964285714285 0.9386160714285714 0.27120535714285715 0.12276785714285714
10 0.7790178571428571 0.8962053571428571 0.4419642857142857 0.20647321428571427