11 0.3716517857142857 0.6238839285714286 0.11272321428571429 0.07700892857142858
14 0.6104910714285714 0.38504464285714285 0.09598214285714286 0.05022321428571429
14 0.18080357142857142 0.4330357142857143 0.09598214285714286 0.07254464285714286
18 0.20758928571428573 0.0625 0.11272321428571429 0.07700892857142858
18 0.5691964285714286 0.5625 0.11272321428571429 0.08705357142857142
13 0.15959821428571427 0.8627232142857143 0.11272321428571429 0.07700892857142858
8 0.33816964285714285 0.7712053571428571 0.11272321428571429 0.07700892857142858
8 0.2611607142857143 0.9162946428571429 0.11272321428571429 0.07700892857142858
8 0.12723214285714285 0.7857142857142857 0.11272321428571429 0.07700892857142858
11 0.5424107142857143 0.14732142857142858 0.09598214285714286 0.06696428571428571
13 0.12834821428571427 0.07924107142857142 0.11272321428571429 0.07700892857142858
13 0.27901785714285715 0.10602678571428571 0.11272321428571429 0.07700892857142858
11 0.23214285714285715 0.21651785714285715 0.09598214285714286 0.08147321428571429
15 0.5714285714285714 0.23995535714285715 0.11272321428571429 0.07700892857142858
13 0.65625 0.3013392857142857 0.11272321428571429 0.07700892857142858
13 0.44642857142857145 0.578125 0.11272321428571429 0.07700892857142858
11 0.8214285714285714 0.7845982142857143 0.11272321428571429 0.07924107142857142
11 0.7444196428571429 0.7879464285714286 0.11272321428571429 0.07924107142857142
11 0.40401785714285715 0.21205357142857142 0.11272321428571429 0.07700892857142858
13 0.14285714285714285 0.14620535714285715 0.11272321428571429 0.07700892857142858
13 0.7354910714285714 0.12723214285714285 0.10044642857142858 0.07254464285714286
11 0.44419642857142855 0.8292410714285714 0.11272321428571429 0.05803571428571429
13 0.45982142857142855 0.40066964285714285 0.11272321428571429 0.07700892857142858
13 0.36941964285714285 0.9073660714285714 0.11272321428571429 0.07700892857142858
12 0.8761160714285714 0.6941964285714286 0.04352678571428571 0.03571428571428571
12 0.9051339285714286 0.40066964285714285 0.04799107142857143 0.029017857142857144
14 0.48660714285714285 0.6741071428571429 0.13950892857142858 0.06473214285714286
18 0.8337053571428571 0.11830357142857142 0.10602678571428571 0.08370535714285714