13 0.05357142857142857 0.33816964285714285 0.10714285714285714 0.35044642857142855
13 0.13616071428571427 0.08035714285714286 0.27120535714285715 0.16071428571428573
13 0.4408482142857143 0.09151785714285714 0.17522321428571427 0.18303571428571427
13 0.46875 0.45535714285714285 0.12053571428571429 0.31026785714285715
0 0.26450892857142855 0.30245535714285715 0.5290178571428571 0.5625
13 0.15178571428571427 0.5625 0.28348214285714285 0.13504464285714285
13 0.39620535714285715 0.5814732142857143 0.26450892857142855 0.09598214285714286
13 0.3247767857142857 0.03571428571428571 0.2924107142857143 0.07142857142857142
9 0.8013392857142857 0.27566964285714285 0.39620535714285715 0.5502232142857143
13 0.078125 0.7433035714285714 0.15625 0.22544642857142858
13 0.19196428571428573 0.7064732142857143 0.2689732142857143 0.15401785714285715
13 0.43861607142857145 0.9341517857142857 0.18080357142857142 0.13169642857142858
3 0.37723214285714285 0.7064732142857143 0.30245535714285715 0.15401785714285715
13 0.2544642857142857 0.8850446428571429 0.25 0.22991071428571427
9 0.7935267857142857 0.8515625 0.41294642857142855 0.296875