12 0.28348214285714285 0.04241071428571429 0.07477678571428571 0.07254464285714286
0 0.3002232142857143 0.2779017857142857 0.33705357142857145 0.47879464285714285
13 0.296875 0.027901785714285716 0.34375 0.05580357142857143
13 0.11049107142857142 0.14397321428571427 0.22098214285714285 0.24553571428571427
13 0.08035714285714286 0.37276785714285715 0.16071428571428573 0.25
13 0.25 0.5178571428571429 0.26004464285714285 0.18080357142857142
6 0.8426339285714286 0.18191964285714285 0.31473214285714285 0.3627232142857143
9 0.3325892857142857 0.7566964285714286 0.27120535714285715 0.29799107142857145
13 0.8537946428571429 0.7444196428571429 0.2924107142857143 0.27455357142857145
0 0.5959821428571429 0.8404017857142857 0.2544642857142857 0.31919642857142855
13 0.6495535714285714 0.6785714285714286 0.26004464285714285 0.14174107142857142
13 0.7935267857142857 0.8939732142857143 0.24553571428571427 0.21205357142857142
13 0.90625 0.7678571428571429 0.1875 0.23325892857142858