14 0.7299107142857143 0.6060267857142857 0.07700892857142858 0.09151785714285714
13 0.5089285714285714 0.7645089285714286 0.07700892857142858 0.09598214285714286
13 0.11830357142857142 0.5178571428571429 0.06473214285714286 0.10602678571428571
13 0.06808035714285714 0.7165178571428571 0.07700892857142858 0.11272321428571429
13 0.29129464285714285 0.8526785714285714 0.07700892857142858 0.09598214285714286
15 0.20535714285714285 0.8660714285714286 0.07700892857142858 0.10044642857142858
13 0.34263392857142855 0.609375 0.07700892857142858 0.08370535714285714
13 0.203125 0.953125 0.06696428571428571 0.09375
15 0.31919642857142855 0.29129464285714285 0.0625 0.09151785714285714
15 0.29575892857142855 0.20647321428571427 0.07700892857142858 0.11272321428571429
15 0.3549107142857143 0.16629464285714285 0.07700892857142858 0.09151785714285714
13 0.29575892857142855 0.041294642857142856 0.07700892857142858 0.08147321428571429
15 0.22098214285714285 0.06919642857142858 0.07700892857142858 0.10044642857142858
15 0.14397321428571427 0.13504464285714285 0.07700892857142858 0.10379464285714286
15 0.08370535714285714 0.08705357142857142 0.06696428571428571 0.10379464285714286
15 0.03459821428571429 0.15290178571428573 0.05803571428571429 0.10044642857142858
13 0.11941964285714286 0.26674107142857145 0.0625 0.10602678571428571
13 0.16294642857142858 0.22321428571428573 0.0625 0.09151785714285714
11 0.19419642857142858 0.29017857142857145 0.07700892857142858 0.11272321428571429
15 0.04799107142857143 0.40848214285714285 0.07700892857142858 0.09821428571428571
13 0.03236607142857143 0.5870535714285714 0.0625 0.08705357142857142
13 0.2700892857142857 0.6450892857142857 0.07700892857142858 0.11272321428571429
13 0.23325892857142858 0.578125 0.07700892857142858 0.10044642857142858
13 0.31919642857142855 0.7723214285714286 0.07700892857142858 0.11272321428571429
13 0.42299107142857145 0.6573660714285714 0.07254464285714286 0.09821428571428571
1 0.42745535714285715 0.5669642857142857 0.07477678571428571 0.09151785714285714
13 0.4720982142857143 0.49776785714285715 0.07254464285714286 0.08705357142857142
13 0.3794642857142857 0.4732142857142857 0.07700892857142858 0.10044642857142858
13 0.359375 0.375 0.06473214285714286 0.09598214285714286
11 0.40736607142857145 0.2767857142857143 0.07700892857142858 0.09598214285714286
13 0.4375 0.14397321428571427 0.07700892857142858 0.11272321428571429
13 0.421875 0.7924107142857143 0.06696428571428571 0.09151785714285714
15 0.4263392857142857 0.875 0.07700892857142858 0.11272321428571429
15 0.35825892857142855 0.9319196428571429 0.07700892857142858 0.09151785714285714
15 0.4955357142857143 0.8727678571428571 0.07254464285714286 0.09151785714285714
13 0.5725446428571429 0.9609375 0.078125 0.078125
15 0.6495535714285714 0.9508928571428571 0.07700892857142858 0.09598214285714286
13 0.6205357142857143 0.8627232142857143 0.07700892857142858 0.11272321428571429
13 0.6607142857142857 0.6897321428571429 0.07700892857142858 0.11272321428571429
11 0.5825892857142857 0.3002232142857143 0.07700892857142858 0.11272321428571429
13 0.5379464285714286 0.38504464285714285 0.06696428571428571 0.10602678571428571
13 0.6584821428571429 0.43638392857142855 0.07700892857142858 0.09821428571428571
11 0.6819196428571429 0.11941964285714286 0.07700892857142858 0.11272321428571429
11 0.7321428571428571 0.23102678571428573 0.07700892857142858 0.09151785714285714
13 0.8370535714285714 0.14397321428571427 0.07700892857142858 0.10602678571428571
13 0.8962053571428571 0.3872767857142857 0.06696428571428571 0.09821428571428571
13 0.7834821428571429 0.546875 0.06696428571428571 0.09598214285714286
15 0.6830357142857143 0.5368303571428571 0.07700892857142858 0.10044642857142858
15 0.5524553571428571 0.5279017857142857 0.07700892857142858 0.08705357142857142
13 0.5591517857142857 0.6473214285714286 0.07700892857142858 0.11272321428571429
13 0.7433035714285714 0.6975446428571429 0.07254464285714286 0.09598214285714286
11 0.7957589285714286 0.7354910714285714 0.07254464285714286 0.08705357142857142
15 0.9095982142857143 0.8113839285714286 0.07700892857142858 0.08705357142857142
15 0.9430803571428571 0.8917410714285714 0.07700892857142858 0.11272321428571429
15 0.10044642857142858 0.875 0.07700892857142858 0.10602678571428571
13 0.9486607142857143 0.4654017857142857 0.07700892857142858 0.11272321428571429
15 0.9631696428571429 0.6573660714285714 0.07366071428571429 0.11383928571428571
13 0.9040178571428571 0.71875 0.07700892857142858 0.09151785714285714
13 0.14620535714285715 0.7321428571428571 0.07700892857142858 0.09821428571428571
13 0.7991071428571429 0.9553571428571429 0.07924107142857142 0.08928571428571429
13 0.021205357142857144 0.9475446428571429 0.04241071428571429 0.10491071428571429
15 0.07700892857142858 0.953125 0.07700892857142858 0.09375
13 0.025669642857142856 0.8772321428571429 0.05022321428571429 0.11272321428571429
13 0.9709821428571429 0.7299107142857143 0.05803571428571429 0.11272321428571429
15 0.029017857142857144 0.48995535714285715 0.05803571428571429 0.08147321428571429
13 0.96875 0.33816964285714285 0.0625 0.11272321428571429
15 0.033482142857142856 0.23883928571428573 0.06696428571428571 0.11272321428571429
13 0.8660714285714286 0.03459821428571429 0.07924107142857142 0.06919642857142858
13 0.7209821428571429 0.022321428571428572 0.07589285714285714 0.044642857142857144
13 0.5881696428571429 0.03794642857142857 0.078125 0.07589285714285714
13 0.37611607142857145 0.03459821428571429 0.07700892857142858 0.06696428571428571
15 0.21540178571428573 0.4888392857142857 0.07254464285714286 0.09598214285714286
15 0.640625 0.7700892857142857 0.07254464285714286 0.10044642857142858
15 0.49107142857142855 0.19084821428571427 0.0625 0.08928571428571429
14 0.9185267857142857 0.5401785714285714 0.07700892857142858 0.08370535714285714
13 0.5691964285714286 0.7220982142857143 0.07700892857142858 0.11272321428571429
8 0.21651785714285715 0.38058035714285715 0.06919642857142858 0.07924107142857142
18 0.7232142857142857 0.3125 0.07254464285714286 0.10602678571428571
18 0.6551339285714286 0.3470982142857143 0.07700892857142858 0.08705357142857142
11 0.49441964285714285 0.06361607142857142 0.07700892857142858 0.08928571428571429
13 0.49888392857142855 0.28683035714285715 0.07700892857142858 0.11272321428571429
8 0.25 0.7366071428571429 0.07254464285714286 0.08147321428571429
13 0.8426339285714286 0.9207589285714286 0.07254464285714286 0.09598214285714286
13 0.7689732142857143 0.9107142857142857 0.0625 0.09151785714285714
13 0.5558035714285714 0.15959821428571427 0.07700892857142858 0.11272321428571429
13 0.28013392857142855 0.4341517857142857 0.07254464285714286 0.10044642857142858
13 0.8939732142857143 0.09709821428571429 0.07700892857142858 0.11272321428571429
2 0.625 0.6316964285714286 0.0625 0.12946428571428573
11 0.6116071428571429 0.125 0.06696428571428571 0.09151785714285714
15 0.921875 0.6071428571428571 0.07477678571428571 0.09598214285714286
13 0.8292410714285714 0.6283482142857143 0.06919642857142858 0.09151785714285714
13 0.6417410714285714 0.23772321428571427 0.06919642857142858 0.09598214285714286
8 0.13504464285714285 0.8147321428571429 0.0625 0.08705357142857142
13 0.025669642857142856 0.32589285714285715 0.05022321428571429 0.08370535714285714
13 0.7834821428571429 0.8214285714285714 0.07477678571428571 0.10379464285714286
13 0.34933035714285715 0.07477678571428571 0.07700892857142858 0.08147321428571429
13 0.3560267857142857 0.6975446428571429 0.06696428571428571 0.09151785714285714