13 0.42857142857142855 0.8125 0.2689732142857143 0.3247767857142857
12 0.018973214285714284 0.4497767857142857 0.03794642857142857 0.14397321428571427
13 0.09151785714285714 0.026785714285714284 0.18303571428571427 0.052455357142857144
13 0.4375 0.18303571428571427 0.27901785714285715 0.25223214285714285
13 0.18638392857142858 0.056919642857142856 0.26674107142857145 0.11272321428571429
13 0.2857142857142857 0.24330357142857142 0.27120535714285715 0.26004464285714285
13 0.6752232142857143 0.38504464285714285 0.29575892857142855 0.2544642857142857
13 0.6216517857142857 0.9430803571428571 0.25669642857142855 0.11272321428571429
13 0.28013392857142855 0.6830357142857143 0.25 0.28125
6 0.5033482142857143 0.5948660714285714 0.27455357142857145 0.27455357142857145
13 0.6975446428571429 0.7633928571428571 0.2622767857142857 0.24776785714285715
13 0.8571428571428571 0.24107142857142858 0.24330357142857142 0.20647321428571427
13 0.08147321428571429 0.6752232142857143 0.16294642857142858 0.24330357142857142
13 0.890625 0.07477678571428571 0.21428571428571427 0.14955357142857142
13 0.3158482142857143 0.9084821428571429 0.27120535714285715 0.18303571428571427
12 0.42857142857142855 0.37388392857142855 0.08705357142857142 0.11272321428571429