13 0.11607142857142858 0.12723214285714285 0.11049107142857142 0.08705357142857142
12 0.38058035714285715 0.44308035714285715 0.05580357142857143 0.041294642857142856
17 0.39955357142857145 0.7790178571428571 0.11272321428571429 0.07700892857142858
7 0.5881696428571429 0.8950892857142857 0.13727678571428573 0.09151785714285714
17 0.7712053571428571 0.6350446428571429 0.11495535714285714 0.08705357142857142
16 0.40625 0.49107142857142855 0.11495535714285714 0.07700892857142858
11 0.5267857142857143 0.7299107142857143 0.09375 0.06696428571428571
17 0.37611607142857145 0.18080357142857142 0.10044642857142858 0.07254464285714286
7 0.203125 0.4107142857142857 0.125 0.08928571428571429
12 0.484375 0.4955357142857143 0.04352678571428571 0.033482142857142856
17 0.6462053571428571 0.26450892857142855 0.12053571428571429 0.08370535714285714
17 0.7566964285714286 0.29017857142857145 0.11049107142857142 0.08928571428571429
17 0.8348214285714286 0.39620535714285715 0.12723214285714285 0.08705357142857142
14 0.31138392857142855 0.3549107142857143 0.09151785714285714 0.06696428571428571
17 0.2622767857142857 0.33482142857142855 0.11049107142857142 0.08370535714285714
17 0.9084821428571429 0.07142857142857142 0.11049107142857142 0.08147321428571429
12 0.8861607142857143 0.9274553571428571 0.033482142857142856 0.026785714285714284
11 0.34151785714285715 0.6194196428571429 0.11049107142857142 0.06696428571428571
12 0.029017857142857144 0.46763392857142855 0.033482142857142856 0.026785714285714284
17 0.48325892857142855 0.18861607142857142 0.11495535714285714 0.08705357142857142
17 0.6205357142857143 0.046875 0.11272321428571429 0.07924107142857142
11 0.71875 0.15290178571428573 0.11272321428571429 0.07700892857142858
14 0.9029017857142857 0.29910714285714285 0.10379464285714286 0.08705357142857142
13 0.8526785714285714 0.18526785714285715 0.11495535714285714 0.08705357142857142
17 0.43080357142857145 0.5680803571428571 0.11495535714285714 0.07477678571428571
13 0.38950892857142855 0.06361607142857142 0.10044642857142858 0.08147321428571429
11 0.8482142857142857 0.578125 0.09375 0.09598214285714286