14 0.5044642857142857 0.5200892857142857 0.06919642857142858 0.0625
17 0.7388392857142857 0.6819196428571429 0.10044642857142858 0.06473214285714286
17 0.5167410714285714 0.15178571428571427 0.08147321428571429 0.06696428571428571
13 0.07254464285714286 0.9497767857142857 0.08147321428571429 0.06473214285714286
13 0.11383928571428571 0.9352678571428571 0.08705357142857142 0.06696428571428571
13 0.171875 0.9732142857142857 0.08147321428571429 0.052455357142857144
13 0.08370535714285714 0.8716517857142857 0.09598214285714286 0.06919642857142858
13 0.14508928571428573 0.8258928571428571 0.09151785714285714 0.06919642857142858
13 0.11941964285714286 0.7611607142857143 0.08147321428571429 0.06696428571428571
13 0.19866071428571427 0.7790178571428571 0.09151785714285714 0.06919642857142858
13 0.11607142857142858 0.6875 0.09598214285714286 0.07254464285714286
13 0.03794642857142857 0.6941964285714286 0.07477678571428571 0.06696428571428571
13 0.06696428571428571 0.6316964285714286 0.08705357142857142 0.06696428571428571
13 0.18415178571428573 0.6651785714285714 0.08705357142857142 0.06473214285714286
13 0.13392857142857142 0.5848214285714286 0.09375 0.07254464285714286
13 0.04241071428571429 0.546875 0.08147321428571429 0.07254464285714286
13 0.24888392857142858 0.9642857142857143 0.08147321428571429 0.0625
13 0.30580357142857145 0.9196428571428571 0.08370535714285714 0.06473214285714286
13 0.3314732142857143 0.8415178571428571 0.08705357142857142 0.06696428571428571
13 0.390625 0.9341517857142857 0.09598214285714286 0.06473214285714286
11 0.5267857142857143 0.9229910714285714 0.10825892857142858 0.06696428571428571
13 0.43191964285714285 0.8571428571428571 0.08928571428571429 0.07254464285714286
13 0.35825892857142855 0.7801339285714286 0.09151785714285714 0.06919642857142858
13 0.43080357142857145 0.7767857142857143 0.09598214285714286 0.07254464285714286
13 0.5044642857142857 0.8247767857142857 0.08370535714285714 0.06919642857142858
13 0.27901785714285715 0.7555803571428571 0.07700892857142858 0.06919642857142858
13 0.24553571428571427 0.7209821428571429 0.08705357142857142 0.0625
13 0.3560267857142857 0.7154017857142857 0.11272321428571429 0.07700892857142858
13 0.29464285714285715 0.6707589285714286 0.09151785714285714 0.06696428571428571
13 0.23995535714285715 0.6205357142857143 0.08705357142857142 0.0625
13 0.20982142857142858 0.5022321428571429 0.09375 0.06696428571428571
13 0.27120535714285715 0.43861607142857145 0.09151785714285714 0.06696428571428571
11 0.14955357142857142 0.4575892857142857 0.09821428571428571 0.06696428571428571
13 0.08705357142857142 0.39285714285714285 0.09151785714285714 0.06919642857142858
13 0.19196428571428573 0.40736607142857145 0.08705357142857142 0.0625
13 0.23214285714285715 0.375 0.08370535714285714 0.0625
13 0.15066964285714285 0.35267857142857145 0.08705357142857142 0.06473214285714286
13 0.125 0.29129464285714285 0.08705357142857142 0.0625
15 0.046875 0.31138392857142855 0.08147321428571429 0.07477678571428571
13 0.04241071428571429 0.234375 0.08147321428571429 0.06696428571428571
15 0.04017857142857143 0.18191964285714285 0.07924107142857142 0.06696428571428571
13 0.14732142857142858 0.23102678571428573 0.08147321428571429 0.0625
13 0.20758928571428573 0.24665178571428573 0.09375 0.06696428571428571
13 0.11495535714285714 0.17633928571428573 0.08928571428571429 0.06473214285714286
13 0.13950892857142858 0.11830357142857142 0.08147321428571429 0.0625
13 0.04352678571428571 0.06919642857142858 0.08705357142857142 0.0625
13 0.11607142857142858 0.03794642857142857 0.08370535714285714 0.07254464285714286
13 0.20200892857142858 0.08482142857142858 0.09151785714285714 0.07254464285714286
13 0.29129464285714285 0.06919642857142858 0.08928571428571429 0.07254464285714286
13 0.35044642857142855 0.19084821428571427 0.08928571428571429 0.07254464285714286
13 0.265625 0.19977678571428573 0.07700892857142858 0.0625
13 0.32924107142857145 0.27901785714285715 0.08370535714285714 0.07254464285714286
13 0.33370535714285715 0.3861607142857143 0.08705357142857142 0.06473214285714286
13 0.43638392857142855 0.32254464285714285 0.09151785714285714 0.07254464285714286
13 0.44754464285714285 0.21540178571428573 0.09151785714285714 0.06696428571428571
13 0.4095982142857143 0.14285714285714285 0.08147321428571429 0.0625
13 0.3716517857142857 0.08258928571428571 0.09151785714285714 0.06696428571428571
13 0.46763392857142855 0.09709821428571429 0.09151785714285714 0.07254464285714286
15 0.5044642857142857 0.027901785714285716 0.08147321428571429 0.05580357142857143
13 0.5881696428571429 0.029017857142857144 0.08147321428571429 0.05803571428571429
13 0.5892857142857143 0.11160714285714286 0.09151785714285714 0.07477678571428571
15 0.625 0.14285714285714285 0.09151785714285714 0.06919642857142858
13 0.6037946428571429 0.20647321428571427 0.09375 0.06473214285714286
15 0.5814732142857143 0.28013392857142855 0.09151785714285714 0.0625
15 0.6395089285714286 0.29129464285714285 0.07924107142857142 0.060267857142857144
13 0.5848214285714286 0.41629464285714285 0.08705357142857142 0.06696428571428571
15 0.42075892857142855 0.4419642857142857 0.08705357142857142 0.07254464285714286
13 0.3627232142857143 0.45870535714285715 0.09151785714285714 0.07254464285714286
13 0.4252232142857143 0.5256696428571429 0.08928571428571429 0.06696428571428571
13 0.43526785714285715 0.5982142857142857 0.08370535714285714 0.06473214285714286
13 0.5066964285714286 0.6529017857142857 0.08147321428571429 0.06473214285714286
13 0.5189732142857143 0.5825892857142857 0.11272321428571429 0.07700892857142858
13 0.5948660714285714 0.6506696428571429 0.08705357142857142 0.06696428571428571
13 0.6272321428571429 0.5747767857142857 0.08147321428571429 0.0625
13 0.5803571428571429 0.49888392857142855 0.08370535714285714 0.07254464285714286
15 0.6529017857142857 0.47544642857142855 0.08705357142857142 0.06473214285714286
13 0.7087053571428571 0.5580357142857143 0.09151785714285714 0.06696428571428571
13 0.6674107142857143 0.38839285714285715 0.08705357142857142 0.06919642857142858
13 0.6383928571428571 0.35044642857142855 0.07700892857142858 0.05803571428571429
13 0.75 0.37388392857142855 0.08147321428571429 0.06473214285714286
13 0.7243303571428571 0.29575892857142855 0.08147321428571429 0.06696428571428571
13 0.8058035714285714 0.33370535714285715 0.08705357142857142 0.0625
13 0.8125 0.27120535714285715 0.08705357142857142 0.06696428571428571
13 0.7645089285714286 0.22321428571428573 0.08147321428571429 0.0625
13 0.6819196428571429 0.23660714285714285 0.08928571428571429 0.06696428571428571
13 0.7354910714285714 0.15401785714285715 0.08147321428571429 0.05803571428571429
13 0.6908482142857143 0.10379464285714286 0.09151785714285714 0.06696428571428571
13 0.6964285714285714 0.052455357142857144 0.08147321428571429 0.0625
13 0.7633928571428571 0.06473214285714286 0.08705357142857142 0.0625
15 0.8404017857142857 0.09709821428571429 0.09151785714285714 0.06696428571428571
13 0.8448660714285714 0.044642857142857144 0.09151785714285714 0.06696428571428571
13 0.8147321428571429 0.16852678571428573 0.08705357142857142 0.06919642857142858
15 0.9129464285714286 0.18080357142857142 0.09598214285714286 0.08147321428571429
13 0.6283482142857143 0.9464285714285714 0.09151785714285714 0.07477678571428571
13 0.5747767857142857 0.8850446428571429 0.11272321428571429 0.07700892857142858
15 0.765625 0.9352678571428571 0.08705357142857142 0.0625
13 0.6417410714285714 0.7087053571428571 0.09375 0.0625
13 0.7700892857142857 0.7645089285714286 0.08705357142857142 0.0625
13 0.8493303571428571 0.7723214285714286 0.07700892857142858 0.07254464285714286
13 0.9330357142857143 0.7611607142857143 0.09151785714285714 0.06696428571428571
13 0.9441964285714286 0.8236607142857143 0.09151785714285714 0.0625
13 0.9040178571428571 0.9241071428571429 0.08705357142857142 0.06696428571428571
13 0.8448660714285714 0.9720982142857143 0.09821428571428571 0.05580357142857143
13 0.8805803571428571 0.6350446428571429 0.09598214285714286 0.07254464285714286
13 0.8459821428571429 0.5569196428571429 0.08705357142857142 0.0625
13 0.7154017857142857 0.6205357142857143 0.09151785714285714 0.06473214285714286
11 0.8459821428571429 0.48995535714285715 0.08705357142857142 0.0625
13 0.7845982142857143 0.4375 0.09151785714285714 0.06919642857142858
15 0.8783482142857143 0.43526785714285715 0.09821428571428571 0.07477678571428571
15 0.9375 0.41964285714285715 0.09821428571428571 0.06919642857142858
13 0.9352678571428571 0.3549107142857143 0.09598214285714286 0.0625
13 0.8883928571428571 0.29799107142857145 0.08147321428571429 0.0625
13 0.96875 0.5658482142857143 0.0625 0.06696428571428571
18 0.9341517857142857 0.23883928571428573 0.08705357142857142 0.06696428571428571
11 0.26339285714285715 0.31808035714285715 0.08370535714285714 0.05580357142857143
5 0.04352678571428571 0.7868303571428571 0.08705357142857142 0.07254464285714286
12 0.3247767857142857 0.7433035714285714 0.03125 0.024553571428571428
12 0.4017857142857143 0.03794642857142857 0.03571428571428571 0.024553571428571428