14 0.24441964285714285 0.6852678571428571 0.060267857142857144 0.08705357142857142
2 0.5636160714285714 0.13950892857142858 0.07254464285714286 0.11495535714285714
2 0.6060267857142857 0.46651785714285715 0.07700892857142858 0.10044642857142858
2 0.41629464285714285 0.16741071428571427 0.08370535714285714 0.10044642857142858
11 0.37611607142857145 0.20870535714285715 0.08705357142857142 0.06919642857142858
11 0.4185267857142857 0.2611607142857143 0.06696428571428571 0.07700892857142858
11 0.3716517857142857 0.34598214285714285 0.0625 0.07924107142857142
2 0.3404017857142857 0.42075892857142855 0.06696428571428571 0.09821428571428571
2 0.45982142857142855 0.42410714285714285 0.07477678571428571 0.08370535714285714
11 0.4330357142857143 0.578125 0.07700892857142858 0.08147321428571429
11 0.8962053571428571 0.8080357142857143 0.060267857142857144 0.09598214285714286
11 0.8392857142857143 0.7991071428571429 0.05803571428571429 0.10602678571428571
2 0.7935267857142857 0.7332589285714286 0.05803571428571429 0.11049107142857142
11 0.7544642857142857 0.6573660714285714 0.07700892857142858 0.07254464285714286
11 0.6886160714285714 0.7209821428571429 0.08147321428571429 0.08705357142857142
11 0.8158482142857143 0.5915178571428571 0.08147321428571429 0.07700892857142858
2 0.9564732142857143 0.5803571428571429 0.08705357142857142 0.07254464285714286
11 0.8225446428571429 0.5133928571428571 0.08147321428571429 0.08370535714285714
11 0.6986607142857143 0.5200892857142857 0.07700892857142858 0.06696428571428571
11 0.7120535714285714 0.59375 0.0625 0.09151785714285714
11 0.7020089285714286 0.2845982142857143 0.07700892857142858 0.11272321428571429
11 0.6685267857142857 0.23325892857142858 0.07700892857142858 0.11272321428571429
11 0.5970982142857143 0.29910714285714285 0.07254464285714286 0.08705357142857142
11 0.6707589285714286 0.13727678571428573 0.07700892857142858 0.07254464285714286
11 0.7924107142857143 0.22321428571428573 0.07700892857142858 0.08147321428571429
11 0.9375 0.25892857142857145 0.07700892857142858 0.07477678571428571
11 0.859375 0.25 0.0625 0.10044642857142858
11 0.9520089285714286 0.18080357142857142 0.0625 0.10825892857142858
11 0.27120535714285715 0.9620535714285714 0.060267857142857144 0.07589285714285714
11 0.2689732142857143 0.8883928571428571 0.07700892857142858 0.06919642857142858
11 0.28794642857142855 0.8002232142857143 0.07700892857142858 0.09151785714285714
11 0.24665178571428573 0.7678571428571429 0.060267857142857144 0.09821428571428571
11 0.19754464285714285 0.8002232142857143 0.04799107142857143 0.10044642857142858
11 0.3950892857142857 0.8973214285714286 0.0625 0.09598214285714286
11 0.5189732142857143 0.9185267857142857 0.05803571428571429 0.09598214285714286
2 0.31808035714285715 0.6049107142857143 0.07477678571428571 0.09821428571428571
11 0.10491071428571429 0.65625 0.05803571428571429 0.09598214285714286
11 0.024553571428571428 0.7756696428571429 0.04799107142857143 0.09151785714285714
11 0.05133928571428571 0.12276785714285714 0.052455357142857144 0.11272321428571429
11 0.5357142857142857 0.34375 0.060267857142857144 0.09598214285714286
11 0.5513392857142857 0.43191964285714285 0.07700892857142858 0.06919642857142858
11 0.46316964285714285 0.6573660714285714 0.06473214285714286 0.10602678571428571
14 0.6194196428571429 0.8537946428571429 0.05580357142857143 0.08705357142857142
11 0.5044642857142857 0.056919642857142856 0.07700892857142858 0.11272321428571429
11 0.47098214285714285 0.12946428571428573 0.06696428571428571 0.09375
11 0.5613839285714286 0.044642857142857144 0.07924107142857142 0.08928571428571429
11 0.43638392857142855 0.34933035714285715 0.05803571428571429 0.09151785714285714
11 0.23772321428571427 0.30691964285714285 0.07700892857142858 0.08928571428571429
11 0.34598214285714285 0.09375 0.05803571428571429 0.10044642857142858
13 0.8258928571428571 0.9252232142857143 0.07254464285714286 0.10044642857142858
13 0.7366071428571429 0.9553571428571429 0.07477678571428571 0.08370535714285714
13 0.7310267857142857 0.8526785714285714 0.07924107142857142 0.09598214285714286
15 0.6529017857142857 0.7957589285714286 0.06473214285714286 0.09151785714285714
15 0.9609375 0.8247767857142857 0.078125 0.08258928571428571
13 0.8571428571428571 0.640625 0.06696428571428571 0.08928571428571429
13 0.9129464285714286 0.39955357142857145 0.06473214285714286 0.07700892857142858
11 0.19866071428571427 0.9363839285714286 0.07700892857142858 0.07700892857142858
15 0.08035714285714286 0.890625 0.0625 0.08705357142857142
13 0.22879464285714285 0.09821428571428571 0.06473214285714286 0.09375
13 0.2924107142857143 0.13616071428571427 0.0625 0.09375
11 0.18861607142857142 0.03571428571428571 0.07366071428571429 0.07142857142857142
11 0.6439732142857143 0.056919642857142856 0.07700892857142858 0.11272321428571429
14 0.7678571428571429 0.3002232142857143 0.06696428571428571 0.07254464285714286
14 0.24107142857142858 0.6026785714285714 0.07700892857142858 0.08147321428571429
13 0.03571428571428571 0.3169642857142857 0.06919642857142858 0.08370535714285714
13 0.12053571428571429 0.28683035714285715 0.07700892857142858 0.09151785714285714
13 0.15625 0.5658482142857143 0.07254464285714286 0.09821428571428571
15 0.375 0.5457589285714286 0.06696428571428571 0.08147321428571429
13 0.13616071428571427 0.7857142857142857 0.06696428571428571 0.08147321428571429
11 0.04241071428571429 0.484375 0.07700892857142858 0.07700892857142858
15 0.10714285714285714 0.14508928571428573 0.0625 0.08370535714285714
13 0.041294642857142856 0.40401785714285715 0.06919642857142858 0.08705357142857142
11 0.8582589285714286 0.07142857142857142 0.07700892857142858 0.11272321428571429
11 0.9676339285714286 0.08816964285714286 0.0625 0.11272321428571429
11 0.9095982142857143 0.6997767857142857 0.07700892857142858 0.08147321428571429
11 0.48995535714285715 0.7477678571428571 0.05803571428571429 0.08705357142857142
11 0.5491071428571429 0.8560267857142857 0.06696428571428571 0.09151785714285714
11 0.6339285714285714 0.5758928571428571 0.07254464285714286 0.08147321428571429
11 0.5658482142857143 0.5825892857142857 0.05803571428571429 0.09375
15 0.7377232142857143 0.7678571428571429 0.07254464285714286 0.07254464285714286
11 0.40513392857142855 0.7979910714285714 0.07254464285714286 0.09151785714285714
13 0.42857142857142855 0.7276785714285714 0.07254464285714286 0.08705357142857142
15 0.5212053571428571 0.5089285714285714 0.05803571428571429 0.08370535714285714
15 0.46651785714285715 0.3013392857142857 0.07254464285714286 0.08147321428571429
11 0.7868303571428571 0.3939732142857143 0.07700892857142858 0.11272321428571429
13 0.46205357142857145 0.8493303571428571 0.0625 0.09151785714285714
12 0.07366071428571429 0.5613839285714286 0.024553571428571428 0.033482142857142856
12 0.34375 0.25111607142857145 0.021205357142857144 0.029017857142857144
12 0.5904017857142857 0.9899553571428571 0.026785714285714284 0.018973214285714284