17 0.29799107142857145 0.6227678571428571 0.07700892857142858 0.11272321428571429
17 0.4252232142857143 0.16741071428571427 0.06919642857142858 0.10044642857142858
17 0.5814732142857143 0.4252232142857143 0.07700892857142858 0.11272321428571429
17 0.546875 0.6651785714285714 0.07700892857142858 0.11272321428571429
17 0.4810267857142857 0.7354910714285714 0.07700892857142858 0.11272321428571429
17 0.49330357142857145 0.9252232142857143 0.07700892857142858 0.09821428571428571
17 0.6350446428571429 0.6529017857142857 0.07700892857142858 0.11272321428571429
17 0.7712053571428571 0.23102678571428573 0.07700892857142858 0.11272321428571429
17 0.6238839285714286 0.31026785714285715 0.07700892857142858 0.11272321428571429
17 0.8504464285714286 0.5904017857142857 0.07700892857142858 0.11272321428571429
17 0.7287946428571429 0.7622767857142857 0.07700892857142858 0.11272321428571429
17 0.2924107142857143 0.20200892857142858 0.07700892857142858 0.11272321428571429
17 0.8225446428571429 0.36607142857142855 0.07700892857142858 0.11272321428571429
17 0.033482142857142856 0.8973214285714286 0.06696428571428571 0.11272321428571429
17 0.6830357142857143 0.16852678571428573 0.07700892857142858 0.11272321428571429
17 0.7533482142857143 0.09933035714285714 0.07700892857142858 0.11272321428571429
17 0.8470982142857143 0.22433035714285715 0.07700892857142858 0.11272321428571429
8 0.8761160714285714 0.15290178571428573 0.07700892857142858 0.11272321428571429
17 0.18415178571428573 0.5658482142857143 0.07700892857142858 0.11272321428571429
14 0.6841517857142857 0.28683035714285715 0.07700892857142858 0.11272321428571429
11 0.06138392857142857 0.5033482142857143 0.07700892857142858 0.11272321428571429
5 0.21205357142857142 0.3091517857142857 0.07700892857142858 0.11272321428571429
5 0.09040178571428571 0.04799107142857143 0.07700892857142858 0.09598214285714286
13 0.8783482142857143 0.34151785714285715 0.07700892857142858 0.11272321428571429
13 0.8604910714285714 0.43526785714285715 0.07700892857142858 0.11272321428571429
13 0.75 0.6227678571428571 0.07700892857142858 0.11272321428571429