15 0.078125 0.25 0.07924107142857142 0.11272321428571429
15 0.13169642857142858 0.19642857142857142 0.07924107142857142 0.11272321428571429
15 0.234375 0.14732142857142858 0.07924107142857142 0.11272321428571429
15 0.16741071428571427 0.26450892857142855 0.07924107142857142 0.11272321428571429
15 0.125 0.07700892857142858 0.07924107142857142 0.11272321428571429
15 0.13950892857142858 0.3627232142857143 0.07924107142857142 0.11272321428571429
15 0.09709821428571429 0.4375 0.07700892857142858 0.11272321428571429
15 0.12388392857142858 0.5055803571428571 0.06473214285714286 0.09598214285714286
15 0.07700892857142858 0.5345982142857143 0.06696428571428571 0.09821428571428571
15 0.08816964285714286 0.6238839285714286 0.06473214285714286 0.08147321428571429
15 0.14508928571428573 0.6361607142857143 0.07700892857142858 0.11272321428571429
15 0.07924107142857142 0.7131696428571429 0.07924107142857142 0.09151785714285714
15 0.3125 0.4654017857142857 0.07924107142857142 0.11272321428571429
15 0.43080357142857145 0.41183035714285715 0.07924107142857142 0.11272321428571429
15 0.45424107142857145 0.22098214285714285 0.07924107142857142 0.11272321428571429
15 0.4966517857142857 0.7042410714285714 0.07924107142857142 0.11272321428571429
15 0.546875 0.734375 0.060267857142857144 0.09151785714285714
15 0.7879464285714286 0.7834821428571429 0.07924107142857142 0.11272321428571429
15 0.8381696428571429 0.7209821428571429 0.07924107142857142 0.11272321428571429
15 0.8716517857142857 0.5714285714285714 0.07924107142857142 0.11272321428571429
15 0.6183035714285714 0.5848214285714286 0.07924107142857142 0.11272321428571429
15 0.6662946428571429 0.10491071428571429 0.07924107142857142 0.11272321428571429
15 0.36495535714285715 0.8013392857142857 0.060267857142857144 0.09598214285714286
15 0.31808035714285715 0.7220982142857143 0.07924107142857142 0.11272321428571429
15 0.34486607142857145 0.6584821428571429 0.07924107142857142 0.11272321428571429
15 0.5189732142857143 0.875 0.07924107142857142 0.11272321428571429
15 0.23995535714285715 0.38392857142857145 0.07924107142857142 0.11272321428571429
15 0.9709821428571429 0.35267857142857145 0.05803571428571429 0.08370535714285714
15 0.9319196428571429 0.37723214285714285 0.060267857142857144 0.07924107142857142
15 0.8191964285714286 0.32142857142857145 0.07924107142857142 0.11272321428571429