13 0.9006696428571429 0.13950892857142858 0.14397321428571427 0.23325892857142858
6 0.5212053571428571 0.28794642857142855 0.38504464285714285 0.13950892857142858
13 0.6975446428571429 0.2544642857142857 0.26450892857142855 0.20647321428571427
13 0.9118303571428571 0.2924107142857143 0.17522321428571427 0.13169642857142858
13 0.46205357142857145 0.09263392857142858 0.24553571428571427 0.18526785714285715
13 0.6696428571428571 0.13169642857142858 0.24330357142857142 0.26004464285714285
13 0.3627232142857143 0.17633928571428573 0.06696428571428571 0.3002232142857143
3 0.16517857142857142 0.6908482142857143 0.32924107142857145 0.5691964285714286
6 0.13058035714285715 0.8582589285714286 0.2611607142857143 0.28348214285714285
12 0.6941964285714286 0.38392857142857145 0.10602678571428571 0.05022321428571429
12 0.6082589285714286 0.4564732142857143 0.12946428571428573 0.15401785714285715
13 0.3627232142857143 0.8482142857142857 0.06696428571428571 0.22544642857142858
13 0.3392857142857143 0.5591517857142857 0.018973214285714284 0.25223214285714285
9 0.7433035714285714 0.7287946428571429 0.5133928571428571 0.5424107142857143
13 0.8537946428571429 0.9564732142857143 0.27455357142857145 0.08705357142857142
13 0.41517857142857145 0.4375 0.17075892857142858 0.15848214285714285
13 0.4408482142857143 0.5970982142857143 0.22321428571428573 0.23325892857142858