15 0.4252232142857143 0.08147321428571429 0.07924107142857142 0.11272321428571429
15 0.48549107142857145 0.07477678571428571 0.07924107142857142 0.11272321428571429
15 0.3013392857142857 0.04575892857142857 0.07924107142857142 0.09151785714285714
15 0.07477678571428571 0.22433035714285715 0.07924107142857142 0.11272321428571429
15 0.027901785714285716 0.19866071428571427 0.05580357142857143 0.11272321428571429
15 0.5580357142857143 0.09151785714285714 0.07924107142857142 0.11272321428571429
15 0.5870535714285714 0.04017857142857143 0.07924107142857142 0.07924107142857142
15 0.35379464285714285 0.35044642857142855 0.060267857142857144 0.08370535714285714
15 0.18191964285714285 0.44642857142857145 0.07924107142857142 0.11272321428571429
15 0.6439732142857143 0.5290178571428571 0.07700892857142858 0.11272321428571429
15 0.671875 0.33482142857142855 0.07924107142857142 0.11272321428571429
15 0.7912946428571429 0.33370535714285715 0.0625 0.08147321428571429
15 0.8392857142857143 0.28013392857142855 0.06473214285714286 0.09598214285714286
15 0.9375 0.11383928571428571 0.07924107142857142 0.11272321428571429
15 0.8270089285714286 0.43526785714285715 0.0625 0.08705357142857142
15 0.7611607142857143 0.578125 0.06696428571428571 0.08370535714285714
15 0.6037946428571429 0.6506696428571429 0.07924107142857142 0.11272321428571429
15 0.4877232142857143 0.7555803571428571 0.06919642857142858 0.09151785714285714
15 0.4375 0.8113839285714286 0.07254464285714286 0.09598214285714286
15 0.6138392857142857 0.7589285714285714 0.05803571428571429 0.08705357142857142
15 0.07477678571428571 0.7488839285714286 0.07254464285714286 0.08928571428571429
15 0.16964285714285715 0.78125 0.0625 0.09151785714285714
14 0.9185267857142857 0.6205357142857143 0.06473214285714286 0.07477678571428571