7 0.5714285714285714 0.7154017857142857 0.09821428571428571 0.11272321428571429
17 0.7801339285714286 0.7276785714285714 0.07700892857142858 0.10602678571428571
17 0.23214285714285715 0.7154017857142857 0.07477678571428571 0.09151785714285714
17 0.5837053571428571 0.36495535714285715 0.07700892857142858 0.10602678571428571
17 0.5022321428571429 0.5881696428571429 0.09375 0.11495535714285714
13 0.2857142857142857 0.43638392857142855 0.07477678571428571 0.10602678571428571
13 0.4888392857142857 0.25111607142857145 0.07924107142857142 0.11049107142857142
13 0.5301339285714286 0.48325892857142855 0.08147321428571429 0.11272321428571429
13 0.43861607142857145 0.7377232142857143 0.08370535714285714 0.10602678571428571
13 0.34375 0.7399553571428571 0.08147321428571429 0.11495535714285714
15 0.109375 0.6462053571428571 0.07700892857142858 0.11495535714285714
13 0.9542410714285714 0.8214285714285714 0.08147321428571429 0.09598214285714286
13 0.8638392857142857 0.17410714285714285 0.09598214285714286 0.11049107142857142
13 0.9508928571428571 0.18861607142857142 0.09151785714285714 0.11495535714285714