13 0.7801339285714286 0.6897321428571429 0.09598214285714286 0.06696428571428571
11 0.8627232142857143 0.7466517857142857 0.08928571428571429 0.0625
11 0.9162946428571429 0.26004464285714285 0.10602678571428571 0.052455357142857144
13 0.5970982142857143 0.03459821428571429 0.08370535714285714 0.0625
11 0.08035714285714286 0.28013392857142855 0.07477678571428571 0.06696428571428571
11 0.15736607142857142 0.11049107142857142 0.09375 0.06696428571428571
11 0.6149553571428571 0.9162946428571429 0.09151785714285714 0.07254464285714286
13 0.20647321428571427 0.8180803571428571 0.09375 0.0625
11 0.3013392857142857 0.16964285714285715 0.08705357142857142 0.08147321428571429
11 0.6919642857142857 0.36049107142857145 0.10044642857142858 0.060267857142857144
15 0.34375 0.5892857142857143 0.08928571428571429 0.06919642857142858
15 0.5758928571428571 0.39955357142857145 0.07477678571428571 0.052455357142857144
11 0.9308035714285714 0.3247767857142857 0.08705357142857142 0.06696428571428571