13 0.014508928571428572 0.8113839285714286 0.029017857142857144 0.2622767857142857
13 0.07366071428571429 0.11607142857142858 0.14620535714285715 0.22879464285714285
13 0.5591517857142857 0.8493303571428571 0.26674107142857145 0.21651785714285715
13 0.11049107142857142 0.9698660714285714 0.21651785714285715 0.060267857142857144
13 0.9720982142857143 0.5089285714285714 0.05580357142857143 0.23995535714285715
13 0.0703125 0.036830357142857144 0.13616071428571427 0.07366071428571429
13 0.9575892857142857 0.8850446428571429 0.08370535714285714 0.22544642857142858
13 0.05357142857142857 0.5256696428571429 0.10379464285714286 0.22879464285714285
13 0.6428571428571429 0.9397321428571429 0.19196428571428573 0.12053571428571429
6 0.49888392857142855 0.5279017857142857 0.44754464285714285 0.46205357142857145
13 0.8191964285714286 0.5167410714285714 0.20424107142857142 0.23772321428571427
13 0.21316964285714285 0.5569196428571429 0.22098214285714285 0.22098214285714285
13 0.09263392857142858 0.3002232142857143 0.18080357142857142 0.22321428571428573
13 0.8214285714285714 0.17075892857142858 0.22098214285714285 0.19196428571428573
13 0.2767857142857143 0.3314732142857143 0.22544642857142858 0.21428571428571427
13 0.24107142857142858 0.12611607142857142 0.23995535714285715 0.21428571428571427
13 0.8024553571428571 0.8627232142857143 0.21651785714285715 0.24330357142857142
13 0.31473214285714285 0.9241071428571429 0.2544642857142857 0.15178571428571427
13 0.20758928571428573 0.7689732142857143 0.23325892857142858 0.18526785714285715