9 0.34151785714285715 0.35825892857142855 0.33705357142857145 0.5814732142857143
3 0.8258928571428571 0.33370535714285715 0.3482142857142857 0.5044642857142857
13 0.09040178571428571 0.8694196428571429 0.18080357142857142 0.2611607142857143
13 0.40848214285714285 0.9040178571428571 0.20200892857142858 0.19196428571428573
13 0.27232142857142855 0.7678571428571429 0.2857142857142857 0.23772321428571427
13 0.03125 0.9029017857142857 0.0625 0.19419642857142858
13 0.4029017857142857 0.9564732142857143 0.21428571428571427 0.08705357142857142
13 0.22879464285714285 0.8270089285714286 0.22879464285714285 0.21651785714285715
13 0.5613839285714286 0.7354910714285714 0.10379464285714286 0.11049107142857142
13 0.9464285714285714 0.8850446428571429 0.10714285714285714 0.22991071428571427
13 0.8069196428571429 0.9241071428571429 0.3002232142857143 0.15178571428571427
13 0.8839285714285714 0.7767857142857143 0.23214285714285715 0.22767857142857142
13 0.6651785714285714 0.8069196428571429 0.31026785714285715 0.29575892857142855