6 0.42075892857142855 0.13839285714285715 0.3560267857142857 0.2767857142857143
9 0.3404017857142857 0.36830357142857145 0.5167410714285714 0.28348214285714285
0 0.75 0.27120535714285715 0.30245535714285715 0.47544642857142855
13 0.13950892857142858 0.6875 0.27901785714285715 0.30245535714285715
13 0.5022321428571429 0.8761160714285714 0.19196428571428573 0.24776785714285715
6 0.40066964285714285 0.7176339285714286 0.39620535714285715 0.41629464285714285
13 0.029017857142857144 0.6160714285714286 0.05803571428571429 0.21428571428571427
13 0.30580357142857145 0.9352678571428571 0.3169642857142857 0.12946428571428573
13 0.9386160714285714 0.6986607142857143 0.12276785714285714 0.24330357142857142
13 0.7834821428571429 0.8738839285714286 0.28348214285714285 0.25223214285714285
13 0.7165178571428571 0.5613839285714286 0.23549107142857142 0.10379464285714286
13 0.8973214285714286 0.5491071428571429 0.20424107142857142 0.07924107142857142
0 0.671875 0.71875 0.14620535714285715 0.4185267857142857