15 0.8035714285714286 0.49107142857142855 0.05803571428571429 0.07700892857142858
15 0.7142857142857143 0.6685267857142857 0.07254464285714286 0.08705357142857142
15 0.7377232142857143 0.8247767857142857 0.0625 0.07924107142857142
15 0.6651785714285714 0.8169642857142857 0.06696428571428571 0.09598214285714286
15 0.5881696428571429 0.8459821428571429 0.05022321428571429 0.06696428571428571
15 0.5591517857142857 0.9017857142857143 0.06473214285714286 0.08147321428571429
15 0.4341517857142857 0.8794642857142857 0.05803571428571429 0.08705357142857142
15 0.16852678571428573 0.9397321428571429 0.060267857142857144 0.07477678571428571
15 0.12165178571428571 0.9475446428571429 0.04799107142857143 0.07254464285714286
15 0.06584821428571429 0.9174107142857143 0.0625 0.08705357142857142
15 0.2533482142857143 0.8002232142857143 0.07700892857142858 0.11272321428571429
15 0.34486607142857145 0.7276785714285714 0.0625 0.06696428571428571
15 0.28236607142857145 0.7533482142857143 0.07700892857142858 0.11272321428571429
15 0.24330357142857142 0.7098214285714286 0.07700892857142858 0.11272321428571429
15 0.04352678571428571 0.5959821428571429 0.07700892857142858 0.11272321428571429
15 0.10491071428571429 0.5424107142857143 0.07700892857142858 0.11272321428571429
15 0.12611607142857142 0.46986607142857145 0.06696428571428571 0.08705357142857142
15 0.15625 0.5591517857142857 0.060267857142857144 0.09151785714285714
15 0.30691964285714285 0.5357142857142857 0.06696428571428571 0.08147321428571429
15 0.3794642857142857 0.5301339285714286 0.07254464285714286 0.09821428571428571
15 0.41629464285714285 0.5959821428571429 0.052455357142857144 0.06696428571428571
15 0.5245535714285714 0.6049107142857143 0.07700892857142858 0.11272321428571429
1 0.8537946428571429 0.6205357142857143 0.0625 0.08370535714285714
15 0.48325892857142855 0.14508928571428573 0.05803571428571429 0.08705357142857142
15 0.4877232142857143 0.33816964285714285 0.07700892857142858 0.11272321428571429
15 0.6439732142857143 0.26785714285714285 0.06473214285714286 0.08705357142857142
15 0.7243303571428571 0.3169642857142857 0.0625 0.08147321428571429
15 0.5267857142857143 0.47433035714285715 0.0625 0.08147321428571429
15 0.17299107142857142 0.30245535714285715 0.05803571428571429 0.07477678571428571
15 0.40736607142857145 0.3392857142857143 0.052455357142857144 0.07477678571428571
15 0.33816964285714285 0.14508928571428573 0.06696428571428571 0.09375
15 0.03125 0.19642857142857142 0.0625 0.11272321428571429
15 0.9095982142857143 0.23214285714285715 0.0625 0.08147321428571429
15 0.8705357142857143 0.10714285714285714 0.0625 0.08147321428571429
1 0.9654017857142857 0.5881696428571429 0.0625 0.08928571428571429
2 0.7555803571428571 0.9229910714285714 0.07700892857142858 0.060267857142857144
1 0.19642857142857142 0.44754464285714285 0.06696428571428571 0.07700892857142858