17 0.43638392857142855 0.3392857142857143 0.07254464285714286 0.09598214285714286
17 0.19308035714285715 0.39620535714285715 0.06696428571428571 0.09375
17 0.20424107142857142 0.48214285714285715 0.06696428571428571 0.08928571428571429
17 0.23549107142857142 0.15848214285714285 0.07700892857142858 0.11272321428571429
17 0.5066964285714286 0.5892857142857143 0.07700892857142858 0.09598214285714286
17 0.7522321428571429 0.3627232142857143 0.07477678571428571 0.08928571428571429
17 0.7622767857142857 0.2767857142857143 0.07924107142857142 0.09375
17 0.8024553571428571 0.20758928571428573 0.07700892857142858 0.10602678571428571
17 0.703125 0.19084821428571427 0.07254464285714286 0.10044642857142858
17 0.6339285714285714 0.24776785714285715 0.07477678571428571 0.10044642857142858
17 0.5658482142857143 0.20870535714285715 0.07700892857142858 0.09151785714285714
17 0.5357142857142857 0.13058035714285715 0.07254464285714286 0.09598214285714286
17 0.6941964285714286 0.10044642857142858 0.07477678571428571 0.08928571428571429
17 0.46875 0.09040178571428571 0.06919642857142858 0.09598214285714286
17 0.3549107142857143 0.10267857142857142 0.07700892857142858 0.09598214285714286
17 0.35825892857142855 0.19754464285714285 0.07700892857142858 0.09598214285714286
17 0.15959821428571427 0.8482142857142857 0.06696428571428571 0.09598214285714286
11 0.9508928571428571 0.5044642857142857 0.06919642857142858 0.10602678571428571
12 0.08928571428571429 0.39732142857142855 0.033482142857142856 0.03571428571428571
17 0.28683035714285715 0.8426339285714286 0.07700892857142858 0.09151785714285714
13 0.07477678571428571 0.6450892857142857 0.0625 0.09375
13 0.8258928571428571 0.3638392857142857 0.06696428571428571 0.08705357142857142