0 0.6417410714285714 0.22991071428571427 0.5100446428571429 0.45870535714285715
9 0.18526785714285715 0.6997767857142857 0.3080357142857143 0.4810267857142857
13 0.35825892857142855 0.5792410714285714 0.03794642857142857 0.22544642857142858
13 0.39955357142857145 0.47433035714285715 0.12053571428571429 0.03125
13 0.6607142857142857 0.5279017857142857 0.23995535714285715 0.13727678571428573
13 0.5345982142857143 0.6138392857142857 0.26004464285714285 0.24776785714285715
6 0.7455357142857143 0.8348214285714286 0.4185267857142857 0.32924107142857145
13 0.4408482142857143 0.7912946428571429 0.20424107142857142 0.27901785714285715
13 0.9464285714285714 0.8136160714285714 0.10714285714285714 0.22544642857142858
13 0.9441964285714286 0.6116071428571429 0.11049107142857142 0.23325892857142858
13 0.8649553571428571 0.5368303571428571 0.22098214285714285 0.15625