7 0.5881696428571429 0.47433035714285715 0.12946428571428573 0.09598214285714286
7 0.6941964285714286 0.24553571428571427 0.11495535714285714 0.09598214285714286
7 0.15513392857142858 0.3404017857142857 0.12053571428571429 0.08705357142857142
7 0.13950892857142858 0.5591517857142857 0.12053571428571429 0.08370535714285714
17 0.13727678571428573 0.9040178571428571 0.10602678571428571 0.08928571428571429
11 0.41517857142857145 0.6004464285714286 0.08705357142857142 0.10602678571428571
11 0.07700892857142858 0.4486607142857143 0.09151785714285714 0.10044642857142858
12 0.3470982142857143 0.8470982142857143 0.029017857142857144 0.021205357142857144
12 0.5502232142857143 0.125 0.03125 0.024553571428571428
12 0.5089285714285714 0.5669642857142857 0.033482142857142856 0.026785714285714284
12 0.23772321428571427 0.43973214285714285 0.024553571428571428 0.018973214285714284