13 0.06919642857142858 0.06696428571428571 0.13839285714285715 0.13392857142857142
12 0.015625 0.6941964285714286 0.03125 0.08370535714285714
13 0.6551339285714286 0.20982142857142858 0.28794642857142855 0.20200892857142858
13 0.3091517857142857 0.6506696428571429 0.22098214285714285 0.2767857142857143
13 0.44308035714285715 0.8013392857142857 0.25223214285714285 0.19977678571428573
13 0.06138392857142857 0.8270089285714286 0.12276785714285714 0.22098214285714285
12 0.09709821428571429 0.42299107142857145 0.10602678571428571 0.08705357142857142
13 0.3627232142857143 0.030133928571428572 0.25223214285714285 0.060267857142857144
13 0.6674107142857143 0.12946428571428573 0.22098214285714285 0.2544642857142857
13 0.11049107142857142 0.9419642857142857 0.22098214285714285 0.10602678571428571
12 0.20647321428571427 0.07477678571428571 0.09821428571428571 0.10602678571428571
13 0.22991071428571427 0.44419642857142855 0.23102678571428573 0.21205357142857142
13 0.6729910714285714 0.7555803571428571 0.23549107142857142 0.22879464285714285
13 0.10825892857142858 0.6205357142857143 0.21651785714285715 0.20870535714285715
13 0.37723214285714285 0.9363839285714286 0.24553571428571427 0.12276785714285714
13 0.8493303571428571 0.49107142857142855 0.23325892857142858 0.24553571428571427
13 0.8928571428571429 0.22991071428571427 0.20424107142857142 0.23549107142857142
3 0.5256696428571429 0.5011160714285714 0.43526785714285715 0.48325892857142855
13 0.09598214285714286 0.22433035714285715 0.19196428571428573 0.20647321428571427