0 0.20870535714285715 0.22433035714285715 0.4174107142857143 0.4486607142857143
6 0.8337053571428571 0.16071428571428573 0.328125 0.32142857142857145
6 0.35825892857142855 0.8314732142857143 0.12053571428571429 0.33705357142857145
13 0.9609375 0.875 0.078125 0.25
12 0.6908482142857143 0.9162946428571429 0.09598214285714286 0.09151785714285714
13 0.9129464285714286 0.9910714285714286 0.17299107142857142 0.016741071428571428
3 0.7455357142857143 0.6540178571428571 0.5044642857142857 0.2689732142857143
13 0.8348214285714286 0.8325892857142857 0.26450892857142855 0.24553571428571427
13 0.5558035714285714 0.8113839285714286 0.27455357142857145 0.27120535714285715
13 0.43861607142857145 0.7566964285714286 0.041294642857142856 0.2689732142857143
13 0.9453125 0.6964285714285714 0.109375 0.23660714285714285