13 0.03794642857142857 0.26785714285714285 0.07589285714285714 0.16071428571428573
13 0.19977678571428573 0.21875 0.3314732142857143 0.26004464285714285
6 0.39620535714285715 0.20424107142857142 0.26450892857142855 0.28794642857142855
13 0.17299107142857142 0.06808035714285714 0.34151785714285715 0.13616071428571427
0 0.6886160714285714 0.25669642857142855 0.31919642857142855 0.18303571428571427
9 0.8571428571428571 0.19084821428571427 0.2857142857142857 0.31473214285714285
13 0.4107142857142857 0.36160714285714285 0.21205357142857142 0.026785714285714284
6 0.21986607142857142 0.7600446428571429 0.43973214285714285 0.4799107142857143
13 0.4732142857142857 0.8392857142857143 0.11049107142857142 0.2544642857142857
13 0.16517857142857142 0.36160714285714285 0.21875 0.026785714285714284
12 0.34263392857142855 0.4486607142857143 0.13950892857142858 0.14174107142857142
9 0.7042410714285714 0.7600446428571429 0.35044642857142855 0.4799107142857143