13 0.9475446428571429 0.32254464285714285 0.10044642857142858 0.2689732142857143
13 0.056919642857142856 0.9765625 0.11383928571428571 0.046875
13 0.9575892857142857 0.8660714285714286 0.07924107142857142 0.23995535714285715
13 0.13950892857142858 0.10491071428571429 0.25 0.20870535714285715
12 0.7399553571428571 0.8995535714285714 0.08705357142857142 0.06919642857142858
13 0.8560267857142857 0.9430803571428571 0.23995535714285715 0.10602678571428571
13 0.25558035714285715 0.6361607142857143 0.2544642857142857 0.2767857142857143
13 0.15959821428571427 0.29464285714285715 0.2689732142857143 0.1875
6 0.49441964285714285 0.49888392857142855 0.37276785714285715 0.35379464285714285
13 0.7243303571428571 0.6495535714285714 0.23325892857142858 0.2622767857142857
13 0.8738839285714286 0.07477678571428571 0.24776785714285715 0.14955357142857142
13 0.5022321428571429 0.7667410714285714 0.26674107142857145 0.23995535714285715
13 0.11941964285714286 0.46316964285714285 0.23772321428571427 0.20870535714285715
13 0.34263392857142855 0.09933035714285714 0.23102678571428573 0.19196428571428573
13 0.48995535714285715 0.24553571428571427 0.31026785714285715 0.19977678571428573
13 0.5825892857142857 0.09151785714285714 0.24553571428571427 0.17745535714285715
13 0.30245535714285715 0.90625 0.23325892857142858 0.1875
13 0.7935267857142857 0.26339285714285715 0.22544642857142858 0.23549107142857142