7 0.5290178571428571 0.35825892857142855 0.11495535714285714 0.09375
7 0.5803571428571429 0.5301339285714286 0.12053571428571429 0.08705357142857142
7 0.19642857142857142 0.7131696428571429 0.11272321428571429 0.08705357142857142
7 0.5747767857142857 0.9029017857142857 0.11272321428571429 0.07700892857142858
7 0.8995535714285714 0.7801339285714286 0.12276785714285714 0.09375
7 0.5680803571428571 0.23772321428571427 0.11495535714285714 0.09151785714285714
7 0.8314732142857143 0.5267857142857143 0.11272321428571429 0.07700892857142858
7 0.7444196428571429 0.4095982142857143 0.11272321428571429 0.08705357142857142
7 0.10602678571428571 0.13839285714285715 0.12053571428571429 0.08705357142857142
17 0.31138392857142855 0.13504464285714285 0.12276785714285714 0.09151785714285714
17 0.15625 0.48549107142857145 0.10825892857142858 0.08705357142857142
17 0.19419642857142858 0.9162946428571429 0.10044642857142858 0.08147321428571429
17 0.9162946428571429 0.4642857142857143 0.11495535714285714 0.09375