0 0.22991071428571427 0.19754464285714285 0.42075892857142855 0.3939732142857143
10 0.7511160714285714 0.28236607142857145 0.49776785714285715 0.5122767857142857
10 0.13950892857142858 0.8303571428571429 0.27901785714285715 0.3392857142857143
13 0.9598214285714286 0.5446428571428571 0.07924107142857142 0.012276785714285714
13 0.5825892857142857 0.7622767857142857 0.2857142857142857 0.3125
13 0.4877232142857143 0.8805803571428571 0.09598214285714286 0.23772321428571427
13 0.47098214285714285 0.7522321428571429 0.0625 0.28794642857142855
13 0.5122767857142857 0.6026785714285714 0.14397321428571427 0.12723214285714285
13 0.8058035714285714 0.765625 0.29799107142857145 0.27901785714285715
13 0.8649553571428571 0.6261160714285714 0.2689732142857143 0.17522321428571427
13 0.9107142857142857 0.8939732142857143 0.17745535714285715 0.21205357142857142
0 0.6941964285714286 0.8928571428571429 0.48549107142857145 0.21428571428571427