9 0.5066964285714286 0.45089285714285715 0.49330357142857145 0.4107142857142857
13 0.8783482142857143 0.34151785714285715 0.24330357142857142 0.19977678571428573
13 0.8816964285714286 0.15066964285714285 0.23549107142857142 0.18526785714285715
13 0.29799107142857145 0.15736607142857142 0.22098214285714285 0.20870535714285715
13 0.06919642857142858 0.43080357142857145 0.13839285714285715 0.2857142857142857
13 0.21540178571428573 0.43861607142857145 0.125 0.27455357142857145
13 0.11607142857142858 0.7611607142857143 0.20647321428571427 0.25669642857142855
13 0.35825892857142855 0.7533482142857143 0.22321428571428573 0.17522321428571427
13 0.8314732142857143 0.5758928571428571 0.13950892857142858 0.18080357142857142
13 0.8426339285714286 0.7700892857142857 0.17522321428571427 0.14955357142857142
13 0.6674107142857143 0.9397321428571429 0.23772321428571427 0.12053571428571429
13 0.9709821428571429 0.8303571428571429 0.05803571428571429 0.18080357142857142
13 0.9587053571428571 0.5591517857142857 0.08147321428571429 0.22879464285714285
13 0.7410714285714286 0.03236607142857143 0.3002232142857143 0.05803571428571429
13 0.09598214285714286 0.06808035714285714 0.19196428571428573 0.13616071428571427