8 0.7566964285714286 0.7857142857142857 0.07477678571428571 0.05803571428571429
8 0.9408482142857143 0.7042410714285714 0.07700892857142858 0.05803571428571429
8 0.12946428571428573 0.6004464285714286 0.07700892857142858 0.05803571428571429
17 0.6908482142857143 0.546875 0.08147321428571429 0.06696428571428571
17 0.15290178571428573 0.9285714285714286 0.09151785714285714 0.06696428571428571
8 0.8772321428571429 0.15848214285714285 0.07700892857142858 0.052455357142857144
5 0.8125 0.9274553571428571 0.09151785714285714 0.06473214285714286
1 0.9029017857142857 0.09933035714285714 0.09151785714285714 0.06919642857142858
1 0.9486607142857143 0.21540178571428573 0.09151785714285714 0.0625
1 0.6227678571428571 0.265625 0.08370535714285714 0.07254464285714286
12 0.5301339285714286 0.25892857142857145 0.052455357142857144 0.033482142857142856
12 0.3158482142857143 0.24665178571428573 0.03571428571428571 0.026785714285714284
12 0.19308035714285715 0.15625 0.052455357142857144 0.03794642857142857
12 0.16741071428571427 0.7712053571428571 0.033482142857142856 0.024553571428571428
12 0.34151785714285715 0.8448660714285714 0.029017857142857144 0.018973214285714284
12 0.4174107142857143 0.7712053571428571 0.024553571428571428 0.018973214285714284
12 0.41183035714285715 0.5680803571428571 0.026785714285714284 0.014508928571428572
12 0.7912946428571429 0.9709821428571429 0.029017857142857144 0.018973214285714284
12 0.9118303571428571 0.8861607142857143 0.024553571428571428 0.018973214285714284
12 0.9575892857142857 0.5111607142857143 0.018973214285714284 0.021205357142857144
12 0.6830357142857143 0.45982142857142855 0.029017857142857144 0.024553571428571428
1 0.43191964285714285 0.026785714285714284 0.09151785714285714 0.052455357142857144
1 0.05022321428571429 0.2924107142857143 0.09598214285714286 0.06919642857142858
1 0.12388392857142858 0.35267857142857145 0.08370535714285714 0.0625
15 0.04575892857142857 0.375 0.07254464285714286 0.05580357142857143
1 0.3169642857142857 0.033482142857142856 0.09821428571428571 0.06473214285714286
1 0.060267857142857144 0.45982142857142855 0.08370535714285714 0.07254464285714286
1 0.036830357142857144 0.5602678571428571 0.07366071428571429 0.0625
1 0.041294642857142856 0.6986607142857143 0.08147321428571429 0.0625
1 0.5245535714285714 0.8660714285714286 0.09598214285714286 0.06696428571428571
1 0.6674107142857143 0.12276785714285714 0.09151785714285714 0.06696428571428571