12 0.016741071428571428 0.10714285714285714 0.033482142857142856 0.07700892857142858
13 0.109375 0.017857142857142856 0.21875 0.03571428571428571
13 0.9408482142857143 0.625 0.11830357142857142 0.27120535714285715
13 0.24330357142857142 0.9631696428571429 0.23214285714285715 0.07366071428571429
3 0.5011160714285714 0.4966517857142857 0.44754464285714285 0.4732142857142857
13 0.9274553571428571 0.9140625 0.13616071428571427 0.171875
13 0.7433035714285714 0.04799107142857143 0.25223214285714285 0.09598214285714286
12 0.7354910714285714 0.7667410714285714 0.07254464285714286 0.06473214285714286
13 0.07477678571428571 0.9073660714285714 0.14955357142857142 0.18080357142857142
13 0.2689732142857143 0.7522321428571429 0.2544642857142857 0.23772321428571427
13 0.12276785714285714 0.27566964285714285 0.23995535714285715 0.26004464285714285
13 0.44419642857142855 0.8950892857142857 0.23325892857142858 0.20870535714285715
13 0.17299107142857142 0.49107142857142855 0.21428571428571427 0.22879464285714285
13 0.6785714285714286 0.8783482142857143 0.26450892857142855 0.23549107142857142
13 0.32700892857142855 0.10379464285714286 0.2689732142857143 0.20647321428571427
13 0.8415178571428571 0.49776785714285715 0.25669642857142855 0.22879464285714285
13 0.7220982142857143 0.19642857142857142 0.20424107142857142 0.20870535714285715
13 0.8917410714285714 0.28348214285714285 0.20647321428571427 0.24330357142857142