13 0.056919642857142856 0.9754464285714286 0.11272321428571429 0.04799107142857143
13 0.23102678571428573 0.9229910714285714 0.27120535714285715 0.15401785714285715
13 0.06138392857142857 0.6473214285714286 0.12276785714285714 0.24776785714285715
13 0.6752232142857143 0.06919642857142858 0.24330357142857142 0.13839285714285715
13 0.6037946428571429 0.7801339285714286 0.24553571428571427 0.20870535714285715
13 0.7566964285714286 0.46875 0.20870535714285715 0.22098214285714285
13 0.9486607142857143 0.15401785714285715 0.09821428571428571 0.24776785714285715
13 0.29575892857142855 0.033482142857142856 0.19196428571428573 0.06696428571428571
0 0.4966517857142857 0.45982142857142855 0.39174107142857145 0.6607142857142857
13 0.4720982142857143 0.9598214285714286 0.21205357142857142 0.07924107142857142
13 0.10491071428571429 0.07366071428571429 0.20424107142857142 0.14620535714285715
13 0.7946428571428571 0.15178571428571427 0.21651785714285715 0.26004464285714285
13 0.7700892857142857 0.8783482142857143 0.26004464285714285 0.24330357142857142
13 0.7299107142857143 0.5602678571428571 0.19196428571428573 0.20647321428571427
13 0.24665178571428573 0.46875 0.24776785714285715 0.23102678571428573
13 0.45424107142857145 0.078125 0.21205357142857142 0.15625
13 0.17745535714285715 0.8002232142857143 0.22879464285714285 0.21875
13 0.30691964285714285 0.22433035714285715 0.23549107142857142 0.21875