18 0.3392857142857143 0.43526785714285715 0.10602678571428571 0.15401785714285715
14 0.2533482142857143 0.28013392857142855 0.060267857142857144 0.08370535714285714
14 0.38169642857142855 0.34486607142857145 0.060267857142857144 0.08370535714285714
8 0.6060267857142857 0.38950892857142855 0.07924107142857142 0.11272321428571429
18 0.3125 0.21428571428571427 0.07924107142857142 0.11272321428571429
18 0.07924107142857142 0.7220982142857143 0.07924107142857142 0.11272321428571429
5 0.5122767857142857 0.8638392857142857 0.07924107142857142 0.11272321428571429
5 0.7131696428571429 0.049107142857142856 0.07924107142857142 0.09821428571428571
5 0.46986607142857145 0.22209821428571427 0.07924107142857142 0.11272321428571429
5 0.17410714285714285 0.39620535714285715 0.07924107142857142 0.11272321428571429
5 0.07254464285714286 0.6316964285714286 0.08147321428571429 0.10602678571428571
5 0.8504464285714286 0.9196428571428571 0.07924107142857142 0.11272321428571429
18 0.6238839285714286 0.9397321428571429 0.07924107142857142 0.11272321428571429
11 0.6897321428571429 0.25 0.07924107142857142 0.11272321428571429
11 0.8191964285714286 0.17522321428571427 0.07924107142857142 0.11272321428571429
11 0.6808035714285714 0.13727678571428573 0.07924107142857142 0.11272321428571429
11 0.20424107142857142 0.7678571428571429 0.07924107142857142 0.11272321428571429
8 0.7455357142857143 0.49107142857142855 0.07924107142857142 0.11272321428571429
18 0.9006696428571429 0.53125 0.07924107142857142 0.09821428571428571
14 0.5245535714285714 0.03571428571428571 0.06473214285714286 0.06919642857142858
14 0.171875 0.2533482142857143 0.07924107142857142 0.11272321428571429
14 0.07924107142857142 0.8895089285714286 0.07924107142857142 0.11272321428571429
11 0.05915178571428571 0.8191964285714286 0.07924107142857142 0.11272321428571429
11 0.43080357142857145 0.4341517857142857 0.08370535714285714 0.11830357142857142
5 0.9263392857142857 0.8091517857142857 0.07924107142857142 0.11272321428571429
8 0.8270089285714286 0.421875 0.04799107142857143 0.07254464285714286