13 0.6216517857142857 0.029017857142857144 0.05580357142857143 0.05803571428571429
12 0.6049107142857143 0.2845982142857143 0.08928571428571429 0.11272321428571429
12 0.20982142857142858 0.3125 0.08147321428571429 0.06919642857142858
13 0.42410714285714285 0.03125 0.25223214285714285 0.0625
13 0.2700892857142857 0.05580357142857143 0.24330357142857142 0.11049107142857142
13 0.12276785714285714 0.3638392857142857 0.24553571428571427 0.25223214285714285
13 0.6104910714285714 0.40625 0.07700892857142858 0.20647321428571427
3 0.3705357142857143 0.41629464285714285 0.5524553571428571 0.1875
13 0.5368303571428571 0.11830357142857142 0.22321428571428573 0.23549107142857142
13 0.12053571428571429 0.13392857142857142 0.23995535714285715 0.26674107142857145
13 0.4330357142857143 0.28236607142857145 0.2622767857142857 0.23772321428571427
3 0.8247767857142857 0.14620535714285715 0.35044642857142855 0.2924107142857143
13 0.6261160714285714 0.90625 0.04575892857142857 0.1875
13 0.5814732142857143 0.5814732142857143 0.13504464285714285 0.11049107142857142
13 0.07142857142857142 0.6205357142857143 0.14174107142857142 0.22098214285714285
13 0.20200892857142858 0.6986607142857143 0.25223214285714285 0.25669642857142855
13 0.5491071428571429 0.7243303571428571 0.19977678571428573 0.25669642857142855
13 0.37611607142857145 0.7767857142857143 0.22544642857142858 0.24330357142857142
0 0.22544642857142858 0.8761160714285714 0.45089285714285715 0.24776785714285715