14 0.5613839285714286 0.24776785714285715 0.07700892857142858 0.11272321428571429
14 0.9151785714285714 0.7600446428571429 0.06696428571428571 0.07700892857142858
5 0.5357142857142857 0.10602678571428571 0.07700892857142858 0.11272321428571429
5 0.8136160714285714 0.36941964285714285 0.07700892857142858 0.11272321428571429
5 0.9129464285714286 0.36607142857142855 0.07700892857142858 0.11272321428571429
5 0.7611607142857143 0.8939732142857143 0.07700892857142858 0.11272321428571429
5 0.75 0.6986607142857143 0.07700892857142858 0.11272321428571429
5 0.7310267857142857 0.6127232142857143 0.07700892857142858 0.11272321428571429
5 0.7064732142857143 0.5334821428571429 0.07700892857142858 0.11272321428571429
5 0.6595982142857143 0.6049107142857143 0.07700892857142858 0.11272321428571429
5 0.17745535714285715 0.8415178571428571 0.07700892857142858 0.11272321428571429
5 0.3392857142857143 0.8236607142857143 0.07700892857142858 0.11272321428571429
5 0.4810267857142857 0.9441964285714286 0.07700892857142858 0.11049107142857142
5 0.3950892857142857 0.9263392857142857 0.07700892857142858 0.11272321428571429
5 0.35044642857142855 0.6049107142857143 0.07700892857142858 0.11272321428571429
5 0.41183035714285715 0.4486607142857143 0.07700892857142858 0.11272321428571429
5 0.05580357142857143 0.5602678571428571 0.07700892857142858 0.11272321428571429
5 0.3236607142857143 0.052455357142857144 0.07589285714285714 0.10491071428571429
5 0.4575892857142857 0.12388392857142858 0.07700892857142858 0.11272321428571429
11 0.6919642857142857 0.07366071428571429 0.06473214285714286 0.10044642857142858
17 0.5870535714285714 0.8783482142857143 0.07700892857142858 0.11272321428571429
5 0.21763392857142858 0.5033482142857143 0.07700892857142858 0.11272321428571429
5 0.4966517857142857 0.7377232142857143 0.07700892857142858 0.11272321428571429
5 0.6729910714285714 0.75 0.07700892857142858 0.11272321428571429
5 0.9017857142857143 0.6729910714285714 0.07700892857142858 0.11272321428571429
5 0.6104910714285714 0.46651785714285715 0.07700892857142858 0.11272321428571429
5 0.21875 0.6897321428571429 0.07700892857142858 0.11272321428571429
5 0.6138392857142857 0.27901785714285715 0.07700892857142858 0.11272321428571429
8 0.07254464285714286 0.9151785714285714 0.07700892857142858 0.11272321428571429
5 0.5569196428571429 0.3638392857142857 0.10602678571428571 0.11495535714285714
14 0.5011160714285714 0.43526785714285715 0.06696428571428571 0.06696428571428571
5 0.8002232142857143 0.48660714285714285 0.0625 0.09151785714285714
18 0.12723214285714285 0.6439732142857143 0.04799107142857143 0.09598214285714286