15 0.8794642857142857 0.16629464285714285 0.07700892857142858 0.05803571428571429
15 0.5502232142857143 0.31026785714285715 0.08705357142857142 0.0625
15 0.46986607142857145 0.22209821428571427 0.08147321428571429 0.06696428571428571
15 0.5245535714285714 0.203125 0.08147321428571429 0.06696428571428571
15 0.5178571428571429 0.08370535714285714 0.08705357142857142 0.06696428571428571
15 0.37388392857142855 0.17633928571428573 0.07477678571428571 0.05803571428571429
15 0.3158482142857143 0.32924107142857145 0.11272321428571429 0.07700892857142858
15 0.29017857142857145 0.5044642857142857 0.11272321428571429 0.07700892857142858
15 0.1875 0.6674107142857143 0.11272321428571429 0.07924107142857142
15 0.9252232142857143 0.6316964285714286 0.07700892857142858 0.0625
15 0.7209821428571429 0.5926339285714286 0.11272321428571429 0.07700892857142858
15 0.7589285714285714 0.44308035714285715 0.11272321428571429 0.07700892857142858
15 0.9185267857142857 0.3482142857142857 0.06919642857142858 0.07254464285714286
15 0.7209821428571429 0.15736607142857142 0.09598214285714286 0.06696428571428571
15 0.7321428571428571 0.8370535714285714 0.09151785714285714 0.06919642857142858
15 0.6595982142857143 0.07142857142857142 0.09151785714285714 0.05803571428571429
15 0.9229910714285714 0.09151785714285714 0.08705357142857142 0.06473214285714286
15 0.9665178571428571 0.7254464285714286 0.06696428571428571 0.07700892857142858
15 0.8180803571428571 0.5524553571428571 0.11272321428571429 0.07700892857142858
15 0.7979910714285714 0.6127232142857143 0.11272321428571429 0.07700892857142858
15 0.6852678571428571 0.5044642857142857 0.08705357142857142 0.07700892857142858
15 0.6294642857142857 0.45982142857142855 0.08147321428571429 0.05803571428571429
15 0.5714285714285714 0.8727678571428571 0.09598214285714286 0.06473214285714286
15 0.3872767857142857 0.23772321428571427 0.08705357142857142 0.0625
15 0.6707589285714286 0.22767857142857142 0.08705357142857142 0.05803571428571429
15 0.11941964285714286 0.09486607142857142 0.11272321428571429 0.07700892857142858
15 0.6986607142857143 0.7299107142857143 0.11272321428571429 0.07700892857142858
15 0.26450892857142855 0.9363839285714286 0.11272321428571429 0.07700892857142858
15 0.33482142857142855 0.6986607142857143 0.11272321428571429 0.07700892857142858
15 0.44419642857142855 0.8325892857142857 0.08147321428571429 0.06696428571428571
15 0.11272321428571429 0.6729910714285714 0.11272321428571429 0.07924107142857142
1 0.22767857142857142 0.32254464285714285 0.11272321428571429 0.07700892857142858
15 0.7901785714285714 0.049107142857142856 0.10044642857142858 0.0625
15 0.35825892857142855 0.026785714285714284 0.09598214285714286 0.052455357142857144
15 0.38058035714285715 0.09375 0.08705357142857142 0.0625
15 0.20200892857142858 0.06696428571428571 0.11272321428571429 0.07700892857142858
15 0.26674107142857145 0.11383928571428571 0.09598214285714286 0.06696428571428571
1 0.23102678571428573 0.19977678571428573 0.10602678571428571 0.07700892857142858
1 0.19754464285714285 0.25669642857142855 0.09151785714285714 0.06696428571428571
15 0.04352678571428571 0.036830357142857144 0.08705357142857142 0.07366071428571429
15 0.31808035714285715 0.4017857142857143 0.11272321428571429 0.07700892857142858
15 0.47098214285714285 0.4654017857142857 0.11272321428571429 0.07700892857142858
15 0.5591517857142857 0.49888392857142855 0.09151785714285714 0.06696428571428571
15 0.7410714285714286 0.25111607142857145 0.11272321428571429 0.07700892857142858
15 0.8058035714285714 0.2689732142857143 0.08705357142857142 0.05803571428571429
15 0.8995535714285714 0.22321428571428573 0.09151785714285714 0.06473214285714286
13 0.8303571428571429 0.4720982142857143 0.08147321428571429 0.0625
15 0.5424107142857143 0.7087053571428571 0.11272321428571429 0.07700892857142858
8 0.9107142857142857 0.7120535714285714 0.08147321428571429 0.0625
13 0.6037946428571429 0.6216517857142857 0.10044642857142858 0.07254464285714286
8 0.42075892857142855 0.6819196428571429 0.08147321428571429 0.0625
1 0.9084821428571429 0.45424107142857145 0.08147321428571429 0.06473214285714286
15 0.9542410714285714 0.4419642857142857 0.09151785714285714 0.07700892857142858
15 0.9609375 0.515625 0.078125 0.06696428571428571
15 0.7477678571428571 0.9587053571428571 0.08705357142857142 0.06696428571428571
15 0.2611607142857143 0.7332589285714286 0.11272321428571429 0.07924107142857142
15 0.16183035714285715 0.7667410714285714 0.11272321428571429 0.07700892857142858
15 0.08482142857142858 0.7823660714285714 0.11272321428571429 0.07700892857142858
15 0.24776785714285715 0.6350446428571429 0.11272321428571429 0.07700892857142858
1 0.4341517857142857 0.6149553571428571 0.09151785714285714 0.06919642857142858
15 0.29129464285714285 0.8738839285714286 0.09598214285714286 0.06696428571428571
15 0.3939732142857143 0.8783482142857143 0.08705357142857142 0.06473214285714286
15 0.052455357142857144 0.8783482142857143 0.10491071428571429 0.078125
15 0.31026785714285715 0.9732142857142857 0.11272321428571429 0.052455357142857144
15 0.7879464285714286 0.7600446428571429 0.09598214285714286 0.07924107142857142
15 0.6361607142857143 0.6975446428571429 0.11272321428571429 0.07700892857142858
15 0.6339285714285714 0.78125 0.11272321428571429 0.07700892857142858
15 0.5212053571428571 0.8147321428571429 0.09151785714285714 0.0625
15 0.47544642857142855 0.9732142857142857 0.08705357142857142 0.052455357142857144
15 0.7310267857142857 0.09263392857142858 0.08705357142857142 0.05022321428571429
1 0.16517857142857142 0.47879464285714285 0.09598214285714286 0.06696428571428571
1 0.9765625 0.1953125 0.046875 0.05580357142857143
15 0.9564732142857143 0.15513392857142858 0.08705357142857142 0.06473214285714286
15 0.125 0.03125 0.09151785714285714 0.0625
15 0.32924107142857145 0.5535714285714286 0.08147321428571429 0.05022321428571429
15 0.296875 0.5926339285714286 0.09151785714285714 0.07254464285714286