13 0.6417410714285714 0.625 0.09151785714285714 0.07700892857142858
17 0.3236607142857143 0.9587053571428571 0.11272321428571429 0.07924107142857142
17 0.5479910714285714 0.8482142857142857 0.11272321428571429 0.07700892857142858
7 0.65625 0.4732142857142857 0.12053571428571429 0.09821428571428571
7 0.8292410714285714 0.7857142857142857 0.11272321428571429 0.07924107142857142
7 0.7935267857142857 0.6506696428571429 0.11272321428571429 0.07700892857142858
1 0.7287946428571429 0.38839285714285715 0.12946428571428573 0.052455357142857144
11 0.6696428571428571 0.40736607142857145 0.033482142857142856 0.024553571428571428
1 0.6941964285714286 0.18415178571428573 0.10044642857142858 0.08705357142857142
1 0.08928571428571429 0.7154017857142857 0.125 0.08705357142857142
1 0.296875 0.24330357142857142 0.11049107142857142 0.08928571428571429
1 0.36607142857142855 0.4185267857142857 0.09598214285714286 0.07254464285714286
1 0.17857142857142858 0.7912946428571429 0.10602678571428571 0.07924107142857142
1 0.46763392857142855 0.6852678571428571 0.10602678571428571 0.09375
17 0.6729910714285714 0.7209821428571429 0.11495535714285714 0.07700892857142858
1 0.09151785714285714 0.5669642857142857 0.11049107142857142 0.07254464285714286
7 0.7064732142857143 0.3013392857142857 0.11495535714285714 0.09151785714285714
17 0.3939732142857143 0.07589285714285714 0.11049107142857142 0.08147321428571429
1 0.19642857142857142 0.6026785714285714 0.11049107142857142 0.07254464285714286
1 0.11830357142857142 0.18861607142857142 0.11049107142857142 0.08147321428571429
1 0.30245535714285715 0.7589285714285714 0.09821428571428571 0.08147321428571429