7 0.32142857142857145 0.20200892857142858 0.07700892857142858 0.11272321428571429
13 0.47544642857142855 0.23102678571428573 0.07924107142857142 0.11272321428571429
13 0.4330357142857143 0.2845982142857143 0.07924107142857142 0.11272321428571429
13 0.3549107142857143 0.28013392857142855 0.05580357142857143 0.08705357142857142
13 0.22767857142857142 0.6685267857142857 0.0625 0.08928571428571429
15 0.21986607142857142 0.5892857142857143 0.06696428571428571 0.09598214285714286
14 0.7511160714285714 0.40736607142857145 0.060267857142857144 0.07254464285714286
14 0.7712053571428571 0.6506696428571429 0.07924107142857142 0.11272321428571429
13 0.25 0.044642857142857144 0.07700892857142858 0.08928571428571429
13 0.49330357142857145 0.40066964285714285 0.07924107142857142 0.11272321428571429
13 0.46986607142857145 0.9587053571428571 0.07924107142857142 0.08147321428571429
13 0.8136160714285714 0.7723214285714286 0.07924107142857142 0.11272321428571429
13 0.6082589285714286 0.7410714285714286 0.07924107142857142 0.11272321428571429
13 0.35379464285714285 0.6908482142857143 0.07924107142857142 0.11272321428571429
13 0.5658482142857143 0.6450892857142857 0.07924107142857142 0.11272321428571429
13 0.6138392857142857 0.4654017857142857 0.07924107142857142 0.11272321428571429
13 0.03459821428571429 0.43526785714285715 0.06919642857142858 0.11272321428571429
13 0.09040178571428571 0.40848214285714285 0.07924107142857142 0.11272321428571429
13 0.40513392857142855 0.39732142857142855 0.07700892857142858 0.09598214285714286
13 0.03794642857142857 0.3091517857142857 0.07589285714285714 0.11383928571428571
13 0.8125 0.2689732142857143 0.07924107142857142 0.11272321428571429
11 0.18638392857142858 0.24776785714285715 0.07924107142857142 0.11272321428571429
13 0.6339285714285714 0.21428571428571427 0.07477678571428571 0.09598214285714286
11 0.04352678571428571 0.20089285714285715 0.07477678571428571 0.09375
13 0.8705357142857143 0.19196428571428573 0.07924107142857142 0.11272321428571429
13 0.13058035714285715 0.16183035714285715 0.07924107142857142 0.11272321428571429
13 0.44419642857142855 0.14732142857142858 0.07924107142857142 0.11272321428571429
13 0.17633928571428573 0.09151785714285714 0.07700892857142858 0.11272321428571429
13 0.8928571428571429 0.06584821428571429 0.06919642857142858 0.10044642857142858
11 0.8247767857142857 0.04241071428571429 0.060267857142857144 0.08370535714285714
13 0.7678571428571429 0.03794642857142857 0.08035714285714286 0.07589285714285714
13 0.09821428571428571 0.04241071428571429 0.07700892857142858 0.08370535714285714
16 0.32142857142857145 0.06919642857142858 0.07700892857142858 0.10602678571428571
16 0.4654017857142857 0.8470982142857143 0.07924107142857142 0.09598214285714286
16 0.5747767857142857 0.8247767857142857 0.07477678571428571 0.09598214285714286
16 0.7020089285714286 0.7924107142857143 0.07924107142857142 0.11272321428571429
16 0.7689732142857143 0.8314732142857143 0.07924107142857142 0.11272321428571429
16 0.9274553571428571 0.35825892857142855 0.07924107142857142 0.11272321428571429
15 0.6729910714285714 0.8549107142857143 0.07924107142857142 0.11272321428571429
15 0.5613839285714286 0.9575892857142857 0.06919642857142858 0.08370535714285714
11 0.5446428571428571 0.5145089285714286 0.06919642857142858 0.10044642857142858
11 0.7868303571428571 0.16294642857142858 0.06919642857142858 0.07700892857142858
13 0.10825892857142858 0.9040178571428571 0.07924107142857142 0.11272321428571429
13 0.15401785714285715 0.9654017857142857 0.0625 0.06919642857142858
13 0.16071428571428573 0.8526785714285714 0.06473214285714286 0.09598214285714286
13 0.03459821428571429 0.8381696428571429 0.0625 0.08928571428571429
7 0.049107142857142856 0.6551339285714286 0.07924107142857142 0.11272321428571429
13 0.23102678571428573 0.7645089285714286 0.06919642857142858 0.09151785714285714
13 0.24888392857142858 0.9118303571428571 0.07924107142857142 0.08928571428571429
13 0.33816964285714285 0.9553571428571429 0.07924107142857142 0.08928571428571429
13 0.3091517857142857 0.8783482142857143 0.07924107142857142 0.11272321428571429
13 0.35825892857142855 0.8292410714285714 0.07924107142857142 0.11272321428571429
14 0.29464285714285715 0.78125 0.052455357142857144 0.08705357142857142
13 0.9095982142857143 0.7332589285714286 0.07924107142857142 0.11272321428571429
13 0.9587053571428571 0.7935267857142857 0.07924107142857142 0.11272321428571429
13 0.9665178571428571 0.8861607142857143 0.06696428571428571 0.11272321428571429
13 0.8225446428571429 0.8939732142857143 0.07924107142857142 0.11272321428571429
13 0.765625 0.9084821428571429 0.07924107142857142 0.11272321428571429
13 0.7555803571428571 0.7276785714285714 0.07924107142857142 0.11272321428571429
7 0.9620535714285714 0.5022321428571429 0.07589285714285714 0.11160714285714286
13 0.9151785714285714 0.5535714285714286 0.06919642857142858 0.09598214285714286
13 0.8604910714285714 0.4654017857142857 0.07477678571428571 0.08705357142857142
13 0.765625 0.5479910714285714 0.07924107142857142 0.11272321428571429
13 0.7220982142857143 0.47433035714285715 0.07924107142857142 0.11272321428571429
13 0.6819196428571429 0.6160714285714286 0.07924107142857142 0.11272321428571429
13 0.7142857142857143 0.6584821428571429 0.07924107142857142 0.11272321428571429
13 0.6674107142857143 0.7209821428571429 0.07924107142857142 0.11272321428571429
13 0.44419642857142855 0.6551339285714286 0.07477678571428571 0.10602678571428571
13 0.5100446428571429 0.6986607142857143 0.07924107142857142 0.11272321428571429
7 0.3236607142857143 0.6060267857142857 0.07924107142857142 0.11272321428571429
16 0.27120535714285715 0.5401785714285714 0.07924107142857142 0.11272321428571429
13 0.65625 0.3247767857142857 0.07924107142857142 0.11272321428571429
16 0.6808035714285714 0.41517857142857145 0.07924107142857142 0.11272321428571429
13 0.5412946428571429 0.37723214285714285 0.07924107142857142 0.11272321428571429
13 0.9575892857142857 0.10491071428571429 0.07924107142857142 0.11272321428571429
13 0.9464285714285714 0.20200892857142858 0.07924107142857142 0.11272321428571429
8 0.6752232142857143 0.14620535714285715 0.06473214285714286 0.07924107142857142
13 0.7276785714285714 0.2845982142857143 0.07924107142857142 0.11272321428571429
13 0.08705357142857142 0.24665178571428573 0.07924107142857142 0.11272321428571429
13 0.09263392857142858 0.32142857142857145 0.07924107142857142 0.11272321428571429
13 0.22433035714285715 0.31808035714285715 0.07924107142857142 0.11272321428571429
13 0.2689732142857143 0.37723214285714285 0.07924107142857142 0.11272321428571429
11 0.23549107142857142 0.4642857142857143 0.06473214285714286 0.10044642857142858
13 0.30580357142857145 0.4486607142857143 0.07700892857142858 0.11272321428571429
13 0.17075892857142858 0.46986607142857145 0.06473214285714286 0.08705357142857142
13 0.140625 0.5122767857142857 0.07924107142857142 0.11272321428571429
13 0.24441964285714285 0.13058035714285715 0.07700892857142858 0.11272321428571429
13 0.37388392857142855 0.13058035714285715 0.07924107142857142 0.11272321428571429
11 0.6785714285714286 0.04799107142857143 0.07924107142857142 0.09598214285714286
13 0.6127232142857143 0.06473214285714286 0.06473214285714286 0.10044642857142858
13 0.6082589285714286 0.36941964285714285 0.07924107142857142 0.11272321428571429
13 0.7488839285714286 0.32924107142857145 0.07924107142857142 0.11272321428571429
13 0.8392857142857143 0.5457589285714286 0.07924107142857142 0.11272321428571429
11 0.6819196428571429 0.25 0.07924107142857142 0.11272321428571429
8 0.6194196428571429 0.6529017857142857 0.07924107142857142 0.11272321428571429
13 0.4095982142857143 0.9408482142857143 0.0625 0.09151785714285714
16 0.7444196428571429 0.20535714285714285 0.06919642857142858 0.08705357142857142
13 0.7377232142857143 0.10491071428571429 0.06696428571428571 0.09375