13 0.9508928571428571 0.06919642857142858 0.09821428571428571 0.13504464285714285
13 0.08147321428571429 0.044642857142857144 0.16294642857142858 0.08928571428571429
13 0.09151785714285714 0.9642857142857143 0.18303571428571427 0.06696428571428571
13 0.9118303571428571 0.8895089285714286 0.17522321428571427 0.17745535714285715
13 0.8950892857142857 0.3169642857142857 0.20424107142857142 0.19977678571428573
13 0.12388392857142858 0.6618303571428571 0.23102678571428573 0.19977678571428573
6 0.5033482142857143 0.5033482142857143 0.3247767857142857 0.31919642857142855
13 0.5524553571428571 0.26339285714285715 0.23325892857142858 0.20200892857142858
13 0.33035714285714285 0.6819196428571429 0.22879464285714285 0.25223214285714285
13 0.3247767857142857 0.3236607142857143 0.27120535714285715 0.22321428571428573
13 0.44308035714285715 0.828125 0.22544642857142858 0.19754464285714285
13 0.8939732142857143 0.6919642857142857 0.20424107142857142 0.21205357142857142
13 0.4375 0.13616071428571427 0.22098214285714285 0.20200892857142858
13 0.7388392857142857 0.12388392857142858 0.19977678571428573 0.24330357142857142
13 0.23102678571428573 0.8772321428571429 0.25 0.22321428571428573
13 0.20424107142857142 0.13169642857142858 0.2857142857142857 0.26004464285714285