13 0.046875 0.47879464285714285 0.09375 0.2689732142857143
13 0.07924107142857142 0.020089285714285716 0.15848214285714285 0.04017857142857143
13 0.08258928571428571 0.6964285714285714 0.16517857142857142 0.16071428571428573
12 0.7689732142857143 0.49107142857142855 0.06473214285714286 0.07477678571428571
13 0.9430803571428571 0.5089285714285714 0.10825892857142858 0.16852678571428573
13 0.31361607142857145 0.7533482142857143 0.23995535714285715 0.18973214285714285
13 0.7399553571428571 0.8426339285714286 0.23102678571428573 0.26004464285714285
0 0.4966517857142857 0.49776785714285715 0.41294642857142855 0.46651785714285715
13 0.9118303571428571 0.8939732142857143 0.16294642857142858 0.21205357142857142
13 0.26674107142857145 0.0625 0.23995535714285715 0.125
13 0.21316964285714285 0.5591517857142857 0.23549107142857142 0.19977678571428573
13 0.9408482142857143 0.3169642857142857 0.11049107142857142 0.21651785714285715
13 0.6785714285714286 0.6674107142857143 0.20424107142857142 0.22098214285714285
13 0.7667410714285714 0.32254464285714285 0.22098214285714285 0.23549107142857142
13 0.08370535714285714 0.8549107142857143 0.16741071428571427 0.23660714285714285
13 0.13504464285714285 0.26674107142857145 0.22544642857142858 0.22098214285714285
13 0.2689732142857143 0.9185267857142857 0.21205357142857142 0.16294642857142858