7 0.48660714285714285 0.43861607142857145 0.09821428571428571 0.12053571428571429
7 0.09709821428571429 0.6082589285714286 0.09151785714285714 0.12276785714285714
17 0.234375 0.6607142857142857 0.07924107142857142 0.09821428571428571
17 0.9252232142857143 0.7154017857142857 0.07924107142857142 0.10044642857142858
13 0.8604910714285714 0.640625 0.07924107142857142 0.10602678571428571
11 0.17857142857142858 0.8191964285714286 0.08705357142857142 0.10602678571428571
13 0.4955357142857143 0.6372767857142857 0.07477678571428571 0.10044642857142858
17 0.6618303571428571 0.5111607142857143 0.08705357142857142 0.125
17 0.6428571428571429 0.7154017857142857 0.09151785714285714 0.10044642857142858
11 0.6160714285714286 0.20647321428571427 0.10044642857142858 0.09821428571428571
12 0.25223214285714285 0.42410714285714285 0.016741071428571428 0.029017857142857144