13 0.37611607142857145 0.3560267857142857 0.2544642857142857 0.18973214285714285
13 0.46205357142857145 0.13504464285714285 0.25669642857142855 0.24553571428571427
13 0.29910714285714285 0.38504464285714285 0.24776785714285715 0.20870535714285715
6 0.18526785714285715 0.18080357142857142 0.31026785714285715 0.30245535714285715
13 0.40625 0.05357142857142857 0.20535714285714285 0.10714285714285714
13 0.10825892857142858 0.027901785714285716 0.21651785714285715 0.05580357142857143
13 0.09821428571428571 0.47544642857142855 0.19642857142857142 0.06696428571428571
13 0.03794642857142857 0.38950892857142855 0.07589285714285714 0.22544642857142858
0 0.23660714285714285 0.6741071428571429 0.4732142857142857 0.32924107142857145
9 0.8872767857142857 0.6941964285714286 0.22544642857142858 0.3705357142857143
10 0.7723214285714286 0.9464285714285714 0.2857142857142857 0.10714285714285714