18 0.9363839285714286 0.40625 0.060267857142857144 0.09151785714285714
14 0.08147321428571429 0.07477678571428571 0.07700892857142858 0.11272321428571429
15 0.5848214285714286 0.921875 0.05803571428571429 0.07700892857142858
11 0.2689732142857143 0.8761160714285714 0.0625 0.11272321428571429
2 0.36495535714285715 0.6908482142857143 0.07700892857142858 0.11272321428571429
11 0.16517857142857142 0.7243303571428571 0.07700892857142858 0.0625
11 0.15736607142857142 0.796875 0.04799107142857143 0.10379464285714286
2 0.05803571428571429 0.46651785714285715 0.08147321428571429 0.08928571428571429
11 0.24330357142857142 0.33370535714285715 0.06696428571428571 0.07700892857142858
11 0.29799107142857145 0.26674107142857145 0.08705357142857142 0.06473214285714286
11 0.22098214285714285 0.24107142857142858 0.08928571428571429 0.06473214285714286
11 0.36049107142857145 0.37723214285714285 0.07924107142857142 0.07477678571428571
11 0.36941964285714285 0.29129464285714285 0.0625 0.09151785714285714
11 0.07924107142857142 0.3482142857142857 0.05580357142857143 0.09151785714285714
11 0.10491071428571429 0.16741071428571427 0.06696428571428571 0.08370535714285714
11 0.14732142857142858 0.06361607142857142 0.08705357142857142 0.07700892857142858
11 0.23214285714285715 0.07589285714285714 0.07254464285714286 0.09598214285714286
11 0.39174107142857145 0.08035714285714286 0.052455357142857144 0.10044642857142858
11 0.41183035714285715 0.21428571428571427 0.05580357142857143 0.09598214285714286
11 0.48325892857142855 0.18080357142857142 0.07924107142857142 0.07254464285714286
11 0.453125 0.3705357142857143 0.06696428571428571 0.11049107142857142
11 0.5044642857142857 0.265625 0.05803571428571429 0.09375
2 0.5345982142857143 0.5714285714285714 0.09151785714285714 0.07700892857142858
11 0.10602678571428571 0.7845982142857143 0.05803571428571429 0.09821428571428571
11 0.5111607142857143 0.9118303571428571 0.07254464285714286 0.10044642857142858
11 0.49776785714285715 0.796875 0.06696428571428571 0.06919642857142858
11 0.6819196428571429 0.7165178571428571 0.07254464285714286 0.08705357142857142
11 0.7801339285714286 0.6785714285714286 0.05803571428571429 0.09151785714285714
11 0.7767857142857143 0.5970982142857143 0.08147321428571429 0.06696428571428571
2 0.8683035714285714 0.6495535714285714 0.08147321428571429 0.08928571428571429
18 0.9363839285714286 0.6674107142857143 0.08147321428571429 0.08705357142857142
13 0.6495535714285714 0.9118303571428571 0.06696428571428571 0.09151785714285714
13 0.6149553571428571 0.765625 0.06696428571428571 0.08705357142857142
13 0.19754464285714285 0.8660714285714286 0.06919642857142858 0.09151785714285714
13 0.8415178571428571 0.5747767857142857 0.0625 0.08370535714285714
15 0.7845982142857143 0.4375 0.06696428571428571 0.07700892857142858
11 0.9587053571428571 0.32924107142857145 0.06696428571428571 0.07254464285714286
11 0.8861607142857143 0.23214285714285715 0.07700892857142858 0.07477678571428571
11 0.8627232142857143 0.16629464285714285 0.07254464285714286 0.08705357142857142
11 0.9598214285714286 0.13058035714285715 0.07924107142857142 0.08370535714285714
11 0.6752232142857143 0.23772321428571427 0.060267857142857144 0.10044642857142858
11 0.6595982142857143 0.29799107142857145 0.09151785714285714 0.07477678571428571
11 0.9430803571428571 0.7555803571428571 0.07700892857142858 0.07924107142857142
11 0.5558035714285714 0.8482142857142857 0.07700892857142858 0.07924107142857142
15 0.07924107142857142 0.9285714285714286 0.05803571428571429 0.06696428571428571
15 0.59375 0.5033482142857143 0.06696428571428571 0.08147321428571429
13 0.6696428571428571 0.3872767857142857 0.0625 0.08147321428571429
13 0.6573660714285714 0.4966517857142857 0.05580357142857143 0.08147321428571429
13 0.59375 0.20535714285714285 0.060267857142857144 0.08705357142857142
14 0.5625 0.40066964285714285 0.060267857142857144 0.09598214285714286
11 0.9464285714285714 0.5647321428571429 0.07700892857142858 0.07254464285714286
11 0.9308035714285714 0.49441964285714285 0.07477678571428571 0.07477678571428571
11 0.8761160714285714 0.4185267857142857 0.05803571428571429 0.08705357142857142
11 0.8125 0.35825892857142855 0.07254464285714286 0.08928571428571429
11 0.20647321428571427 0.39955357142857145 0.06696428571428571 0.09821428571428571
11 0.140625 0.453125 0.07254464285714286 0.09598214285714286
2 0.36941964285714285 0.44754464285714285 0.09375 0.06473214285714286
11 0.21875 0.7924107142857143 0.07477678571428571 0.07700892857142858
11 0.14732142857142858 0.9129464285714286 0.08705357142857142 0.08705357142857142
11 0.7254464285714286 0.16071428571428573 0.08147321428571429 0.07477678571428571
11 0.32700892857142855 0.14397321428571427 0.0625 0.09821428571428571
11 0.8102678571428571 0.26339285714285715 0.07700892857142858 0.08147321428571429
11 0.7087053571428571 0.6361607142857143 0.06696428571428571 0.07700892857142858
11 0.6395089285714286 0.07477678571428571 0.0625 0.09151785714285714
11 0.5926339285714286 0.32700892857142855 0.07254464285714286 0.08705357142857142
11 0.16183035714285715 0.5513392857142857 0.07700892857142858 0.11272321428571429
11 0.09040178571428571 0.6138392857142857 0.0625 0.10044642857142858
11 0.05357142857142857 0.734375 0.060267857142857144 0.10044642857142858
11 0.13950892857142858 0.9743303571428571 0.08705357142857142 0.05022321428571429
11 0.6551339285714286 0.5747767857142857 0.07700892857142858 0.11272321428571429
13 0.7254464285714286 0.47544642857142855 0.060267857142857144 0.08147321428571429
13 0.7399553571428571 0.23995535714285715 0.06696428571428571 0.09151785714285714
11 0.9285714285714286 0.06696428571428571 0.05803571428571429 0.09151785714285714
11 0.8013392857142857 0.03794642857142857 0.06696428571428571 0.07589285714285714
11 0.5636160714285714 0.6283482142857143 0.07700892857142858 0.08928571428571429
11 0.7299107142857143 0.8102678571428571 0.07254464285714286 0.08705357142857142
11 0.7868303571428571 0.9609375 0.060267857142857144 0.078125
11 0.7254464285714286 0.9676339285714286 0.05803571428571429 0.06473214285714286
11 0.9207589285714286 0.8225446428571429 0.0625 0.09375
11 0.15625 0.32254464285714285 0.06696428571428571 0.09375
11 0.029017857142857144 0.15066964285714285 0.05803571428571429 0.07254464285714286
13 0.8872767857142857 0.3314732142857143 0.06473214285714286 0.08147321428571429
13 0.41964285714285715 0.7254464285714286 0.06919642857142858 0.09598214285714286
13 0.36495535714285715 0.7868303571428571 0.07254464285714286 0.08370535714285714
13 0.46875 0.5479910714285714 0.05803571428571429 0.08705357142857142
13 0.29910714285714285 0.5301339285714286 0.0625 0.10044642857142858
13 0.41629464285714285 0.5044642857142857 0.07254464285714286 0.08147321428571429
13 0.11495535714285714 0.25669642857142855 0.0625 0.08705357142857142
11 0.17522321428571427 0.14397321428571427 0.05803571428571429 0.09151785714285714
12 0.5569196428571429 0.017857142857142856 0.026785714285714284 0.03571428571428571
12 0.3125 0.21763392857142858 0.029017857142857144 0.03571428571428571
12 0.5658482142857143 0.15401785714285715 0.018973214285714284 0.024553571428571428
13 0.7466517857142857 0.09263392857142858 0.07254464285714286 0.08370535714285714
12 0.6026785714285714 0.9754464285714286 0.018973214285714284 0.029017857142857144