13 0.42299107142857145 0.44419642857142855 0.17299107142857142 0.34598214285714285
13 0.07924107142857142 0.036830357142857144 0.15848214285714285 0.07366071428571429
13 0.049107142857142856 0.3002232142857143 0.09821428571428571 0.27901785714285715
0 0.20089285714285715 0.421875 0.4017857142857143 0.39174107142857145
13 0.39732142857142855 0.018973214285714284 0.22321428571428573 0.03794642857142857
13 0.47767857142857145 0.49330357142857145 0.06473214285714286 0.23102678571428573
13 0.5770089285714286 0.09151785714285714 0.13504464285714285 0.125
12 0.5770089285714286 0.5569196428571429 0.09821428571428571 0.10044642857142858
13 0.7455357142857143 0.06808035714285714 0.2767857142857143 0.13616071428571427
3 0.8069196428571429 0.4029017857142857 0.3861607142857143 0.43080357142857145
13 0.9654017857142857 0.07589285714285714 0.06919642857142858 0.15178571428571427
13 0.5513392857142857 0.34263392857142855 0.08370535714285714 0.3002232142857143
13 0.6160714285714286 0.16741071428571427 0.21428571428571427 0.27120535714285715
13 0.8962053571428571 0.14508928571428573 0.20647321428571427 0.25669642857142855
13 0.37723214285714285 0.7064732142857143 0.26450892857142855 0.17745535714285715
13 0.3861607142857143 0.8303571428571429 0.24776785714285715 0.3392857142857143
13 0.11495535714285714 0.9006696428571429 0.22991071428571427 0.19866071428571427
13 0.4408482142857143 0.7198660714285714 0.13727678571428573 0.20424107142857142
12 0.25223214285714285 0.8694196428571429 0.11049107142857142 0.10825892857142858
13 0.4017857142857143 0.8404017857142857 0.21651785714285715 0.2622767857142857
0 0.14955357142857142 0.7399553571428571 0.29799107142857145 0.24553571428571427
13 0.29910714285714285 0.9430803571428571 0.27120535714285715 0.11272321428571429
6 0.7254464285714286 0.7912946428571429 0.4330357142857143 0.34598214285714285