12 0.49776785714285715 0.4017857142857143 0.04352678571428571 0.033482142857142856
12 0.22321428571428573 0.27232142857142855 0.03794642857142857 0.024553571428571428
12 0.29575892857142855 0.05580357142857143 0.029017857142857144 0.024553571428571428
12 0.6439732142857143 0.016741071428571428 0.04352678571428571 0.024553571428571428
12 0.984375 0.06919642857142858 0.03125 0.029017857142857144
12 0.4375 0.49776785714285715 0.03794642857142857 0.029017857142857144
12 0.8136160714285714 0.59375 0.033482142857142856 0.024553571428571428
12 0.796875 0.8549107142857143 0.03794642857142857 0.024553571428571428
12 0.9598214285714286 0.5959821428571429 0.03571428571428571 0.021205357142857144
12 0.32589285714285715 0.3549107142857143 0.033482142857142856 0.018973214285714284
1 0.44642857142857145 0.43861607142857145 0.09151785714285714 0.06696428571428571
1 0.34933035714285715 0.017857142857142856 0.07700892857142858 0.03571428571428571
1 0.09598214285714286 0.16629464285714285 0.08705357142857142 0.07254464285714286
1 0.09821428571428571 0.5658482142857143 0.09151785714285714 0.0625
1 0.40066964285714285 0.5267857142857143 0.09151785714285714 0.06696428571428571
1 0.25111607142857145 0.8482142857142857 0.09151785714285714 0.06696428571428571
1 0.11272321428571429 0.9196428571428571 0.08705357142857142 0.060267857142857144
1 0.234375 0.9441964285714286 0.08147321428571429 0.07254464285714286
1 0.7165178571428571 0.9497767857142857 0.09598214285714286 0.06473214285714286
1 0.18415178571428573 0.4252232142857143 0.07700892857142858 0.08147321428571429
1 0.0625 0.22544642857142858 0.07924107142857142 0.06696428571428571
1 0.3950892857142857 0.05580357142857143 0.08147321428571429 0.06696428571428571
1 0.49776785714285715 0.25558035714285715 0.08147321428571429 0.06696428571428571
1 0.31808035714285715 0.22879464285714285 0.08147321428571429 0.06473214285714286
1 0.44308035714285715 0.30357142857142855 0.08147321428571429 0.06696428571428571
1 0.13950892857142858 0.8370535714285714 0.08705357142857142 0.07477678571428571
11 0.9151785714285714 0.24776785714285715 0.08928571428571429 0.05803571428571429
17 0.6919642857142857 0.39955357142857145 0.09375 0.06696428571428571
11 0.38058035714285715 0.625 0.08147321428571429 0.06696428571428571