12 0.22767857142857142 0.044642857142857144 0.09821428571428571 0.08705357142857142
13 0.05803571428571429 0.04575892857142857 0.11495535714285714 0.09151785714285714
13 0.38839285714285715 0.46316964285714285 0.060267857142857144 0.29129464285714285
13 0.04352678571428571 0.25558035714285715 0.08705357142857142 0.25223214285714285
3 0.19866071428571427 0.5245535714285714 0.39620535714285715 0.5290178571428571
13 0.36160714285714285 0.20424107142857142 0.11272321428571429 0.2689732142857143
13 0.10602678571428571 0.7488839285714286 0.21205357142857142 0.07924107142857142
0 0.7689732142857143 0.3080357142857143 0.46205357142857145 0.5524553571428571
0 0.5267857142857143 0.33370535714285715 0.21651785714285715 0.42299107142857145
6 0.16852678571428573 0.9732142857142857 0.33705357142857145 0.052455357142857144
13 0.46763392857142855 0.8571428571428571 0.09821428571428571 0.13727678571428573