1 0.19866071428571427 0.7779017857142857 0.06696428571428571 0.10379464285714286
1 0.21986607142857142 0.9430803571428571 0.06696428571428571 0.08705357142857142
1 0.2845982142857143 0.96875 0.0625 0.0625
1 0.48660714285714285 0.9207589285714286 0.05803571428571429 0.09151785714285714
1 0.7087053571428571 0.7723214285714286 0.06696428571428571 0.09151785714285714
1 0.9620535714285714 0.6607142857142857 0.06696428571428571 0.07700892857142858
1 0.8816964285714286 0.5212053571428571 0.06696428571428571 0.08147321428571429
1 0.12723214285714285 0.31026785714285715 0.060267857142857144 0.07924107142857142
1 0.7142857142857143 0.24330357142857142 0.07700892857142858 0.08705357142857142
1 0.18861607142857142 0.44642857142857145 0.0625 0.08705357142857142
1 0.34598214285714285 0.5245535714285714 0.06696428571428571 0.09151785714285714
1 0.8392857142857143 0.9017857142857143 0.06473214285714286 0.07700892857142858
1 0.7042410714285714 0.8839285714285714 0.06473214285714286 0.08370535714285714
15 0.45870535714285715 0.2544642857142857 0.06473214285714286 0.08147321428571429
15 0.13616071428571427 0.19642857142857142 0.05803571428571429 0.07924107142857142
14 0.42075892857142855 0.10602678571428571 0.10044642857142858 0.03794642857142857
14 0.5725446428571429 0.09598214285714286 0.05803571428571429 0.0625
14 0.6395089285714286 0.17410714285714285 0.05580357142857143 0.08705357142857142
17 0.11049107142857142 0.5580357142857143 0.06696428571428571 0.08370535714285714
5 0.05133928571428571 0.3325892857142857 0.07254464285714286 0.07700892857142858
5 0.47098214285714285 0.33816964285714285 0.0625 0.09151785714285714
5 0.5279017857142857 0.2924107142857143 0.06696428571428571 0.08147321428571429
17 0.3939732142857143 0.6741071428571429 0.07254464285714286 0.08928571428571429
5 0.13392857142857142 0.3950892857142857 0.0625 0.07700892857142858
1 0.9709821428571429 0.8426339285714286 0.05803571428571429 0.10044642857142858
8 0.5535714285714286 0.5714285714285714 0.05580357142857143 0.07700892857142858
15 0.29017857142857145 0.9095982142857143 0.06919642857142858 0.07254464285714286
5 0.6149553571428571 0.41183035714285715 0.0625 0.07700892857142858
8 0.22098214285714285 0.15959821428571427 0.0625 0.07254464285714286
8 0.2767857142857143 0.027901785714285716 0.052455357142857144 0.05580357142857143
11 0.06696428571428571 0.7154017857142857 0.07924107142857142 0.06696428571428571
11 0.5334821428571429 0.8426339285714286 0.04799107142857143 0.09151785714285714
8 0.9151785714285714 0.33370535714285715 0.0625 0.07254464285714286
13 0.9330357142857143 0.29129464285714285 0.06696428571428571 0.09598214285714286
1 0.9397321428571429 0.08816964285714286 0.060267857142857144 0.10044642857142858
13 0.36160714285714285 0.19754464285714285 0.06919642857142858 0.08370535714285714
13 0.31919642857142855 0.28125 0.0625 0.08705357142857142
13 0.21316964285714285 0.041294642857142856 0.06696428571428571 0.08147321428571429
13 0.19754464285714285 0.36160714285714285 0.0625 0.09151785714285714
1 0.07366071428571429 0.41629464285714285 0.06473214285714286 0.08928571428571429
13 0.07589285714285714 0.26004464285714285 0.0625 0.08147321428571429
11 0.12611607142857142 0.47433035714285715 0.06696428571428571 0.08147321428571429
13 0.171875 0.5803571428571429 0.0625 0.08370535714285714
13 0.23214285714285715 0.59375 0.05803571428571429 0.08147321428571429
13 0.30357142857142855 0.4642857142857143 0.06919642857142858 0.09598214285714286
13 0.11160714285714286 0.6584821428571429 0.06919642857142858 0.09598214285714286
13 0.10491071428571429 0.7979910714285714 0.06473214285714286 0.08147321428571429
13 0.15066964285714285 0.8683035714285714 0.06696428571428571 0.08705357142857142
13 0.40513392857142855 0.3549107142857143 0.0625 0.08705357142857142
13 0.4107142857142857 0.44754464285714285 0.06473214285714286 0.09598214285714286
13 0.3861607142857143 0.5915178571428571 0.06473214285714286 0.08147321428571429
13 0.5513392857142857 0.37723214285714285 0.0625 0.08705357142857142
13 0.6573660714285714 0.3392857142857143 0.0625 0.08705357142857142
13 0.6473214285714286 0.07254464285714286 0.0625 0.09151785714285714
13 0.5245535714285714 0.13058035714285715 0.060267857142857144 0.08147321428571429
13 0.5725446428571429 0.033482142857142856 0.0625 0.06696428571428571
13 0.5502232142857143 0.21316964285714285 0.07700892857142858 0.11272321428571429
13 0.6037946428571429 0.18415178571428573 0.07700892857142858 0.11272321428571429
13 0.24441964285714285 0.234375 0.0625 0.08928571428571429
15 0.15178571428571427 0.2767857142857143 0.06473214285714286 0.08147321428571429
13 0.7399553571428571 0.15736607142857142 0.060267857142857144 0.08705357142857142
13 0.8303571428571429 0.07589285714285714 0.0625 0.08147321428571429
13 0.9654017857142857 0.18415178571428573 0.06696428571428571 0.07700892857142858
8 0.7433035714285714 0.40513392857142855 0.052455357142857144 0.08147321428571429
11 0.6975446428571429 0.40736607142857145 0.060267857142857144 0.09821428571428571
13 0.8024553571428571 0.39285714285714285 0.060267857142857144 0.07924107142857142
13 0.6473214285714286 0.6662946428571429 0.07254464285714286 0.10044642857142858
13 0.6897321428571429 0.5848214285714286 0.06696428571428571 0.09598214285714286
13 0.7790178571428571 0.6082589285714286 0.07254464285714286 0.09151785714285714
13 0.8236607142857143 0.6741071428571429 0.06919642857142858 0.08928571428571429
13 0.9084821428571429 0.6294642857142857 0.0625 0.08705357142857142
1 0.8549107142857143 0.5948660714285714 0.0625 0.08705357142857142
13 0.7410714285714286 0.5212053571428571 0.06696428571428571 0.08705357142857142
13 0.7879464285714286 0.46875 0.06696428571428571 0.08147321428571429
13 0.8649553571428571 0.39174107142857145 0.060267857142857144 0.08147321428571429
13 0.9475446428571429 0.40066964285714285 0.06696428571428571 0.08147321428571429
13 0.9486607142857143 0.7388392857142857 0.06696428571428571 0.08147321428571429
13 0.6540178571428571 0.921875 0.052455357142857144 0.08147321428571429
13 0.34486607142857145 0.8180803571428571 0.0625 0.08705357142857142
13 0.39620535714285715 0.7611607142857143 0.06696428571428571 0.08147321428571429
13 0.24441964285714285 0.6830357142857143 0.07254464285714286 0.07700892857142858
13 0.25892857142857145 0.7622767857142857 0.0625 0.07924107142857142
13 0.27232142857142855 0.8560267857142857 0.0625 0.08147321428571429
13 0.36495535714285715 0.9631696428571429 0.0625 0.07254464285714286
13 0.38169642857142855 0.8872767857142857 0.06696428571428571 0.08147321428571429
11 0.47544642857142855 0.8258928571428571 0.060267857142857144 0.08705357142857142
13 0.5200892857142857 0.6439732142857143 0.06473214285714286 0.08705357142857142
13 0.6272321428571429 0.7712053571428571 0.06919642857142858 0.09598214285714286
13 0.5904017857142857 0.8426339285714286 0.0625 0.08705357142857142
13 0.7756696428571429 0.8169642857142857 0.0625 0.08705357142857142
13 0.8560267857142857 0.7834821428571429 0.0625 0.08147321428571429
13 0.5948660714285714 0.9508928571428571 0.06473214285714286 0.08705357142857142
13 0.026785714285714284 0.09486607142857142 0.052455357142857144 0.08705357142857142
13 0.8705357142857143 0.23549107142857142 0.06696428571428571 0.08705357142857142
12 0.19754464285714285 0.11495535714285714 0.026785714285714284 0.03571428571428571
12 0.23660714285714285 0.10602678571428571 0.021205357142857144 0.033482142857142856
12 0.15066964285714285 0.78125 0.024553571428571428 0.024553571428571428
12 0.9776785714285714 0.12388392857142858 0.018973214285714284 0.026785714285714284
12 0.8303571428571429 0.5223214285714286 0.024553571428571428 0.03794642857142857