15 0.4654017857142857 0.3783482142857143 0.07254464285714286 0.052455357142857144
15 0.27232142857142855 0.15290178571428573 0.07254464285714286 0.0625
15 0.13504464285714285 0.125 0.07700892857142858 0.06696428571428571
17 0.09040178571428571 0.41294642857142855 0.10044642857142858 0.06696428571428571
17 0.04241071428571429 0.3125 0.08147321428571429 0.07477678571428571
17 0.12388392857142858 0.21205357142857142 0.08928571428571429 0.07924107142857142
17 0.19308035714285715 0.16964285714285715 0.09151785714285714 0.07700892857142858
17 0.14508928571428573 0.04352678571428571 0.10602678571428571 0.07924107142857142
17 0.21986607142857142 0.38058035714285715 0.09598214285714286 0.08147321428571429
18 0.3470982142857143 0.3705357142857143 0.10602678571428571 0.08147321428571429
15 0.17745535714285715 0.7276785714285714 0.07700892857142858 0.06696428571428571
17 0.06584821428571429 0.8370535714285714 0.10044642857142858 0.07924107142857142
17 0.23995535714285715 0.7935267857142857 0.08705357142857142 0.08705357142857142
17 0.32254464285714285 0.8080357142857143 0.08147321428571429 0.07254464285714286
17 0.43973214285714285 0.7477678571428571 0.09151785714285714 0.0625
17 0.5424107142857143 0.7511160714285714 0.11272321428571429 0.07700892857142858
17 0.5412946428571429 0.8660714285714286 0.09151785714285714 0.06919642857142858
17 0.5625 0.9352678571428571 0.09151785714285714 0.07254464285714286
17 0.43191964285714285 0.5267857142857143 0.11495535714285714 0.08147321428571429
17 0.5245535714285714 0.4810267857142857 0.08928571428571429 0.07477678571428571
17 0.7488839285714286 0.44308035714285715 0.08147321428571429 0.08147321428571429
17 0.7544642857142857 0.31808035714285715 0.10602678571428571 0.08928571428571429
17 0.7388392857142857 0.23549107142857142 0.10602678571428571 0.08147321428571429
17 0.7399553571428571 0.14732142857142858 0.08928571428571429 0.08147321428571429
17 0.59375 0.13839285714285715 0.10379464285714286 0.08928571428571429
17 0.5959821428571429 0.030133928571428572 0.09151785714285714 0.060267857142857144
17 0.48325892857142855 0.06696428571428571 0.08705357142857142 0.08147321428571429
17 0.39955357142857145 0.08035714285714286 0.09598214285714286 0.07477678571428571
17 0.359375 0.16741071428571427 0.10379464285714286 0.07700892857142858
17 0.45424107142857145 0.2533482142857143 0.11272321428571429 0.07700892857142858
17 0.5178571428571429 0.296875 0.07477678571428571 0.07254464285714286
17 0.578125 0.21540178571428573 0.08705357142857142 0.09375
17 0.6071428571428571 0.34486607142857145 0.11830357142857142 0.09375
17 0.6372767857142857 0.5435267857142857 0.09821428571428571 0.07254464285714286
17 0.7332589285714286 0.5189732142857143 0.10044642857142858 0.0625
17 0.7667410714285714 0.5993303571428571 0.09151785714285714 0.07924107142857142
17 0.8571428571428571 0.6071428571428571 0.08928571428571429 0.07254464285714286
17 0.9162946428571429 0.6618303571428571 0.10044642857142858 0.07700892857142858
17 0.7790178571428571 0.6763392857142857 0.09598214285714286 0.07254464285714286
17 0.6908482142857143 0.6919642857142857 0.08705357142857142 0.06696428571428571
17 0.7667410714285714 0.7533482142857143 0.09151785714285714 0.06919642857142858
17 0.8761160714285714 0.7410714285714286 0.09821428571428571 0.07700892857142858
17 0.8426339285714286 0.8024553571428571 0.08705357142857142 0.07254464285714286
17 0.9497767857142857 0.8482142857142857 0.10044642857142858 0.08147321428571429
17 0.625 0.8348214285714286 0.10044642857142858 0.07477678571428571
17 0.9542410714285714 0.9252232142857143 0.09151785714285714 0.07254464285714286
17 0.9185267857142857 0.15848214285714285 0.10602678571428571 0.08928571428571429
17 0.9118303571428571 0.07366071428571429 0.10044642857142858 0.07700892857142858
17 0.8214285714285714 0.10714285714285714 0.09598214285714286 0.07700892857142858
14 0.6707589285714286 0.2845982142857143 0.04799107142857143 0.07477678571428571
14 0.8627232142857143 0.34375 0.07700892857142858 0.07924107142857142
14 0.8448660714285714 0.2857142857142857 0.08147321428571429 0.0625
14 0.9263392857142857 0.42299107142857145 0.08705357142857142 0.0625
14 0.7600446428571429 0.8125 0.07700892857142858 0.060267857142857144
14 0.2533482142857143 0.22321428571428573 0.06696428571428571 0.07254464285714286
17 0.22767857142857142 0.4888392857142857 0.10602678571428571 0.07700892857142858
18 0.10379464285714286 0.27120535714285715 0.06473214285714286 0.08705357142857142
18 0.65625 0.46316964285714285 0.08705357142857142 0.10044642857142858
18 0.9084821428571429 0.8303571428571429 0.07254464285714286 0.09375
18 0.18415178571428573 0.27232142857142855 0.08147321428571429 0.07254464285714286
14 0.030133928571428572 0.5301339285714286 0.060267857142857144 0.08370535714285714
14 0.07254464285714286 0.5502232142857143 0.04799107142857143 0.05803571428571429
18 0.3861607142857143 0.8147321428571429 0.10602678571428571 0.09375
18 0.6216517857142857 0.7087053571428571 0.09821428571428571 0.08370535714285714
15 0.6339285714285714 0.7700892857142857 0.07254464285714286 0.05803571428571429
15 0.9497767857142857 0.5636160714285714 0.0625 0.06696428571428571
17 0.7232142857142857 0.8861607142857143 0.09598214285714286 0.08928571428571429
17 0.6841517857142857 0.8147321428571429 0.08370535714285714 0.07924107142857142
14 0.7555803571428571 0.9397321428571429 0.06473214285714286 0.07700892857142858
14 0.859375 0.45200892857142855 0.05803571428571429 0.10602678571428571