5 0.4017857142857143 0.36607142857142855 0.09375 0.06919642857142858
5 0.30580357142857145 0.421875 0.09151785714285714 0.0625
5 0.4419642857142857 0.28236607142857145 0.09375 0.06696428571428571
5 0.4642857142857143 0.19084821428571427 0.09151785714285714 0.06696428571428571
1 0.17745535714285715 0.5725446428571429 0.09598214285714286 0.07254464285714286
1 0.7243303571428571 0.8716517857142857 0.09151785714285714 0.06696428571428571
1 0.203125 0.8549107142857143 0.09598214285714286 0.06473214285714286
1 0.32254464285714285 0.33035714285714285 0.09151785714285714 0.07254464285714286
1 0.8805803571428571 0.49441964285714285 0.07924107142857142 0.07254464285714286
1 0.8147321428571429 0.7689732142857143 0.09151785714285714 0.06473214285714286
1 0.6551339285714286 0.15401785714285715 0.08147321428571429 0.07477678571428571
1 0.22991071428571427 0.8013392857142857 0.10044642857142858 0.06473214285714286
12 0.9542410714285714 0.6082589285714286 0.029017857142857144 0.024553571428571428
12 0.9162946428571429 0.41183035714285715 0.029017857142857144 0.024553571428571428
12 0.9464285714285714 0.421875 0.018973214285714284 0.018973214285714284
12 0.7075892857142857 0.16741071428571427 0.04352678571428571 0.03125
12 0.8236607142857143 0.09375 0.029017857142857144 0.024553571428571428
12 0.6439732142857143 0.03571428571428571 0.021205357142857144 0.014508928571428572
12 0.24107142857142858 0.29910714285714285 0.029017857142857144 0.018973214285714284
12 0.10044642857142858 0.23325892857142858 0.021205357142857144 0.018973214285714284
12 0.04352678571428571 0.09821428571428571 0.016741071428571428 0.014508928571428572
12 0.2622767857142857 0.49330357142857145 0.024553571428571428 0.018973214285714284
12 0.25 0.46875 0.024553571428571428 0.018973214285714284
12 0.32924107142857145 0.4575892857142857 0.029017857142857144 0.024553571428571428
12 0.36049107142857145 0.4107142857142857 0.029017857142857144 0.018973214285714284
12 0.4799107142857143 0.49330357142857145 0.029017857142857144 0.024553571428571428
12 0.5982142857142857 0.6160714285714286 0.04799107142857143 0.03125
12 0.7131696428571429 0.65625 0.029017857142857144 0.024553571428571428
12 0.7388392857142857 0.6205357142857143 0.018973214285714284 0.014508928571428572
12 0.7555803571428571 0.7287946428571429 0.029017857142857144 0.018973214285714284
12 0.7455357142857143 0.7533482142857143 0.021205357142857144 0.018973214285714284
12 0.5669642857142857 0.9397321428571429 0.029017857142857144 0.021205357142857144
12 0.46986607142857145 0.796875 0.018973214285714284 0.018973214285714284
12 0.35044642857142855 0.6997767857142857 0.024553571428571428 0.014508928571428572
12 0.28683035714285715 0.5758928571428571 0.024553571428571428 0.018973214285714284
12 0.21428571428571427 0.6395089285714286 0.018973214285714284 0.014508928571428572
12 0.22321428571428573 0.53125 0.03125 0.018973214285714284
12 0.203125 0.8973214285714286 0.029017857142857144 0.018973214285714284
12 0.2689732142857143 0.7823660714285714 0.024553571428571428 0.018973214285714284
12 0.33482142857142855 0.8649553571428571 0.03125 0.024553571428571428
12 0.21540178571428573 0.35379464285714285 0.024553571428571428 0.018973214285714284
12 0.16183035714285715 0.359375 0.024553571428571428 0.024553571428571428
12 0.09263392857142858 0.4564732142857143 0.024553571428571428 0.014508928571428572
1 0.9252232142857143 0.14955357142857142 0.09598214285714286 0.06696428571428571