13 0.12165178571428571 0.6696428571428571 0.24330357142857142 0.28125
13 0.12723214285714285 0.7566964285714286 0.10044642857142858 0.10044642857142858
13 0.03794642857142857 0.08928571428571429 0.07589285714285714 0.17410714285714285
13 0.34486607142857145 0.7555803571428571 0.23995535714285715 0.22321428571428573
13 0.9720982142857143 0.20870535714285715 0.05022321428571429 0.20424107142857142
13 0.8292410714285714 0.6205357142857143 0.26004464285714285 0.20870535714285715
12 0.09598214285714286 0.021205357142857144 0.08705357142857142 0.03794642857142857
12 0.12611607142857142 0.7566964285714286 0.09821428571428571 0.10044642857142858
13 0.05133928571428571 0.4921875 0.10267857142857142 0.20758928571428573
12 0.21428571428571427 0.7924107142857143 0.07924107142857142 0.06473214285714286
13 0.8091517857142857 0.5122767857142857 0.22098214285714285 0.22098214285714285
13 0.9375 0.40066964285714285 0.12053571428571429 0.22321428571428573
13 0.7198660714285714 0.052455357142857144 0.24330357142857142 0.10491071428571429
13 0.7868303571428571 0.21763392857142858 0.2857142857142857 0.22544642857142858
13 0.8158482142857143 0.8426339285714286 0.25 0.26004464285714285
13 0.140625 0.13169642857142858 0.26450892857142855 0.21651785714285715
9 0.4966517857142857 0.49107142857142855 0.48549107142857145 0.5167410714285714