8 0.109375 0.9441964285714286 0.05803571428571429 0.08147321428571429
8 0.4185267857142857 0.8883928571428571 0.06696428571428571 0.08705357142857142
8 0.7935267857142857 0.2611607142857143 0.060267857142857144 0.08370535714285714
8 0.9564732142857143 0.25223214285714285 0.07254464285714286 0.08705357142857142
8 0.37611607142857145 0.7935267857142857 0.06919642857142858 0.08147321428571429
8 0.0625 0.8069196428571429 0.06473214285714286 0.08705357142857142
8 0.5435267857142857 0.5100446428571429 0.06473214285714286 0.07477678571428571
13 0.453125 0.6383928571428571 0.060267857142857144 0.09151785714285714
13 0.18191964285714285 0.30245535714285715 0.06473214285714286 0.08705357142857142
8 0.04575892857142857 0.18526785714285715 0.06473214285714286 0.08928571428571429
14 0.13169642857142858 0.4877232142857143 0.060267857142857144 0.09821428571428571
14 0.5435267857142857 0.6205357142857143 0.060267857142857144 0.09375
1 0.7946428571428571 0.16852678571428573 0.07477678571428571 0.09598214285714286
11 0.6495535714285714 0.21651785714285715 0.07924107142857142 0.11272321428571429
14 0.6785714285714286 0.8950892857142857 0.06696428571428571 0.08928571428571429
14 0.5055803571428571 0.7712053571428571 0.060267857142857144 0.09598214285714286
16 0.13727678571428573 0.09933035714285714 0.07700892857142858 0.11272321428571429
16 0.21763392857142858 0.4564732142857143 0.07924107142857142 0.11272321428571429
16 0.18080357142857142 0.6629464285714286 0.07924107142857142 0.11272321428571429
5 0.5636160714285714 0.24665178571428573 0.07924107142857142 0.11272321428571429
5 0.46763392857142855 0.33035714285714285 0.0625 0.09598214285714286
13 0.05580357142857143 0.49776785714285715 0.07254464285714286 0.08705357142857142
13 0.07366071428571429 0.41183035714285715 0.07254464285714286 0.10379464285714286
13 0.29799107142857145 0.25223214285714285 0.07700892857142858 0.09598214285714286
13 0.29017857142857145 0.49888392857142855 0.06919642857142858 0.09598214285714286
13 0.36607142857142855 0.47879464285714285 0.07477678571428571 0.10602678571428571
13 0.2611607142857143 0.3314732142857143 0.07924107142857142 0.11272321428571429
13 0.27901785714285715 0.13392857142857142 0.06919642857142858 0.09598214285714286
13 0.48325892857142855 0.19308035714285715 0.07700892857142858 0.08928571428571429
13 0.5613839285714286 0.16071428571428573 0.07924107142857142 0.09375
13 0.3169642857142857 0.41183035714285715 0.06696428571428571 0.09375
13 0.3794642857142857 0.22209821428571427 0.06696428571428571 0.09375
8 0.33705357142857145 0.16183035714285715 0.0625 0.08705357142857142
13 0.7131696428571429 0.16517857142857142 0.07924107142857142 0.11272321428571429
11 0.5435267857142857 0.38950892857142855 0.06473214285714286 0.09821428571428571
13 0.8582589285714286 0.26674107142857145 0.06919642857142858 0.09151785714285714
13 0.890625 0.33482142857142855 0.06473214285714286 0.10379464285714286
5 0.8716517857142857 0.45424107142857145 0.06919642857142858 0.09598214285714286
13 0.7834821428571429 0.41517857142857145 0.07477678571428571 0.08705357142857142
13 0.8113839285714286 0.48549107142857145 0.07924107142857142 0.11272321428571429
13 0.9430803571428571 0.49776785714285715 0.07924107142857142 0.11272321428571429
5 0.5915178571428571 0.6395089285714286 0.06473214285714286 0.09821428571428571
13 0.375 0.6316964285714286 0.060267857142857144 0.08928571428571429
13 0.4095982142857143 0.5591517857142857 0.06919642857142858 0.09375
13 0.06584821428571429 0.6964285714285714 0.0625 0.08705357142857142
13 0.20870535714285715 0.8794642857142857 0.07477678571428571 0.09375
13 0.05133928571428571 0.8939732142857143 0.06919642857142858 0.09375
13 0.03459821428571429 0.27120535714285715 0.06919642857142858 0.09375
11 0.6975446428571429 0.3705357142857143 0.06919642857142858 0.09821428571428571
13 0.625 0.29910714285714285 0.06919642857142858 0.10379464285714286
13 0.7433035714285714 0.08258928571428571 0.07477678571428571 0.08928571428571429