10 0.11830357142857142 0.3638392857142857 0.23549107142857142 0.29129464285714285
13 0.6361607142857143 0.14397321428571427 0.25223214285714285 0.28794642857142855
13 0.8381696428571429 0.012276785714285714 0.29129464285714285 0.024553571428571428
13 0.5859375 0.09933035714285714 0.15401785714285715 0.19866071428571427
3 0.7890625 0.38058035714285715 0.421875 0.25669642857142855
13 0.5613839285714286 0.3627232142857143 0.10379464285714286 0.24553571428571427
6 0.3247767857142857 0.7723214285714286 0.3705357142857143 0.45424107142857145
13 0.984375 0.8973214285714286 0.03125 0.20424107142857142
13 0.6930803571428571 0.7042410714285714 0.23102678571428573 0.24553571428571427
13 0.8537946428571429 0.9564732142857143 0.23102678571428573 0.08705357142857142
0 0.6540178571428571 0.8537946428571429 0.29017857142857145 0.2924107142857143