7 0.5457589285714286 0.046875 0.125 0.09151785714285714
7 0.37276785714285715 0.3169642857142857 0.11495535714285714 0.09598214285714286
7 0.5580357142857143 0.23549107142857142 0.11495535714285714 0.09151785714285714
7 0.6863839285714286 0.6808035714285714 0.12723214285714285 0.09151785714285714
17 0.6462053571428571 0.7879464285714286 0.11049107142857142 0.09821428571428571
17 0.6104910714285714 0.3549107142857143 0.10825892857142858 0.07700892857142858
7 0.7779017857142857 0.23214285714285715 0.11272321428571429 0.09151785714285714
17 0.9508928571428571 0.3247767857142857 0.09598214285714286 0.07700892857142858
17 0.6908482142857143 0.29575892857142855 0.12053571428571429 0.09151785714285714
17 0.9029017857142857 0.06808035714285714 0.11272321428571429 0.09821428571428571
17 0.15736607142857142 0.8649553571428571 0.11049107142857142 0.08370535714285714
17 0.42745535714285715 0.09709821428571429 0.12276785714285714 0.09151785714285714
17 0.15736607142857142 0.021205357142857144 0.11383928571428571 0.04241071428571429
17 0.8482142857142857 0.7321428571428571 0.10602678571428571 0.07254464285714286
18 0.53125 0.5591517857142857 0.10825892857142858 0.09151785714285714
16 0.15066964285714285 0.7790178571428571 0.11495535714285714 0.09151785714285714
12 0.22544642857142858 0.40736607142857145 0.03794642857142857 0.03571428571428571
12 0.04799107142857143 0.21205357142857142 0.03794642857142857 0.033482142857142856
13 0.7098214285714286 0.5 0.12053571428571429 0.09151785714285714
13 0.8660714285714286 0.48995535714285715 0.10602678571428571 0.07700892857142858
13 0.3314732142857143 0.9352678571428571 0.12276785714285714 0.08705357142857142
13 0.13504464285714285 0.37723214285714285 0.11049107142857142 0.08147321428571429
13 0.21540178571428573 0.10825892857142858 0.10602678571428571 0.08705357142857142
13 0.328125 0.041294642857142856 0.10044642857142858 0.08147321428571429
13 0.8314732142857143 0.3169642857142857 0.11495535714285714 0.08705357142857142
13 0.7991071428571429 0.049107142857142856 0.11495535714285714 0.08705357142857142
13 0.24776785714285715 0.49441964285714285 0.11495535714285714 0.08705357142857142