13 0.09151785714285714 0.026785714285714284 0.18303571428571427 0.052455357142857144
13 0.9363839285714286 0.25111607142857145 0.12276785714285714 0.26450892857142855
13 0.7712053571428571 0.04799107142857143 0.21205357142857142 0.09598214285714286
12 0.8627232142857143 0.18303571428571427 0.06919642857142858 0.06473214285714286
13 0.17745535714285715 0.9564732142857143 0.24553571428571427 0.08705357142857142
13 0.5948660714285714 0.7008928571428571 0.24330357142857142 0.23549107142857142
6 0.4966517857142857 0.5011160714285714 0.2689732142857143 0.2689732142857143
13 0.7399553571428571 0.24776785714285715 0.24330357142857142 0.24776785714285715
13 0.734375 0.49776785714285715 0.25223214285714285 0.24553571428571427
13 0.11495535714285714 0.19866071428571427 0.22991071428571427 0.24553571428571427
13 0.9040178571428571 0.6305803571428571 0.1875 0.24330357142857142
13 0.2857142857142857 0.07700892857142858 0.2622767857142857 0.15401785714285715
13 0.8872767857142857 0.9241071428571429 0.22098214285714285 0.15178571428571427
13 0.5569196428571429 0.09263392857142858 0.28125 0.18526785714285715
13 0.3783482142857143 0.26450892857142855 0.26004464285714285 0.2544642857142857
13 0.5792410714285714 0.9241071428571429 0.23549107142857142 0.15178571428571427
13 0.36830357142857145 0.7410714285714286 0.26004464285714285 0.23325892857142858
13 0.24330357142857142 0.5669642857142857 0.24330357142857142 0.22544642857142858