13 0.09486607142857142 0.014508928571428572 0.18973214285714285 0.029017857142857144
13 0.25892857142857145 0.21540178571428573 0.12276785714285714 0.21875
13 0.06361607142857142 0.375 0.12723214285714285 0.28794642857142855
13 0.19308035714285715 0.40513392857142855 0.18973214285714285 0.22879464285714285
6 0.6696428571428571 0.39285714285714285 0.43526785714285715 0.25223214285714285
13 0.18638392857142858 0.5970982142857143 0.20870535714285715 0.15625
12 0.07477678571428571 0.8147321428571429 0.08928571428571429 0.08705357142857142
13 0.15736607142857142 0.8816964285714286 0.21428571428571427 0.23549107142857142
13 0.24776785714285715 0.7064732142857143 0.14397321428571427 0.23995535714285715
13 0.09486607142857142 0.5625 0.18973214285714285 0.08705357142857142
3 0.24888392857142858 0.8883928571428571 0.14174107142857142 0.22321428571428573
13 0.07366071428571429 0.6964285714285714 0.14620535714285715 0.17522321428571427
3 0.6785714285714286 0.7220982142857143 0.49330357142857145 0.40625
13 0.9341517857142857 0.7120535714285714 0.13169642857142858 0.26004464285714285
13 0.890625 0.9252232142857143 0.21875 0.14955357142857142