13 0.5055803571428571 0.10825892857142858 0.04575892857142857 0.21651785714285715
13 0.44308035714285715 0.2700892857142857 0.17075892857142858 0.31026785714285715
12 0.35825892857142855 0.29129464285714285 0.09821428571428571 0.09151785714285714
13 0.33816964285714285 0.07700892857142858 0.3002232142857143 0.15401785714285715
13 0.13504464285714285 0.6741071428571429 0.2689732142857143 0.03125
13 0.3549107142857143 0.46763392857142855 0.25669642857142855 0.2544642857142857
13 0.12834821428571427 0.5736607142857143 0.25669642857142855 0.23325892857142858
13 0.41183035714285715 0.6071428571428571 0.23325892857142858 0.16629464285714285
3 0.18303571428571427 0.27901785714285715 0.36495535714285715 0.5145089285714286
3 0.8069196428571429 0.27232142857142855 0.3861607142857143 0.5446428571428571
9 0.36049107142857145 0.8448660714285714 0.33705357142857145 0.31026785714285715
6 0.6808035714285714 0.9073660714285714 0.30245535714285715 0.18526785714285715