13 0.10379464285714286 0.15848214285714285 0.20647321428571427 0.27455357142857145
6 0.3169642857142857 0.2544642857142857 0.20200892857142858 0.39955357142857145
13 0.18861607142857142 0.41629464285714285 0.3002232142857143 0.22544642857142858
9 0.7868303571428571 0.3404017857142857 0.4252232142857143 0.37723214285714285
13 0.10379464285714286 0.6395089285714286 0.20647321428571427 0.18303571428571427
0 0.3236607142857143 0.8828125 0.1875 0.234375
13 0.296875 0.6696428571428571 0.23325892857142858 0.28125
13 0.18191964285714285 0.8828125 0.2700892857142857 0.234375
13 0.6986607142857143 0.5926339285714286 0.11272321428571429 0.11495535714285714
13 0.5625 0.5736607142857143 0.22098214285714285 0.08928571428571429
12 0.6964285714285714 0.6060267857142857 0.09598214285714286 0.09151785714285714
13 0.9207589285714286 0.5837053571428571 0.15848214285714285 0.11049107142857142
3 0.7566964285714286 0.8794642857142857 0.48549107142857145 0.23995535714285715
13 0.8113839285714286 0.6919642857142857 0.28125 0.25
13 0.9654017857142857 0.8035714285714286 0.06919642857142858 0.25669642857142855
13 0.5625 0.7165178571428571 0.28794642857142855 0.25