17 0.25223214285714285 0.7633928571428571 0.08705357142857142 0.07477678571428571
17 0.3247767857142857 0.5167410714285714 0.08705357142857142 0.07700892857142858
2 0.7020089285714286 0.6450892857142857 0.0625 0.0625
1 0.38950892857142855 0.8180803571428571 0.09598214285714286 0.07924107142857142
1 0.47767857142857145 0.4252232142857143 0.09598214285714286 0.07254464285714286
1 0.45200892857142855 0.5814732142857143 0.07924107142857142 0.05803571428571429
1 0.5167410714285714 0.5513392857142857 0.07254464285714286 0.07254464285714286
1 0.15290178571428573 0.8069196428571429 0.08147321428571429 0.06473214285714286
1 0.07589285714285714 0.6875 0.08705357142857142 0.06919642857142858
1 0.234375 0.484375 0.07924107142857142 0.05803571428571429
1 0.42075892857142855 0.18973214285714285 0.08370535714285714 0.0625
1 0.6261160714285714 0.9475446428571429 0.07700892857142858 0.06473214285714286
1 0.8883928571428571 0.34151785714285715 0.09598214285714286 0.0625
1 0.9620535714285714 0.3950892857142857 0.07589285714285714 0.07142857142857142
1 0.9575892857142857 0.7131696428571429 0.08370535714285714 0.060267857142857144
1 0.9252232142857143 0.8805803571428571 0.08147321428571429 0.06919642857142858
1 0.08482142857142858 0.48549107142857145 0.10379464285714286 0.0625
1 0.22098214285714285 0.3872767857142857 0.08705357142857142 0.07924107142857142
1 0.7433035714285714 0.17745535714285715 0.09151785714285714 0.05803571428571429
16 0.21986607142857142 0.13392857142857142 0.08705357142857142 0.06696428571428571