18 0.43526785714285715 0.19084821428571427 0.08928571428571429 0.06696428571428571
18 0.7834821428571429 0.09598214285714286 0.09821428571428571 0.08705357142857142
17 0.8024553571428571 0.27566964285714285 0.08705357142857142 0.06696428571428571
12 0.06808035714285714 0.9754464285714286 0.033482142857142856 0.024553571428571428
12 0.05580357142857143 0.9486607142857143 0.03794642857142857 0.03125
12 0.036830357142857144 0.9676339285714286 0.033482142857142856 0.021205357142857144
12 0.012276785714285714 0.96875 0.024553571428571428 0.024553571428571428
12 0.4720982142857143 0.7823660714285714 0.033482142857142856 0.029017857142857144
12 0.5256696428571429 0.78125 0.04352678571428571 0.03125
12 0.4966517857142857 0.7611607142857143 0.024553571428571428 0.018973214285714284
12 0.5212053571428571 0.7566964285714286 0.029017857142857144 0.024553571428571428
12 0.5479910714285714 0.7633928571428571 0.033482142857142856 0.018973214285714284
12 0.5412946428571429 0.7466517857142857 0.029017857142857144 0.021205357142857144
12 0.6841517857142857 0.84375 0.03125 0.024553571428571428
12 0.6886160714285714 0.5368303571428571 0.029017857142857144 0.024553571428571428
12 0.2533482142857143 0.5334821428571429 0.041294642857142856 0.024553571428571428