17 0.5792410714285714 0.07254464285714286 0.11272321428571429 0.07700892857142858
17 0.5691964285714286 0.28683035714285715 0.11272321428571429 0.07254464285714286
17 0.4564732142857143 0.3247767857142857 0.11272321428571429 0.07700892857142858
16 0.3013392857142857 0.45424107142857145 0.11272321428571429 0.07700892857142858
17 0.4095982142857143 0.6941964285714286 0.11272321428571429 0.07700892857142858
17 0.71875 0.9252232142857143 0.11272321428571429 0.07700892857142858
15 0.4095982142857143 0.2611607142857143 0.11272321428571429 0.07700892857142858
15 0.41517857142857145 0.5178571428571429 0.11272321428571429 0.07700892857142858
13 0.9029017857142857 0.13169642857142858 0.11272321428571429 0.07700892857142858
13 0.21428571428571427 0.19308035714285715 0.11272321428571429 0.07700892857142858
13 0.28794642857142855 0.5691964285714286 0.11272321428571429 0.07700892857142858
13 0.6897321428571429 0.6037946428571429 0.11272321428571429 0.07700892857142858