0 0.3314732142857143 0.16629464285714285 0.5290178571428571 0.3314732142857143
13 0.5524553571428571 0.09151785714285714 0.11049107142857142 0.18303571428571427
13 0.0859375 0.08258928571428571 0.171875 0.16517857142857142
13 0.5636160714285714 0.24107142857142858 0.08928571428571429 0.25223214285714285
3 0.8426339285714286 0.17745535714285715 0.31473214285714285 0.3549107142857143
10 0.4341517857142857 0.8180803571428571 0.3482142857142857 0.3627232142857143
3 0.7957589285714286 0.8136160714285714 0.375 0.37276785714285715
13 0.6897321428571429 0.6004464285714286 0.16294642857142858 0.27901785714285715
13 0.8738839285714286 0.5357142857142857 0.25223214285714285 0.19196428571428573
13 0.9497767857142857 0.6741071428571429 0.10044642857142858 0.28125
13 0.9475446428571429 0.8794642857142857 0.10491071428571429 0.23660714285714285