15 0.041294642857142856 0.3002232142857143 0.05580357142857143 0.07254464285714286
15 0.15401785714285715 0.15401785714285715 0.0625 0.08147321428571429
15 0.18303571428571427 0.3091517857142857 0.05022321428571429 0.08370535714285714
15 0.19642857142857142 0.41183035714285715 0.0625 0.07254464285714286
15 0.07924107142857142 0.4330357142857143 0.0625 0.07254464285714286
15 0.26004464285714285 0.21205357142857142 0.05803571428571429 0.08147321428571429
15 0.30357142857142855 0.11607142857142858 0.060267857142857144 0.08147321428571429
15 0.25669642857142855 0.49776785714285715 0.05803571428571429 0.07254464285714286
15 0.3125 0.45200892857142855 0.052455357142857144 0.07254464285714286
15 0.29910714285714285 0.6975446428571429 0.05803571428571429 0.07254464285714286
15 0.46205357142857145 0.46205357142857145 0.0625 0.08147321428571429
19 0.84375 0.8928571428571429 0.09821428571428571 0.13727678571428573
15 0.2700892857142857 0.9397321428571429 0.052455357142857144 0.08147321428571429
15 0.08816964285714286 0.6752232142857143 0.052455357142857144 0.08147321428571429
15 0.2689732142857143 0.8448660714285714 0.05580357142857143 0.07700892857142858
15 0.48214285714285715 0.14174107142857142 0.05022321428571429 0.06696428571428571
15 0.5100446428571429 0.21428571428571427 0.05803571428571429 0.06696428571428571
12 0.5948660714285714 0.9185267857142857 0.029017857142857144 0.033482142857142856
12 0.90625 0.5725446428571429 0.021205357142857144 0.03794642857142857
12 0.4095982142857143 0.4732142857142857 0.024553571428571428 0.03125