9 0.12946428571428573 0.35267857142857145 0.25892857142857145 0.5535714285714286
13 0.39174107142857145 0.27455357142857145 0.25669642857142855 0.3247767857142857
13 0.29129464285714285 0.09598214285714286 0.0625 0.19196428571428573
12 0.3482142857142857 0.5524553571428571 0.09151785714285714 0.09375
13 0.9709821428571429 0.19977678571428573 0.05803571428571429 0.2935267857142857
6 0.6517857142857143 0.42410714285714285 0.3939732142857143 0.3939732142857143
13 0.4017857142857143 0.05915178571428571 0.24553571428571427 0.11830357142857142
13 0.6205357142857143 0.20647321428571427 0.3482142857142857 0.2767857142857143
13 0.8660714285714286 0.14955357142857142 0.26674107142857145 0.29799107142857145
13 0.8404017857142857 0.016741071428571428 0.27120535714285715 0.033482142857142856
13 0.875 0.5747767857142857 0.25 0.11049107142857142
13 0.31361607142857145 0.27455357142857145 0.10825892857142858 0.27901785714285715
13 0.6238839285714286 0.08258928571428571 0.3236607142857143 0.16517857142857142
13 0.3950892857142857 0.7667410714285714 0.27120535714285715 0.23995535714285715
13 0.5502232142857143 0.7622767857142857 0.28125 0.25669642857142855
6 0.7544642857142857 0.890625 0.48995535714285715 0.21875
10 0.9587053571428571 0.7935267857142857 0.08147321428571429 0.32700892857142855
13 0.3627232142857143 0.8292410714285714 0.20647321428571427 0.22544642857142858