6 0.16629464285714285 0.38950892857142855 0.3314732142857143 0.375
13 0.9129464285714286 0.6305803571428571 0.17299107142857142 0.016741071428571428
6 0.6618303571428571 0.18638392857142858 0.3872767857142857 0.37276785714285715
13 0.9095982142857143 0.18526785714285715 0.18080357142857142 0.24553571428571427
13 0.734375 0.4419642857142857 0.24330357142857142 0.23549107142857142
13 0.5111607142857143 0.42410714285714285 0.08370535714285714 0.23325892857142858
13 0.9631696428571429 0.4654017857142857 0.07366071428571429 0.22991071428571427
13 0.6238839285714286 0.578125 0.2767857142857143 0.12276785714285714
13 0.9587053571428571 0.06696428571428571 0.078125 0.13392857142857142
9 0.16071428571428573 0.7790178571428571 0.32142857142857145 0.28125
9 0.6607142857142857 0.8191964285714286 0.38504464285714285 0.36049107142857145