17 0.47767857142857145 0.5334821428571429 0.09151785714285714 0.06919642857142858
17 0.5401785714285714 0.32700892857142855 0.09598214285714286 0.06696428571428571
17 0.46651785714285715 0.15290178571428573 0.10044642857142858 0.06696428571428571
17 0.48549107142857145 0.27120535714285715 0.11272321428571429 0.07700892857142858
17 0.17522321428571427 0.18973214285714285 0.10602678571428571 0.07700892857142858
17 0.07142857142857142 0.49888392857142855 0.09598214285714286 0.07477678571428571
17 0.45200892857142855 0.8794642857142857 0.10602678571428571 0.07254464285714286
17 0.6026785714285714 0.6082589285714286 0.09151785714285714 0.07254464285714286
17 0.8493303571428571 0.5680803571428571 0.09151785714285714 0.08147321428571429
17 0.8783482142857143 0.4642857142857143 0.10044642857142858 0.08147321428571429
17 0.9430803571428571 0.5770089285714286 0.11049107142857142 0.08705357142857142
15 0.42299107142857145 0.43638392857142855 0.09151785714285714 0.06696428571428571
15 0.7477678571428571 0.140625 0.09598214285714286 0.07254464285714286
15 0.8883928571428571 0.8872767857142857 0.10044642857142858 0.06919642857142858
13 0.22098214285714285 0.5223214285714286 0.10602678571428571 0.07700892857142858
7 0.8002232142857143 0.65625 0.10602678571428571 0.08147321428571429
15 0.9040178571428571 0.9564732142857143 0.0625 0.052455357142857144
1 0.12946428571428573 0.9508928571428571 0.09598214285714286 0.09151785714285714
2 0.35267857142857145 0.14732142857142858 0.125 0.07477678571428571
1 0.6685267857142857 0.5357142857142857 0.08370535714285714 0.07254464285714286
8 0.11383928571428571 0.6863839285714286 0.07254464285714286 0.052455357142857144
12 0.25558035714285715 0.39955357142857145 0.04352678571428571 0.024553571428571428
12 0.29464285714285715 0.328125 0.03571428571428571 0.018973214285714284
12 0.32924107142857145 0.5256696428571429 0.04575892857142857 0.03794642857142857
11 0.2779017857142857 0.6205357142857143 0.08147321428571429 0.08147321428571429
11 0.8917410714285714 0.7354910714285714 0.07700892857142858 0.07700892857142858