1 0.28794642857142855 0.08147321428571429 0.06696428571428571 0.08705357142857142
1 0.20870535714285715 0.3169642857142857 0.06919642857142858 0.09598214285714286
1 0.6227678571428571 0.25223214285714285 0.06919642857142858 0.08370535714285714
1 0.8683035714285714 0.5122767857142857 0.06696428571428571 0.09151785714285714
1 0.26785714285714285 0.9263392857142857 0.06919642857142858 0.09598214285714286
1 0.40625 0.6674107142857143 0.07700892857142858 0.09375
1 0.6930803571428571 0.6127232142857143 0.06696428571428571 0.08928571428571429
1 0.7142857142857143 0.6997767857142857 0.07254464285714286 0.11495535714285714
1 0.8136160714285714 0.06473214285714286 0.07254464285714286 0.08705357142857142
1 0.25 0.734375 0.06696428571428571 0.09375
1 0.27232142857142855 0.34598214285714285 0.07700892857142858 0.09151785714285714
1 0.7377232142857143 0.109375 0.06919642857142858 0.10044642857142858
1 0.7611607142857143 0.265625 0.07254464285714286 0.09598214285714286
1 0.43080357142857145 0.10379464285714286 0.07700892857142858 0.08705357142857142
1 0.96875 0.6227678571428571 0.05803571428571429 0.08147321428571429
8 0.9575892857142857 0.45870535714285715 0.060267857142857144 0.08147321428571429
8 0.8381696428571429 0.171875 0.05803571428571429 0.07254464285714286
5 0.5658482142857143 0.17857142857142858 0.06696428571428571 0.07700892857142858
5 0.5435267857142857 0.08928571428571429 0.07700892857142858 0.09598214285714286
5 0.5569196428571429 0.26339285714285715 0.07254464285714286 0.09598214285714286
12 0.8694196428571429 0.7879464285714286 0.033482142857142856 0.04352678571428571
12 0.9676339285714286 0.5669642857142857 0.021205357142857144 0.029017857142857144
12 0.8950892857142857 0.3627232142857143 0.024553571428571428 0.04575892857142857
12 0.6116071428571429 0.3125 0.016741071428571428 0.033482142857142856
12 0.39955357142857145 0.17857142857142858 0.018973214285714284 0.03794642857142857
12 0.011160714285714286 0.25111607142857145 0.021205357142857144 0.04352678571428571
17 0.6082589285714286 0.4732142857142857 0.0625 0.09375
17 0.5334821428571429 0.6886160714285714 0.0625 0.09151785714285714
17 0.47098214285714285 0.7198660714285714 0.06473214285714286 0.09151785714285714
1 0.7723214285714286 0.35379464285714285 0.06696428571428571 0.09151785714285714
17 0.6573660714285714 0.9620535714285714 0.06919642857142858 0.07254464285714286
18 0.3549107142857143 0.17075892857142858 0.06696428571428571 0.08928571428571429
14 0.6986607142857143 0.06473214285714286 0.05803571428571429 0.08705357142857142
14 0.5089285714285714 0.37723214285714285 0.07700892857142858 0.08705357142857142