13 0.24107142857142858 0.8147321428571429 0.10379464285714286 0.06696428571428571
17 0.33482142857142855 0.7254464285714286 0.11272321428571429 0.07700892857142858
17 0.12276785714285714 0.6997767857142857 0.11272321428571429 0.07924107142857142
17 0.6651785714285714 0.7176339285714286 0.11272321428571429 0.07700892857142858
17 0.375 0.23549107142857142 0.11272321428571429 0.07700892857142858
13 0.8392857142857143 0.24776785714285715 0.10379464285714286 0.07700892857142858
13 0.48549107142857145 0.4654017857142857 0.11272321428571429 0.07700892857142858
13 0.6473214285714286 0.5212053571428571 0.11272321428571429 0.07700892857142858
13 0.5770089285714286 0.45870535714285715 0.11272321428571429 0.07700892857142858
13 0.6841517857142857 0.640625 0.11272321428571429 0.07700892857142858
13 0.7667410714285714 0.6808035714285714 0.11272321428571429 0.07700892857142858
13 0.44308035714285715 0.6529017857142857 0.11272321428571429 0.07700892857142858
13 0.38058035714285715 0.8683035714285714 0.11272321428571429 0.07924107142857142
13 0.13950892857142858 0.12165178571428571 0.11272321428571429 0.07700892857142858
13 0.20200892857142858 0.28236607142857145 0.11272321428571429 0.07700892857142858
13 0.109375 0.28683035714285715 0.10044642857142858 0.07254464285714286