9 0.2611607142857143 0.2779017857142857 0.5212053571428571 0.28125
3 0.7790178571428571 0.22209821428571427 0.3794642857142857 0.39174107142857145
13 0.12276785714285714 0.9732142857142857 0.15848214285714285 0.052455357142857144
6 0.43080357142857145 0.7098214285714286 0.3169642857142857 0.5122767857142857
12 0.078125 0.5814732142857143 0.11049107142857142 0.09821428571428571
13 0.31361607142857145 0.8984375 0.27455357142857145 0.203125
13 0.09486607142857142 0.8627232142857143 0.18973214285714285 0.23995535714285715
13 0.12723214285714285 0.49107142857142855 0.2544642857142857 0.14620535714285715
13 0.22544642857142858 0.7098214285714286 0.27120535714285715 0.28125
13 0.375 0.46986607142857145 0.26450892857142855 0.10379464285714286
13 0.35379464285714285 0.9598214285714286 0.2544642857142857 0.07924107142857142
13 0.5513392857142857 0.5245535714285714 0.07477678571428571 0.21205357142857142
0 0.7566964285714286 0.7165178571428571 0.33705357142857145 0.5669642857142857