15 0.7790178571428571 0.7667410714285714 0.11272321428571429 0.07924107142857142
15 0.2767857142857143 0.9609375 0.11160714285714286 0.078125
15 0.40625 0.07700892857142858 0.11272321428571429 0.07700892857142858
15 0.7522321428571429 0.13616071428571427 0.11272321428571429 0.07700892857142858
15 0.6685267857142857 0.2924107142857143 0.11272321428571429 0.07700892857142858
14 0.6852678571428571 0.5736607142857143 0.11272321428571429 0.07700892857142858
11 0.16852678571428573 0.24665178571428573 0.11272321428571429 0.07700892857142858
2 0.15178571428571427 0.19419642857142858 0.09821428571428571 0.06696428571428571
2 0.9319196428571429 0.4029017857142857 0.09598214285714286 0.07700892857142858
13 0.7723214285714286 0.3404017857142857 0.11272321428571429 0.07700892857142858
11 0.8102678571428571 0.8604910714285714 0.11272321428571429 0.07924107142857142
11 0.8582589285714286 0.8169642857142857 0.11272321428571429 0.07924107142857142
13 0.5747767857142857 0.6662946428571429 0.11272321428571429 0.07700892857142858
13 0.4877232142857143 0.9073660714285714 0.11272321428571429 0.07700892857142858
13 0.4575892857142857 0.9665178571428571 0.11272321428571429 0.06696428571428571
13 0.31473214285714285 0.8616071428571429 0.10044642857142858 0.07477678571428571
13 0.14508928571428573 0.9207589285714286 0.11272321428571429 0.07700892857142858
13 0.5145089285714286 0.7801339285714286 0.11272321428571429 0.07700892857142858
13 0.6685267857142857 0.6529017857142857 0.11272321428571429 0.07700892857142858
13 0.5602678571428571 0.5926339285714286 0.11272321428571429 0.07700892857142858
13 0.43526785714285715 0.6205357142857143 0.11272321428571429 0.07700892857142858
13 0.5457589285714286 0.44754464285714285 0.11272321428571429 0.07700892857142858
13 0.43191964285714285 0.42745535714285715 0.11272321428571429 0.07700892857142858
13 0.5200892857142857 0.3549107142857143 0.11272321428571429 0.07700892857142858
13 0.3939732142857143 0.32924107142857145 0.11272321428571429 0.07700892857142858
13 0.7756696428571429 0.43191964285714285 0.11272321428571429 0.07700892857142858
13 0.6339285714285714 0.3627232142857143 0.11272321428571429 0.07700892857142858
13 0.6875 0.4185267857142857 0.11272321428571429 0.07700892857142858
13 0.6595982142857143 0.49441964285714285 0.11272321428571429 0.07700892857142858
13 0.8125 0.6037946428571429 0.11272321428571429 0.07700892857142858
13 0.8973214285714286 0.47544642857142855 0.11272321428571429 0.07700892857142858
13 0.9352678571428571 0.31919642857142855 0.11272321428571429 0.07700892857142858
13 0.6037946428571429 0.20647321428571427 0.10044642857142858 0.07254464285714286
13 0.5848214285714286 0.2611607142857143 0.11272321428571429 0.07700892857142858
13 0.53125 0.14955357142857142 0.11272321428571429 0.07700892857142858
13 0.5 0.09486607142857142 0.11272321428571429 0.07700892857142858
13 0.46316964285714285 0.18638392857142858 0.11272321428571429 0.07700892857142858
13 0.08147321428571429 0.35825892857142855 0.11272321428571429 0.07700892857142858
13 0.22433035714285715 0.328125 0.11272321428571429 0.07700892857142858
13 0.30357142857142855 0.35825892857142855 0.11272321428571429 0.07700892857142858
13 0.16517857142857142 0.5513392857142857 0.11272321428571429 0.07700892857142858
13 0.15959821428571427 0.4497767857142857 0.11272321428571429 0.07700892857142858
13 0.23772321428571427 0.5066964285714286 0.11272321428571429 0.07700892857142858
13 0.37723214285714285 0.6975446428571429 0.11272321428571429 0.07700892857142858
13 0.4095982142857143 0.7555803571428571 0.11272321428571429 0.07700892857142858
13 0.30357142857142855 0.7399553571428571 0.11272321428571429 0.07700892857142858
13 0.18415178571428573 0.48995535714285715 0.11272321428571429 0.07700892857142858
11 0.3638392857142857 0.9363839285714286 0.11272321428571429 0.07924107142857142
13 0.9006696428571429 0.8939732142857143 0.11272321428571429 0.07924107142857142
13 0.6272321428571429 0.8236607142857143 0.11272321428571429 0.07700892857142858
13 0.6685267857142857 0.9207589285714286 0.11272321428571429 0.07700892857142858
13 0.8727678571428571 0.7399553571428571 0.11272321428571429 0.07700892857142858
13 0.7075892857142857 0.7299107142857143 0.11272321428571429 0.07700892857142858
13 0.7477678571428571 0.27455357142857145 0.11272321428571429 0.07700892857142858
11 0.625 0.044642857142857144 0.08705357142857142 0.07700892857142858
13 0.8069196428571429 0.07924107142857142 0.11272321428571429 0.07700892857142858