13 0.6841517857142857 0.109375 0.19977678571428573 0.20424107142857142
13 0.9854910714285714 0.36941964285714285 0.029017857142857144 0.19977678571428573
13 0.43638392857142855 0.9631696428571429 0.234375 0.07366071428571429
13 0.6194196428571429 0.140625 0.21205357142857142 0.23102678571428573
13 0.6227678571428571 0.75 0.19977678571428573 0.21651785714285715
13 0.04799107142857143 0.6138392857142857 0.09151785714285714 0.19419642857142858
13 0.32924107142857145 0.203125 0.1875 0.17299107142857142
13 0.03236607142857143 0.8013392857142857 0.0625 0.20424107142857142
13 0.14508928571428573 0.6819196428571429 0.22098214285714285 0.17522321428571427
13 0.15401785714285715 0.24665178571428573 0.19754464285714285 0.19754464285714285
13 0.3705357142857143 0.06584821428571429 0.23995535714285715 0.13169642857142858
13 0.42857142857142855 0.7522321428571429 0.18973214285714285 0.17299107142857142
13 0.05357142857142857 0.4185267857142857 0.10379464285714286 0.21428571428571427
13 0.27120535714285715 0.8191964285714286 0.19977678571428573 0.20424107142857142
13 0.9029017857142857 0.21316964285714285 0.18973214285714285 0.24776785714285715
13 0.18973214285714285 0.4497767857142857 0.20870535714285715 0.21205357142857142
13 0.9285714285714286 0.90625 0.14174107142857142 0.1875
13 0.12165178571428571 0.90625 0.18080357142857142 0.1875
13 0.5412946428571429 0.8604910714285714 0.21428571428571427 0.19977678571428573
6 0.4799107142857143 0.4799107142857143 0.44754464285714285 0.45870535714285715
13 0.828125 0.7622767857142857 0.21651785714285715 0.22098214285714285
13 0.07366071428571429 0.10825892857142858 0.14620535714285715 0.16852678571428573
13 0.7879464285714286 0.5613839285714286 0.22321428571428573 0.22098214285714285
13 0.7801339285714286 0.33705357142857145 0.18973214285714285 0.19977678571428573