7 0.4564732142857143 0.8058035714285714 0.13504464285714285 0.09598214285714286
7 0.6227678571428571 0.7767857142857143 0.12053571428571429 0.08147321428571429
11 0.28236607142857145 0.6908482142857143 0.11272321428571429 0.06473214285714286
11 0.46986607142857145 0.8917410714285714 0.11495535714285714 0.07254464285714286
11 0.5189732142857143 0.5200892857142857 0.08928571428571429 0.08705357142857142
11 0.84375 0.31026785714285715 0.08705357142857142 0.07700892857142858
11 0.8705357142857143 0.22544642857142858 0.07477678571428571 0.07254464285714286
11 0.2689732142857143 0.25558035714285715 0.08147321428571429 0.08147321428571429
7 0.22879464285714285 0.45535714285714285 0.11495535714285714 0.09151785714285714
13 0.18415178571428573 0.7845982142857143 0.09598214285714286 0.07477678571428571
13 0.9040178571428571 0.5022321428571429 0.09375 0.07254464285714286
13 0.6696428571428571 0.6272321428571429 0.09598214285714286 0.06919642857142858
13 0.38392857142857145 0.6272321428571429 0.09151785714285714 0.07254464285714286
13 0.5379464285714286 0.421875 0.09151785714285714 0.07254464285714286
13 0.33482142857142855 0.5412946428571429 0.08705357142857142 0.07254464285714286
13 0.2544642857142857 0.9196428571428571 0.09598214285714286 0.07477678571428571
13 0.38392857142857145 0.16517857142857142 0.10044642857142858 0.07700892857142858
7 0.5290178571428571 0.28794642857142855 0.12723214285714285 0.09598214285714286
5 0.27455357142857145 0.11495535714285714 0.08370535714285714 0.06696428571428571
2 0.9073660714285714 0.7633928571428571 0.11049107142857142 0.06919642857142858
8 0.044642857142857144 0.4642857142857143 0.08705357142857142 0.06473214285714286
14 0.9051339285714286 0.9017857142857143 0.08705357142857142 0.08370535714285714
1 0.6629464285714286 0.6986607142857143 0.10602678571428571 0.07254464285714286