10 0.43526785714285715 0.22991071428571427 0.40848214285714285 0.45870535714285715
13 0.9654017857142857 0.13169642857142858 0.06919642857142858 0.26339285714285715
13 0.7433035714285714 0.5089285714285714 0.20647321428571427 0.09821428571428571
9 0.8147321428571429 0.18638392857142858 0.35044642857142855 0.37276785714285715
13 0.9051339285714286 0.42299107142857145 0.18973214285714285 0.20647321428571427
13 0.5970982142857143 0.5792410714285714 0.08370535714285714 0.04352678571428571
13 0.5881696428571429 0.8392857142857143 0.10379464285714286 0.24553571428571427
13 0.07254464285714286 0.7410714285714286 0.14397321428571427 0.25669642857142855
13 0.18526785714285715 0.8660714285714286 0.25223214285714285 0.22321428571428573
0 0.4330357142857143 0.9051339285714286 0.41294642857142855 0.18973214285714285
13 0.27566964285714285 0.6651785714285714 0.23772321428571427 0.21428571428571427
13 0.5089285714285714 0.6662946428571429 0.25223214285714285 0.21651785714285715
13 0.9040178571428571 0.6160714285714286 0.19196428571428573 0.11830357142857142
9 0.8828125 0.8203125 0.234375 0.359375
13 0.7087053571428571 0.8895089285714286 0.13950892857142858 0.22098214285714285