15 0.24665178571428573 0.8805803571428571 0.11272321428571429 0.07924107142857142
15 0.41183035714285715 0.7667410714285714 0.07700892857142858 0.06696428571428571
15 0.4095982142857143 0.53125 0.11272321428571429 0.07700892857142858
15 0.4408482142857143 0.45870535714285715 0.11272321428571429 0.07700892857142858
15 0.5189732142857143 0.5948660714285714 0.11272321428571429 0.07700892857142858
15 0.3325892857142857 0.7220982142857143 0.11272321428571429 0.07700892857142858
15 0.7901785714285714 0.18191964285714285 0.11272321428571429 0.07700892857142858
15 0.6897321428571429 0.09486607142857142 0.11272321428571429 0.07700892857142858
15 0.65625 0.5145089285714286 0.11272321428571429 0.07700892857142858
15 0.7377232142857143 0.44419642857142855 0.11272321428571429 0.07700892857142858
15 0.8917410714285714 0.5926339285714286 0.11272321428571429 0.07700892857142858
15 0.8727678571428571 0.7622767857142857 0.11272321428571429 0.07700892857142858
15 0.9375 0.7667410714285714 0.11272321428571429 0.07700892857142858
15 0.8482142857142857 0.9676339285714286 0.08705357142857142 0.06473214285714286
15 0.8348214285714286 0.8738839285714286 0.11272321428571429 0.07924107142857142
15 0.46763392857142855 0.029017857142857144 0.11272321428571429 0.05803571428571429
15 0.15066964285714285 0.3861607142857143 0.11272321428571429 0.07700892857142858
15 0.17633928571428573 0.5 0.11272321428571429 0.07700892857142858
15 0.15959821428571427 0.8604910714285714 0.11272321428571429 0.07700892857142858
15 0.28348214285714285 0.8236607142857143 0.11272321428571429 0.07924107142857142
15 0.35044642857142855 0.7924107142857143 0.08705357142857142 0.06919642857142858
15 0.42299107142857145 0.6004464285714286 0.11272321428571429 0.07700892857142858
15 0.5915178571428571 0.47544642857142855 0.11272321428571429 0.07700892857142858
15 0.43191964285714285 0.19977678571428573 0.11272321428571429 0.07700892857142858
15 0.30357142857142855 0.18638392857142858 0.11272321428571429 0.07700892857142858
15 0.31026785714285715 0.23995535714285715 0.11272321428571429 0.07700892857142858
15 0.3560267857142857 0.35379464285714285 0.11272321428571429 0.07700892857142858
15 0.23772321428571427 0.2779017857142857 0.11272321428571429 0.07700892857142858
15 0.8694196428571429 0.078125 0.11272321428571429 0.07700892857142858
15 0.7689732142857143 0.953125 0.11272321428571429 0.07700892857142858
15 0.6104910714285714 0.8917410714285714 0.11272321428571429 0.07924107142857142
15 0.09598214285714286 0.6618303571428571 0.11272321428571429 0.07924107142857142
15 0.04799107142857143 0.8448660714285714 0.09598214285714286 0.07700892857142858
15 0.06808035714285714 0.7600446428571429 0.11272321428571429 0.07700892857142858
15 0.14732142857142858 0.609375 0.11272321428571429 0.07700892857142858
15 0.7901785714285714 0.6372767857142857 0.11272321428571429 0.07700892857142858
15 0.7779017857142857 0.4017857142857143 0.11272321428571429 0.07700892857142858
15 0.41517857142857145 0.3013392857142857 0.11272321428571429 0.07700892857142858
15 0.4564732142857143 0.4107142857142857 0.11272321428571429 0.07700892857142858
15 0.35267857142857145 0.6629464285714286 0.11272321428571429 0.07700892857142858
15 0.8939732142857143 0.2857142857142857 0.11272321428571429 0.07700892857142858
15 0.7790178571428571 0.5792410714285714 0.08370535714285714 0.07254464285714286
15 0.27232142857142855 0.9330357142857143 0.11272321428571429 0.07700892857142858
15 0.38392857142857145 0.921875 0.11272321428571429 0.07700892857142858
15 0.5569196428571429 0.9475446428571429 0.11272321428571429 0.07700892857142858
15 0.7042410714285714 0.8794642857142857 0.11272321428571429 0.07700892857142858
15 0.7979910714285714 0.8136160714285714 0.11272321428571429 0.07924107142857142
15 0.90625 0.8604910714285714 0.11272321428571429 0.07924107142857142
15 0.9497767857142857 0.5825892857142857 0.10044642857142858 0.07700892857142858
15 0.5915178571428571 0.4107142857142857 0.11272321428571429 0.07700892857142858
15 0.31026785714285715 0.5680803571428571 0.11272321428571429 0.07700892857142858
15 0.32142857142857145 0.5011160714285714 0.11272321428571429 0.07700892857142858
15 0.32700892857142855 0.13169642857142858 0.11272321428571429 0.07700892857142858
15 0.25 0.09040178571428571 0.11272321428571429 0.07700892857142858
15 0.25558035714285715 0.39620535714285715 0.11272321428571429 0.07700892857142858
15 0.17299107142857142 0.31808035714285715 0.11272321428571429 0.07700892857142858
15 0.07366071428571429 0.27455357142857145 0.11272321428571429 0.07700892857142858
15 0.5714285714285714 0.23102678571428573 0.11272321428571429 0.07700892857142858
15 0.6529017857142857 0.21205357142857142 0.11272321428571429 0.07700892857142858
15 0.7064732142857143 0.25558035714285715 0.11272321428571429 0.07700892857142858
15 0.6763392857142857 0.3325892857142857 0.11272321428571429 0.07700892857142858
15 0.5915178571428571 0.171875 0.11272321428571429 0.07700892857142858
15 0.6339285714285714 0.07254464285714286 0.11272321428571429 0.07700892857142858
15 0.7377232142857143 0.04799107142857143 0.11272321428571429 0.07700892857142858
15 0.6361607142857143 0.026785714285714284 0.11272321428571429 0.052455357142857144
15 0.9508928571428571 0.14508928571428573 0.09598214285714286 0.07700892857142858
15 0.9095982142857143 0.036830357142857144 0.11272321428571429 0.07254464285714286
15 0.9553571428571429 0.34933035714285715 0.08928571428571429 0.07924107142857142
15 0.8805803571428571 0.48325892857142855 0.11272321428571429 0.07700892857142858
15 0.9564732142857143 0.48325892857142855 0.08705357142857142 0.07700892857142858
15 0.8091517857142857 0.28794642857142855 0.11272321428571429 0.07700892857142858
15 0.8549107142857143 0.35379464285714285 0.11272321428571429 0.07700892857142858
15 0.8716517857142857 0.15066964285714285 0.11272321428571429 0.07700892857142858
15 0.6350446428571429 0.7645089285714286 0.11272321428571429 0.07700892857142858
15 0.5111607142857143 0.8805803571428571 0.11272321428571429 0.07700892857142858
15 0.6026785714285714 0.8337053571428571 0.11272321428571429 0.07700892857142858
15 0.3872767857142857 0.9676339285714286 0.11272321428571429 0.06473214285714286
15 0.8292410714285714 0.6863839285714286 0.11272321428571429 0.07700892857142858
15 0.6283482142857143 0.5881696428571429 0.11272321428571429 0.07700892857142858
15 0.06584821428571429 0.041294642857142856 0.11272321428571429 0.07700892857142858
15 0.04575892857142857 0.14285714285714285 0.09151785714285714 0.07924107142857142
19 0.06696428571428571 0.9308035714285714 0.13392857142857142 0.11160714285714286