11 0.03571428571428571 0.8761160714285714 0.07142857142857142 0.09151785714285714
1 0.48549107142857145 0.17299107142857142 0.05803571428571429 0.11830357142857142
1 0.05803571428571429 0.5457589285714286 0.060267857142857144 0.09598214285714286
1 0.8158482142857143 0.6160714285714286 0.0625 0.08928571428571429
1 0.6830357142857143 0.8895089285714286 0.06696428571428571 0.08928571428571429
1 0.49888392857142855 0.9386160714285714 0.07924107142857142 0.09151785714285714
1 0.5736607142857143 0.9430803571428571 0.06919642857142858 0.09375
17 0.6272321428571429 0.8080357142857143 0.0625 0.08147321428571429
17 0.20089285714285715 0.8448660714285714 0.07477678571428571 0.08928571428571429
17 0.16071428571428573 0.36830357142857145 0.0625 0.09151785714285714
17 0.2533482142857143 0.025669642857142856 0.06473214285714286 0.05022321428571429
14 0.5189732142857143 0.41964285714285715 0.04352678571428571 0.07254464285714286
15 0.7020089285714286 0.23325892857142858 0.0625 0.09375
1 0.4341517857142857 0.049107142857142856 0.07924107142857142 0.09821428571428571
1 0.46205357142857145 0.27455357142857145 0.06696428571428571 0.08370535714285714
15 0.5691964285714286 0.3404017857142857 0.05580357142857143 0.06919642857142858
11 0.33370535714285715 0.6607142857142857 0.0625 0.08928571428571429
8 0.19084821428571427 0.3013392857142857 0.052455357142857144 0.07700892857142858