2 0.43638392857142855 0.8560267857142857 0.07924107142857142 0.11272321428571429
2 0.27455357142857145 0.8526785714285714 0.07700892857142858 0.11272321428571429
2 0.7466517857142857 0.7622767857142857 0.07924107142857142 0.11272321428571429
2 0.19196428571428573 0.7377232142857143 0.07700892857142858 0.11272321428571429
2 0.8158482142857143 0.6618303571428571 0.08705357142857142 0.11830357142857142
2 0.09709821428571429 0.6685267857142857 0.08928571428571429 0.12276785714285714
2 0.6941964285714286 0.6707589285714286 0.07924107142857142 0.11272321428571429
2 0.03794642857142857 0.6328125 0.07589285714285714 0.11383928571428571
2 0.9252232142857143 0.6216517857142857 0.09598214285714286 0.13727678571428573
2 0.75 0.6227678571428571 0.09151785714285714 0.125
2 0.27455357142857145 0.6060267857142857 0.07700892857142858 0.11272321428571429
2 0.19084821428571427 0.5669642857142857 0.09151785714285714 0.12723214285714285
2 0.33370535714285715 0.5446428571428571 0.07924107142857142 0.11272321428571429
2 0.7645089285714286 0.48549107142857145 0.07924107142857142 0.11272321428571429
2 0.7120535714285714 0.4497767857142857 0.07924107142857142 0.11272321428571429
2 0.5647321428571429 0.43638392857142855 0.08928571428571429 0.12276785714285714
2 0.8950892857142857 0.40625 0.08705357142857142 0.12276785714285714
2 0.12611607142857142 0.3716517857142857 0.08370535714285714 0.12053571428571429
2 0.8270089285714286 0.34263392857142855 0.09151785714285714 0.125
2 0.36830357142857145 0.29017857142857145 0.11049107142857142 0.14174107142857142
2 0.16852678571428573 0.23772321428571427 0.07700892857142858 0.11272321428571429
2 0.4497767857142857 0.17075892857142858 0.07924107142857142 0.11272321428571429
2 0.7388392857142857 0.10491071428571429 0.10825892857142858 0.13727678571428573
2 0.05803571428571429 0.08482142857142858 0.11049107142857142 0.15178571428571427
14 0.40066964285714285 0.6383928571428571 0.06919642857142858 0.06919642857142858
2 0.38950892857142855 0.6752232142857143 0.09821428571428571 0.08370535714285714
18 0.33482142857142855 0.8381696428571429 0.06696428571428571 0.09151785714285714
8 0.38839285714285715 0.5457589285714286 0.05022321428571429 0.06473214285714286