5 0.7299107142857143 0.8136160714285714 0.07924107142857142 0.10602678571428571
5 0.7611607142857143 0.5368303571428571 0.07700892857142858 0.11272321428571429
5 0.6886160714285714 0.5111607142857143 0.07700892857142858 0.11272321428571429
5 0.7756696428571429 0.2857142857142857 0.06696428571428571 0.10044642857142858
5 0.8125 0.11160714285714286 0.07254464285714286 0.08370535714285714
5 0.953125 0.24665178571428573 0.07254464285714286 0.09598214285714286
5 0.5111607142857143 0.15625 0.06696428571428571 0.09598214285714286
5 0.31473214285714285 0.11160714285714286 0.08147321428571429 0.09375
5 0.234375 0.05915178571428571 0.07700892857142858 0.11272321428571429
5 0.15959821428571427 0.05915178571428571 0.07700892857142858 0.11272321428571429
5 0.18080357142857142 0.25223214285714285 0.07700892857142858 0.11272321428571429
5 0.22209821428571427 0.8080357142857143 0.06696428571428571 0.10044642857142858
5 0.09263392857142858 0.9575892857142857 0.07477678571428571 0.08370535714285714
5 0.578125 0.7845982142857143 0.07254464285714286 0.09151785714285714
5 0.6975446428571429 0.6529017857142857 0.07700892857142858 0.12053571428571429
8 0.37611607142857145 0.5111607142857143 0.060267857142857144 0.08370535714285714
14 0.31919642857142855 0.36607142857142855 0.05803571428571429 0.09151785714285714
14 0.26674107142857145 0.43638392857142855 0.052455357142857144 0.0625
8 0.10379464285714286 0.08482142857142858 0.060267857142857144 0.09151785714285714
5 0.07700892857142858 0.265625 0.07254464285714286 0.08928571428571429
5 0.11049107142857142 0.3482142857142857 0.07254464285714286 0.10044642857142858
5 0.44754464285714285 0.47098214285714285 0.07254464285714286 0.09151785714285714
5 0.9330357142857143 0.8560267857142857 0.07924107142857142 0.09375
5 0.8080357142857143 0.7008928571428571 0.06919642857142858 0.08370535714285714
5 0.8962053571428571 0.6651785714285714 0.07700892857142858 0.11272321428571429
5 0.6238839285714286 0.5569196428571429 0.07700892857142858 0.11272321428571429
5 0.65625 0.2700892857142857 0.07700892857142858 0.11272321428571429
5 0.6361607142857143 0.3705357142857143 0.08147321428571429 0.08147321428571429
14 0.6785714285714286 0.3861607142857143 0.04799107142857143 0.060267857142857144
14 0.7433035714285714 0.6473214285714286 0.04352678571428571 0.07254464285714286
11 0.5334821428571429 0.42745535714285715 0.05803571428571429 0.09598214285714286
11 0.7243303571428571 0.23660714285714285 0.07254464285714286 0.08147321428571429
5 0.5133928571428571 0.2611607142857143 0.09151785714285714 0.10602678571428571