13 0.328125 0.15625 0.10379464285714286 0.25
3 0.08928571428571429 0.32142857142857145 0.17745535714285715 0.2767857142857143
13 0.15290178571428573 0.19084821428571427 0.2689732142857143 0.2689732142857143
13 0.24441964285714285 0.041294642857142856 0.27120535714285715 0.08147321428571429
13 0.27120535714285715 0.34151785714285715 0.21651785714285715 0.23549107142857142
10 0.7756696428571429 0.13839285714285715 0.4486607142857143 0.2767857142857143
9 0.1640625 0.7734375 0.328125 0.453125
13 0.9587053571428571 0.5904017857142857 0.08147321428571429 0.2622767857142857
13 0.7254464285714286 0.7845982142857143 0.23995535714285715 0.20647321428571427
13 0.8169642857142857 0.5691964285714286 0.22544642857142858 0.22098214285714285
13 0.9430803571428571 0.8426339285714286 0.11272321428571429 0.25669642857142855
13 0.8113839285714286 0.9285714285714286 0.2622767857142857 0.14174107142857142
3 0.5658482142857143 0.625 0.37276785714285715 0.3314732142857143