13 0.515625 0.07254464285714286 0.09821428571428571 0.10044642857142858
13 0.03794642857142857 0.5758928571428571 0.07589285714285714 0.22321428571428573
13 0.3872767857142857 0.029017857142857144 0.21428571428571427 0.05803571428571429
13 0.3638392857142857 0.9654017857142857 0.24553571428571427 0.06919642857142858
13 0.9207589285714286 0.9620535714285714 0.15401785714285715 0.07254464285714286
12 0.5111607142857143 0.08370535714285714 0.08370535714285714 0.07924107142857142
13 0.7845982142857143 0.07477678571428571 0.22098214285714285 0.14955357142857142
13 0.07924107142857142 0.7845982142857143 0.15848214285714285 0.24776785714285715
3 0.5033482142857143 0.49888392857142855 0.42075892857142855 0.4419642857142857
13 0.12611607142857142 0.9419642857142857 0.23549107142857142 0.11049107142857142
13 0.9073660714285714 0.5535714285714286 0.18080357142857142 0.23325892857142858
13 0.6819196428571429 0.7589285714285714 0.21428571428571427 0.22879464285714285
13 0.6071428571428571 0.9363839285714286 0.22098214285714285 0.12723214285714285
13 0.609375 0.18973214285714285 0.24776785714285715 0.20870535714285715
13 0.25111607142857145 0.6808035714285714 0.20870535714285715 0.22098214285714285
13 0.8325892857142857 0.34263392857142855 0.21651785714285715 0.22321428571428573
13 0.35825892857142855 0.16964285714285715 0.2622767857142857 0.20647321428571427
13 0.43080357142857145 0.8125 0.21205357142857142 0.23772321428571427
13 0.8917410714285714 0.7912946428571429 0.21651785714285715 0.22098214285714285
13 0.14955357142857142 0.42745535714285715 0.22544642857142858 0.20200892857142858