7 0.43638392857142855 0.49441964285714285 0.125 0.09598214285714286
17 0.8426339285714286 0.28348214285714285 0.12053571428571429 0.09598214285714286
17 0.9453125 0.09040178571428571 0.109375 0.08705357142857142
17 0.48995535714285715 0.796875 0.12276785714285714 0.09598214285714286
17 0.40401785714285715 0.8537946428571429 0.12276785714285714 0.08928571428571429
5 0.4252232142857143 0.6629464285714286 0.10044642857142858 0.07700892857142858
13 0.5970982142857143 0.7444196428571429 0.10602678571428571 0.07924107142857142
13 0.4575892857142857 0.9363839285714286 0.10602678571428571 0.07700892857142858
5 0.30580357142857145 0.18526785714285715 0.10602678571428571 0.07924107142857142
7 0.7600446428571429 0.41294642857142855 0.10602678571428571 0.08705357142857142
7 0.7399553571428571 0.24553571428571427 0.11049107142857142 0.08370535714285714
5 0.06584821428571429 0.5725446428571429 0.10044642857142858 0.07700892857142858
7 0.5848214285714286 0.8772321428571429 0.11495535714285714 0.09151785714285714
13 0.5033482142857143 0.04241071428571429 0.10602678571428571 0.07700892857142858
7 0.9464285714285714 0.22433035714285715 0.10714285714285714 0.078125
11 0.21540178571428573 0.14955357142857142 0.11272321428571429 0.09151785714285714
12 0.31473214285714285 0.24553571428571427 0.041294642857142856 0.029017857142857144
5 0.13839285714285715 0.4877232142857143 0.10602678571428571 0.08370535714285714
12 0.060267857142857144 0.421875 0.03125 0.029017857142857144
12 0.04575892857142857 0.15625 0.04799107142857143 0.033482142857142856
11 0.5636160714285714 0.5334821428571429 0.12946428571428573 0.07254464285714286