15 0.36941964285714285 0.26450892857142855 0.07924107142857142 0.11272321428571429
15 0.15625 0.5089285714285714 0.07924107142857142 0.11272321428571429
15 0.13504464285714285 0.39732142857142855 0.07924107142857142 0.11272321428571429
15 0.12611607142857142 0.29017857142857145 0.07924107142857142 0.11272321428571429
15 0.15625 0.18973214285714285 0.07924107142857142 0.11272321428571429
15 0.3950892857142857 0.6160714285714286 0.07924107142857142 0.11272321428571429
15 0.5145089285714286 0.3716517857142857 0.07924107142857142 0.11272321428571429
15 0.5245535714285714 0.43526785714285715 0.07924107142857142 0.11272321428571429
15 0.4642857142857143 0.7165178571428571 0.07924107142857142 0.11272321428571429
15 0.5200892857142857 0.7388392857142857 0.07924107142857142 0.11272321428571429
15 0.4799107142857143 0.8839285714285714 0.07924107142857142 0.11272321428571429
15 0.47879464285714285 0.8158482142857143 0.07924107142857142 0.11272321428571429
15 0.8426339285714286 0.44308035714285715 0.07924107142857142 0.11272321428571429
15 0.8002232142857143 0.47433035714285715 0.07924107142857142 0.11272321428571429
15 0.8627232142857143 0.6272321428571429 0.07924107142857142 0.11272321428571429
15 0.84375 0.5223214285714286 0.07924107142857142 0.11272321428571429
15 0.6629464285714286 0.19642857142857142 0.07924107142857142 0.11272321428571429
15 0.5368303571428571 0.21428571428571427 0.06473214285714286 0.09151785714285714
15 0.39955357142857145 0.20424107142857142 0.06919642857142858 0.08370535714285714
15 0.44419642857142855 0.20647321428571427 0.07924107142857142 0.11272321428571429
15 0.9654017857142857 0.20982142857142858 0.06919642857142858 0.11272321428571429
15 0.8805803571428571 0.2779017857142857 0.0625 0.09598214285714286
15 0.7801339285714286 0.33482142857142855 0.06919642857142858 0.08928571428571429