11 0.6462053571428571 0.5457589285714286 0.07700892857142858 0.11272321428571429
11 0.6975446428571429 0.6964285714285714 0.07700892857142858 0.11272321428571429
11 0.25111607142857145 0.8381696428571429 0.07700892857142858 0.11272321428571429
11 0.40625 0.6439732142857143 0.07700892857142858 0.11272321428571429
11 0.28794642857142855 0.5435267857142857 0.07700892857142858 0.11272321428571429
11 0.3325892857142857 0.49776785714285715 0.07700892857142858 0.11272321428571429
11 0.12053571428571429 0.3404017857142857 0.07700892857142858 0.11272321428571429
5 0.8939732142857143 0.31026785714285715 0.07700892857142858 0.11272321428571429
7 0.6707589285714286 0.2689732142857143 0.07700892857142858 0.11272321428571429
13 0.6529017857142857 0.8549107142857143 0.07700892857142858 0.11272321428571429
13 0.6908482142857143 0.9475446428571429 0.078125 0.10491071428571429
13 0.38950892857142855 0.7477678571428571 0.07700892857142858 0.11272321428571429
13 0.08705357142857142 0.6305803571428571 0.07700892857142858 0.11272321428571429
11 0.21205357142857142 0.5 0.07700892857142858 0.11272321428571429
11 0.22991071428571427 0.5680803571428571 0.07700892857142858 0.11272321428571429
8 0.29799107142857145 0.4486607142857143 0.07700892857142858 0.11272321428571429
13 0.17522321428571427 0.2689732142857143 0.07700892857142858 0.11272321428571429
13 0.41183035714285715 0.15848214285714285 0.07700892857142858 0.11272321428571429
13 0.3482142857142857 0.15401785714285715 0.07700892857142858 0.11272321428571429
13 0.7310267857142857 0.22433035714285715 0.06473214285714286 0.08705357142857142
13 0.8482142857142857 0.37723214285714285 0.07700892857142858 0.11272321428571429
11 0.8783482142857143 0.5591517857142857 0.07700892857142858 0.11272321428571429
17 0.6104910714285714 0.9285714285714286 0.07700892857142858 0.11272321428571429
7 0.5613839285714286 0.6104910714285714 0.07700892857142858 0.11272321428571429
13 0.4810267857142857 0.3125 0.07700892857142858 0.11272321428571429
13 0.43191964285714285 0.24665178571428573 0.07700892857142858 0.11272321428571429
15 0.12834821428571427 0.5736607142857143 0.07700892857142858 0.11272321428571429
11 0.5792410714285714 0.8214285714285714 0.07700892857142858 0.11272321428571429
11 0.24888392857142858 0.9207589285714286 0.07700892857142858 0.11272321428571429
1 0.25558035714285715 0.20424107142857142 0.07924107142857142 0.09821428571428571
12 0.6071428571428571 0.25 0.029017857142857144 0.033482142857142856
12 0.7287946428571429 0.5569196428571429 0.033482142857142856 0.052455357142857144
14 0.7645089285714286 0.8337053571428571 0.04352678571428571 0.052455357142857144
1 0.09598214285714286 0.7901785714285714 0.0625 0.08705357142857142
12 0.5256696428571429 0.020089285714285716 0.029017857142857144 0.033482142857142856
1 0.5301339285714286 0.08258928571428571 0.08147321428571429 0.10602678571428571
12 0.33705357142857145 0.027901785714285716 0.033482142857142856 0.052455357142857144
17 0.4732142857142857 0.42410714285714285 0.07700892857142858 0.09151785714285714
1 0.9040178571428571 0.8683035714285714 0.05580357142857143 0.11830357142857142