17 0.5848214285714286 0.7857142857142857 0.11495535714285714 0.07700892857142858
14 0.26004464285714285 0.07142857142857142 0.09598214285714286 0.05803571428571429
14 0.14285714285714285 0.20758928571428573 0.06473214285714286 0.04799107142857143
14 0.22433035714285715 0.41964285714285715 0.07924107142857142 0.04799107142857143
14 0.4966517857142857 0.26785714285714285 0.0625 0.05022321428571429
18 0.26004464285714285 0.8158482142857143 0.08705357142857142 0.11495535714285714
18 0.07366071428571429 0.6841517857142857 0.07924107142857142 0.10379464285714286
18 0.5770089285714286 0.14174107142857142 0.07477678571428571 0.09151785714285714
14 0.49888392857142855 0.08482142857142858 0.052455357142857144 0.0625
14 0.7410714285714286 0.14508928571428573 0.06473214285714286 0.06696428571428571
14 0.5323660714285714 0.3091517857142857 0.07254464285714286 0.04352678571428571
14 0.19196428571428573 0.11272321428571429 0.06696428571428571 0.06919642857142858
14 0.12276785714285714 0.03236607142857143 0.05803571428571429 0.05022321428571429
14 0.265625 0.4720982142857143 0.060267857142857144 0.04799107142857143
14 0.5446428571428571 0.6830357142857143 0.052455357142857144 0.033482142857142856
12 0.6529017857142857 0.016741071428571428 0.03794642857142857 0.026785714285714284
12 0.8325892857142857 0.11607142857142858 0.052455357142857144 0.041294642857142856
12 0.37723214285714285 0.029017857142857144 0.029017857142857144 0.018973214285714284
12 0.17522321428571427 0.17299107142857142 0.033482142857142856 0.018973214285714284
12 0.15513392857142858 0.5033482142857143 0.026785714285714284 0.021205357142857144
12 0.9330357142857143 0.8392857142857143 0.05803571428571429 0.04352678571428571
12 0.6707589285714286 0.25669642857142855 0.03571428571428571 0.03125