13 0.9408482142857143 0.9665178571428571 0.10602678571428571 0.06696428571428571
13 0.026785714285714284 0.7756696428571429 0.052455357142857144 0.22879464285714285
13 0.8314732142857143 0.8850446428571429 0.31473214285714285 0.22544642857142858
13 0.15290178571428573 0.9854910714285714 0.24330357142857142 0.029017857142857144
13 0.6808035714285714 0.6808035714285714 0.28348214285714285 0.25223214285714285
12 0.7645089285714286 0.8426339285714286 0.08928571428571429 0.09375
0 0.49441964285714285 0.49888392857142855 0.36049107142857145 0.34151785714285715
13 0.07924107142857142 0.12388392857142858 0.15848214285714285 0.22544642857142858
13 0.515625 0.09933035714285714 0.22098214285714285 0.19196428571428573
13 0.43973214285714285 0.7767857142857143 0.22544642857142858 0.22544642857142858
13 0.12276785714285714 0.2845982142857143 0.20647321428571427 0.19754464285714285
13 0.32924107142857145 0.2544642857142857 0.20870535714285715 0.20200892857142858