16 0.09598214285714286 0.5647321428571429 0.09151785714285714 0.07254464285714286
16 0.45535714285714285 0.23102678571428573 0.08705357142857142 0.06696428571428571
16 0.5212053571428571 0.18861607142857142 0.08705357142857142 0.06696428571428571
16 0.3404017857142857 0.09486607142857142 0.07924107142857142 0.07254464285714286
16 0.3091517857142857 0.029017857142857144 0.09151785714285714 0.05803571428571429
16 0.5524553571428571 0.35714285714285715 0.06919642857142858 0.0625
16 0.7723214285714286 0.4185267857142857 0.09151785714285714 0.07700892857142858
16 0.9397321428571429 0.36495535714285715 0.10044642857142858 0.07254464285714286
16 0.6819196428571429 0.6082589285714286 0.08370535714285714 0.06473214285714286
16 0.8113839285714286 0.5848214285714286 0.09151785714285714 0.06473214285714286
16 0.6316964285714286 0.9631696428571429 0.10044642857142858 0.07254464285714286
16 0.8125 0.9787946428571429 0.08928571428571429 0.04241071428571429
16 0.9520089285714286 0.8794642857142857 0.07924107142857142 0.0625
16 0.5122767857142857 0.8694196428571429 0.09375 0.06919642857142858
16 0.4799107142857143 0.6372767857142857 0.09821428571428571 0.06696428571428571
16 0.49888392857142855 0.5636160714285714 0.10379464285714286 0.06696428571428571
11 0.04799107142857143 0.44754464285714285 0.09598214285714286 0.0625
16 0.13950892857142858 0.05915178571428571 0.09598214285714286 0.0625
16 0.046875 0.6785714285714286 0.08147321428571429 0.06473214285714286
16 0.328125 0.890625 0.08147321428571429 0.06696428571428571
16 0.7053571428571429 0.8314732142857143 0.10044642857142858 0.07254464285714286
16 0.12946428571428573 0.6964285714285714 0.08705357142857142 0.06473214285714286
16 0.18638392857142858 0.8024553571428571 0.09151785714285714 0.06473214285714286
13 0.9464285714285714 0.7857142857142857 0.09598214285714286 0.07477678571428571
13 0.9564732142857143 0.7332589285714286 0.08705357142857142 0.07254464285714286
13 0.8560267857142857 0.6506696428571429 0.09598214285714286 0.06696428571428571
11 0.7209821428571429 0.9073660714285714 0.09151785714285714 0.07254464285714286
13 0.6383928571428571 0.7008928571428571 0.08370535714285714 0.07254464285714286
13 0.41517857142857145 0.7433035714285714 0.11272321428571429 0.07700892857142858
16 0.14508928571428573 0.6283482142857143 0.10044642857142858 0.06696428571428571
5 0.38950892857142855 0.37611607142857145 0.09598214285714286 0.07254464285714286
13 0.6227678571428571 0.27232142857142855 0.09598214285714286 0.06473214285714286
13 0.7310267857142857 0.2611607142857143 0.08147321428571429 0.06696428571428571
13 0.7254464285714286 0.3404017857142857 0.09151785714285714 0.06696428571428571
13 0.7154017857142857 0.06808035714285714 0.09598214285714286 0.07254464285714286
13 0.9464285714285714 0.12388392857142858 0.08147321428571429 0.0625
13 0.9285714285714286 0.08482142857142858 0.09151785714285714 0.0625
13 0.8348214285714286 0.07700892857142858 0.09151785714285714 0.07254464285714286
13 0.609375 0.08035714285714286 0.09598214285714286 0.06696428571428571
13 0.5334821428571429 0.029017857142857144 0.09598214285714286 0.05803571428571429
13 0.6071428571428571 0.14955357142857142 0.10044642857142858 0.07700892857142858
15 0.43191964285714285 0.10267857142857142 0.08705357142857142 0.06696428571428571
13 0.28794642857142855 0.171875 0.09598214285714286 0.07254464285714286
13 0.06473214285714286 0.09375 0.08370535714285714 0.06696428571428571
13 0.09598214285714286 0.11941964285714286 0.09151785714285714 0.06696428571428571
13 0.06584821428571429 0.19419642857142858 0.08370535714285714 0.06696428571428571
14 0.3627232142857143 0.24441964285714285 0.07700892857142858 0.07254464285714286
12 0.18861607142857142 0.7566964285714286 0.033482142857142856 0.024553571428571428
12 0.1875 0.7310267857142857 0.021205357142857144 0.014508928571428572
12 0.033482142857142856 0.5993303571428571 0.024553571428571428 0.016741071428571428
12 0.04799107142857143 0.75 0.018973214285714284 0.014508928571428572