1 0.20200892857142858 0.10044642857142858 0.11272321428571429 0.07700892857142858
15 0.7611607142857143 0.6819196428571429 0.11272321428571429 0.07700892857142858
15 0.5926339285714286 0.8794642857142857 0.09375 0.05803571428571429
15 0.7410714285714286 0.8761160714285714 0.11272321428571429 0.07924107142857142
15 0.6361607142857143 0.21763392857142858 0.11272321428571429 0.07700892857142858
15 0.33816964285714285 0.32700892857142855 0.11272321428571429 0.07700892857142858
15 0.875 0.7287946428571429 0.11272321428571429 0.07700892857142858
15 0.9285714285714286 0.9375 0.11272321428571429 0.07924107142857142
15 0.48325892857142855 0.3794642857142857 0.11272321428571429 0.07700892857142858
15 0.45982142857142855 0.19419642857142858 0.11272321428571429 0.07700892857142858
15 0.24776785714285715 0.14955357142857142 0.11272321428571429 0.07700892857142858
14 0.5290178571428571 0.19084821428571427 0.11272321428571429 0.07700892857142858
14 0.6417410714285714 0.6261160714285714 0.11272321428571429 0.07700892857142858
14 0.15848214285714285 0.3705357142857143 0.11272321428571429 0.07700892857142858
15 0.25223214285714285 0.32254464285714285 0.11272321428571429 0.07700892857142858
15 0.33482142857142855 0.39174107142857145 0.11272321428571429 0.07700892857142858
15 0.4497767857142857 0.3080357142857143 0.11272321428571429 0.07700892857142858
15 0.4888392857142857 0.4341517857142857 0.11272321428571429 0.07700892857142858
15 0.5625 0.38058035714285715 0.11272321428571429 0.07700892857142858
15 0.5959821428571429 0.2924107142857143 0.11272321428571429 0.07700892857142858
15 0.6417410714285714 0.34263392857142855 0.11272321428571429 0.07700892857142858
15 0.6584821428571429 0.40513392857142855 0.11272321428571429 0.07700892857142858
15 0.7310267857142857 0.40066964285714285 0.11272321428571429 0.07700892857142858
15 0.6729910714285714 0.3002232142857143 0.11272321428571429 0.07700892857142858
15 0.6584821428571429 0.25669642857142855 0.11272321428571429 0.07700892857142858
15 0.3872767857142857 0.203125 0.11272321428571429 0.07700892857142858
15 0.056919642857142856 0.7287946428571429 0.11272321428571429 0.07924107142857142
15 0.17410714285714285 0.9676339285714286 0.11272321428571429 0.06473214285714286
15 0.125 0.921875 0.11272321428571429 0.07700892857142858
15 0.07142857142857142 0.8125 0.09151785714285714 0.07254464285714286
15 0.3091517857142857 0.9676339285714286 0.11272321428571429 0.06473214285714286
13 0.40401785714285715 0.9185267857142857 0.11272321428571429 0.07700892857142858
13 0.49441964285714285 0.7823660714285714 0.11272321428571429 0.07700892857142858
15 0.6908482142857143 0.6529017857142857 0.11272321428571429 0.07700892857142858
15 0.4888392857142857 0.6841517857142857 0.11272321428571429 0.07700892857142858
15 0.4575892857142857 0.6104910714285714 0.11272321428571429 0.07700892857142858
13 0.36607142857142855 0.6127232142857143 0.11272321428571429 0.07700892857142858
15 0.6540178571428571 0.5457589285714286 0.11272321428571429 0.07700892857142858
15 0.9185267857142857 0.6127232142857143 0.11272321428571429 0.07700892857142858
1 0.8627232142857143 0.5066964285714286 0.11272321428571429 0.07700892857142858
15 0.9453125 0.5491071428571429 0.109375 0.07589285714285714
15 0.9319196428571429 0.4564732142857143 0.11272321428571429 0.07700892857142858
15 0.8404017857142857 0.421875 0.11272321428571429 0.07700892857142858
15 0.7834821428571429 0.46875 0.11272321428571429 0.07700892857142858
13 0.7935267857142857 0.3470982142857143 0.11272321428571429 0.07700892857142858
13 0.9352678571428571 0.7756696428571429 0.11272321428571429 0.07700892857142858
8 0.7767857142857143 0.8191964285714286 0.08928571428571429 0.07924107142857142
15 0.8325892857142857 0.9017857142857143 0.11272321428571429 0.07700892857142858
13 0.7310267857142857 0.7444196428571429 0.11272321428571429 0.07924107142857142
15 0.7209821428571429 0.17745535714285715 0.11272321428571429 0.07700892857142858
15 0.8783482142857143 0.05915178571428571 0.08928571428571429 0.06919642857142858
8 0.6997767857142857 0.4877232142857143 0.11272321428571429 0.07700892857142858
15 0.6127232142857143 0.9341517857142857 0.08928571428571429 0.05803571428571429
13 0.2611607142857143 0.8560267857142857 0.11272321428571429 0.07924107142857142
13 0.5200892857142857 0.5055803571428571 0.11272321428571429 0.07700892857142858
15 0.9464285714285714 0.37611607142857145 0.10714285714285714 0.078125
15 0.8973214285714286 0.29799107142857145 0.11272321428571429 0.07700892857142858
15 0.2935267857142857 0.20647321428571427 0.11272321428571429 0.07700892857142858
15 0.19977678571428573 0.1875 0.09598214285714286 0.06696428571428571
15 0.04799107142857143 0.17633928571428573 0.08705357142857142 0.07700892857142858
15 0.09151785714285714 0.32254464285714285 0.09151785714285714 0.07254464285714286
15 0.03459821428571429 0.39620535714285715 0.06919642857142858 0.07700892857142858
15 0.06584821428571429 0.6316964285714286 0.11272321428571429 0.07700892857142858
15 0.4174107142857143 0.8169642857142857 0.11272321428571429 0.07700892857142858
15 0.32924107142857145 0.8794642857142857 0.11272321428571429 0.07924107142857142
15 0.3638392857142857 0.7488839285714286 0.11272321428571429 0.07700892857142858
15 0.45424107142857145 0.7287946428571429 0.11272321428571429 0.07700892857142858
15 0.5569196428571429 0.8292410714285714 0.11272321428571429 0.07700892857142858
15 0.8002232142857143 0.19754464285714285 0.11272321428571429 0.07700892857142858
15 0.7299107142857143 0.046875 0.11272321428571429 0.07700892857142858
13 0.5736607142857143 0.07254464285714286 0.09598214285714286 0.06919642857142858
15 0.34375 0.140625 0.11272321428571429 0.07700892857142858
15 0.43526785714285715 0.12611607142857142 0.11272321428571429 0.07700892857142858
15 0.13392857142857142 0.12053571428571429 0.11272321428571429 0.07700892857142858
15 0.4799107142857143 0.05580357142857143 0.11272321428571429 0.07700892857142858
15 0.6160714285714286 0.6774553571428571 0.11272321428571429 0.07700892857142858
15 0.4375 0.47879464285714285 0.11272321428571429 0.07700892857142858
15 0.36941964285714285 0.44754464285714285 0.11272321428571429 0.07700892857142858
15 0.40066964285714285 0.6674107142857143 0.11272321428571429 0.07700892857142858
15 0.20982142857142858 0.625 0.11272321428571429 0.07700892857142858
15 0.17633928571428573 0.5055803571428571 0.09598214285714286 0.06919642857142858
15 0.23772321428571427 0.45870535714285715 0.11272321428571429 0.07700892857142858
15 0.3247767857142857 0.49441964285714285 0.11272321428571429 0.07700892857142858
15 0.12834821428571427 0.6808035714285714 0.11272321428571429 0.07924107142857142
15 0.9564732142857143 0.29129464285714285 0.08705357142857142 0.07700892857142858
15 0.8013392857142857 0.7466517857142857 0.07700892857142858 0.06919642857142858
14 0.5792410714285714 0.13950892857142858 0.08370535714285714 0.06696428571428571