7 0.5066964285714286 0.5122767857142857 0.11049107142857142 0.08147321428571429
7 0.5368303571428571 0.42075892857142855 0.11830357142857142 0.08705357142857142
7 0.42075892857142855 0.7120535714285714 0.11272321428571429 0.07700892857142858
7 0.7310267857142857 0.25111607142857145 0.11272321428571429 0.07700892857142858
7 0.765625 0.09821428571428571 0.12723214285714285 0.08705357142857142
7 0.40736607142857145 0.19754464285714285 0.11830357142857142 0.09598214285714286
15 0.6986607142857143 0.5959821428571429 0.08928571428571429 0.06696428571428571
7 0.5747767857142857 0.26004464285714285 0.11272321428571429 0.07700892857142858
14 0.6049107142857143 0.07254464285714286 0.16294642857142858 0.06919642857142858
12 0.9107142857142857 0.7946428571428571 0.04799107142857143 0.033482142857142856
7 0.16741071428571427 0.49776785714285715 0.10825892857142858 0.07700892857142858
17 0.38504464285714285 0.35379464285714285 0.11049107142857142 0.07700892857142858