17 0.8638392857142857 0.44308035714285715 0.11272321428571429 0.07700892857142858
17 0.9564732142857143 0.3872767857142857 0.08705357142857142 0.07700892857142858
17 0.9341517857142857 0.16629464285714285 0.11272321428571429 0.07700892857142858
17 0.6819196428571429 0.18080357142857142 0.11272321428571429 0.07700892857142858
17 0.40066964285714285 0.4330357142857143 0.11272321428571429 0.07700892857142858
17 0.3549107142857143 0.49888392857142855 0.11272321428571429 0.07700892857142858
17 0.11941964285714286 0.5669642857142857 0.11272321428571429 0.07700892857142858
17 0.14174107142857142 0.7767857142857143 0.11272321428571429 0.07700892857142858
17 0.060267857142857144 0.8125 0.11272321428571429 0.07700892857142858
17 0.5111607142857143 0.15625 0.11272321428571429 0.07700892857142858
17 0.43526785714285715 0.18861607142857142 0.11272321428571429 0.07700892857142858
17 0.08258928571428571 0.25558035714285715 0.11272321428571429 0.07700892857142858
11 0.7544642857142857 0.42075892857142855 0.11272321428571429 0.07700892857142858
11 0.6305803571428571 0.7243303571428571 0.10825892857142858 0.07254464285714286
14 0.7957589285714286 0.9040178571428571 0.08370535714285714 0.07254464285714286
14 0.23549107142857142 0.9408482142857143 0.11272321428571429 0.07700892857142858
14 0.09709821428571429 0.9520089285714286 0.11272321428571429 0.07924107142857142
15 0.21316964285714285 0.4252232142857143 0.11272321428571429 0.07700892857142858
15 0.6372767857142857 0.6149553571428571 0.11272321428571429 0.07700892857142858
11 0.9520089285714286 0.7566964285714286 0.09598214285714286 0.07700892857142858
5 0.5502232142857143 0.7745535714285714 0.11272321428571429 0.07700892857142858
5 0.45982142857142855 0.5870535714285714 0.11272321428571429 0.07700892857142858
17 0.11049107142857142 0.4095982142857143 0.11272321428571429 0.07700892857142858
11 0.28125 0.5591517857142857 0.11272321428571429 0.07700892857142858
13 0.4029017857142857 0.26674107142857145 0.08705357142857142 0.07700892857142858
5 0.21540178571428573 0.8604910714285714 0.11272321428571429 0.07924107142857142
5 0.5435267857142857 0.6194196428571429 0.11272321428571429 0.07700892857142858
16 0.703125 0.28125 0.11272321428571429 0.07700892857142858
13 0.40625 0.07254464285714286 0.11272321428571429 0.07700892857142858
13 0.20200892857142858 0.24441964285714285 0.11272321428571429 0.07700892857142858
13 0.15401785714285715 0.21763392857142858 0.11272321428571429 0.07700892857142858
13 0.7098214285714286 0.4888392857142857 0.11272321428571429 0.07700892857142858
13 0.8292410714285714 0.32700892857142855 0.11272321428571429 0.07700892857142858
19 0.5055803571428571 0.8549107142857143 0.15848214285714285 0.11272321428571429