1 0.375 0.9029017857142857 0.06696428571428571 0.09375
1 0.41629464285714285 0.6696428571428571 0.07700892857142858 0.08147321428571429
1 0.27455357142857145 0.6662946428571429 0.0625 0.08370535714285714
1 0.21316964285714285 0.41294642857142855 0.06919642857142858 0.09375
1 0.18080357142857142 0.48214285714285715 0.0625 0.11495535714285714
1 0.041294642857142856 0.28125 0.0625 0.09151785714285714
1 0.12276785714285714 0.7287946428571429 0.06696428571428571 0.09598214285714286
1 0.7678571428571429 0.35714285714285715 0.0625 0.08705357142857142
1 0.8962053571428571 0.08370535714285714 0.07254464285714286 0.09375
1 0.31473214285714285 0.17633928571428573 0.07477678571428571 0.09375
1 0.4654017857142857 0.5691964285714286 0.07254464285714286 0.08147321428571429
1 0.7767857142857143 0.6997767857142857 0.06696428571428571 0.09151785714285714
15 0.5970982142857143 0.23325892857142858 0.07700892857142858 0.11272321428571429
17 0.3392857142857143 0.6875 0.0625 0.08928571428571429
17 0.3872767857142857 0.5044642857142857 0.0625 0.07700892857142858
17 0.13392857142857142 0.4185267857142857 0.06696428571428571 0.08147321428571429
17 0.21540178571428573 0.24776785714285715 0.0625 0.07924107142857142
1 0.6674107142857143 0.6886160714285714 0.06696428571428571 0.08370535714285714
1 0.953125 0.35044642857142855 0.06919642857142858 0.07924107142857142
15 0.12611607142857142 0.18191964285714285 0.05803571428571429 0.07924107142857142
15 0.5022321428571429 0.34263392857142855 0.07254464285714286 0.09598214285714286
15 0.41294642857142855 0.4252232142857143 0.06696428571428571 0.08705357142857142
15 0.17075892857142858 0.3325892857142857 0.07700892857142858 0.11272321428571429
14 0.11383928571428571 0.32700892857142855 0.06696428571428571 0.08705357142857142
15 0.10044642857142858 0.27566964285714285 0.0625 0.07254464285714286
5 0.16517857142857142 0.6227678571428571 0.06696428571428571 0.08370535714285714
8 0.6618303571428571 0.15066964285714285 0.05580357142857143 0.08705357142857142
13 0.8917410714285714 0.17522321428571427 0.0625 0.08147321428571429
1 0.5892857142857143 0.140625 0.05803571428571429 0.08147321428571429
11 0.6919642857142857 0.8537946428571429 0.05803571428571429 0.08147321428571429
13 0.8604910714285714 0.9162946428571429 0.06473214285714286 0.08370535714285714
13 0.35044642857142855 0.8225446428571429 0.07924107142857142 0.10602678571428571
13 0.4408482142857143 0.8560267857142857 0.06696428571428571 0.09598214285714286
13 0.23995535714285715 0.7388392857142857 0.06696428571428571 0.09151785714285714
13 0.18973214285714285 0.7935267857142857 0.0625 0.08147321428571429
11 0.23325892857142858 0.6272321428571429 0.0625 0.09598214285714286
13 0.03125 0.4341517857142857 0.05803571428571429 0.08928571428571429
13 0.07700892857142858 0.0625 0.06696428571428571 0.09151785714285714
13 0.16294642857142858 0.05580357142857143 0.07254464285714286 0.09821428571428571
13 0.24888392857142858 0.12723214285714285 0.06919642857142858 0.09151785714285714
13 0.31808035714285715 0.09375 0.06696428571428571 0.08147321428571429
13 0.34933035714285715 0.03125 0.07477678571428571 0.0625
13 0.45089285714285715 0.03794642857142857 0.06696428571428571 0.07589285714285714
13 0.5267857142857143 0.052455357142857144 0.06919642857142858 0.08705357142857142
13 0.5167410714285714 0.14508928571428573 0.06696428571428571 0.08705357142857142
13 0.7220982142857143 0.10491071428571429 0.07254464285714286 0.09821428571428571
13 0.8191964285714286 0.22098214285714285 0.07254464285714286 0.10044642857142858
13 0.8772321428571429 0.27566964285714285 0.06696428571428571 0.09375
13 0.9520089285714286 0.21763392857142858 0.06919642857142858 0.08370535714285714
13 0.9720982142857143 0.13727678571428573 0.05580357142857143 0.08928571428571429
13 0.8337053571428571 0.39955357142857145 0.07254464285714286 0.09375
13 0.7779017857142857 0.6071428571428571 0.06696428571428571 0.09151785714285714
13 0.9151785714285714 0.7823660714285714 0.07254464285714286 0.09151785714285714
13 0.6004464285714286 0.7154017857142857 0.06696428571428571 0.08705357142857142
13 0.5279017857142857 0.7287946428571429 0.0625 0.08147321428571429
13 0.5100446428571429 0.6462053571428571 0.07254464285714286 0.08705357142857142
13 0.6417410714285714 0.7957589285714286 0.06696428571428571 0.09375
13 0.546875 0.9609375 0.06696428571428571 0.078125
13 0.6227678571428571 0.6205357142857143 0.06473214285714286 0.07700892857142858
13 0.7165178571428571 0.19977678571428573 0.0625 0.08928571428571429