0 0.4252232142857143 0.08370535714285714 0.28794642857142855 0.16741071428571427
13 0.9029017857142857 0.12276785714285714 0.19419642857142858 0.24553571428571427
13 0.609375 0.024553571428571428 0.07924107142857142 0.04799107142857143
6 0.7444196428571429 0.3169642857142857 0.3482142857142857 0.16294642857142858
13 0.9386160714285714 0.08705357142857142 0.12276785714285714 0.16294642857142858
13 0.8973214285714286 0.2767857142857143 0.20424107142857142 0.20647321428571427
13 0.12834821428571427 0.7522321428571429 0.23995535714285715 0.23995535714285715
13 0.4341517857142857 0.9073660714285714 0.26674107142857145 0.18526785714285715
13 0.05022321428571429 0.8683035714285714 0.10044642857142858 0.22544642857142858
6 0.32142857142857145 0.5959821428571429 0.35825892857142855 0.37723214285714285
13 0.2622767857142857 0.9765625 0.25223214285714285 0.046875
13 0.03125 0.6383928571428571 0.0625 0.24776785714285715
13 0.23102678571428573 0.8816964285714286 0.21205357142857142 0.19196428571428573
13 0.47879464285714285 0.7611607142857143 0.18303571428571427 0.24330357142857142
13 0.45982142857142855 0.45089285714285715 0.21875 0.10379464285714286
13 0.7633928571428571 0.9308035714285714 0.28125 0.13839285714285715
13 0.9821428571428571 0.5502232142857143 0.03571428571428571 0.24553571428571427
6 0.71875 0.7410714285714286 0.29799107142857145 0.37276785714285715
13 0.890625 0.46986607142857145 0.21875 0.14174107142857142
13 0.8091517857142857 0.9698660714285714 0.22321428571428573 0.060267857142857144
13 0.8694196428571429 0.6272321428571429 0.2611607142857143 0.2544642857142857