18 0.7712053571428571 0.18303571428571427 0.11272321428571429 0.07700892857142858
14 0.4642857142857143 0.31026785714285715 0.09598214285714286 0.08705357142857142
13 0.3013392857142857 0.08258928571428571 0.11272321428571429 0.07700892857142858
13 0.6741071428571429 0.06473214285714286 0.09151785714285714 0.07254464285714286
13 0.8225446428571429 0.07700892857142858 0.10044642857142858 0.07700892857142858
13 0.9084821428571429 0.3705357142857143 0.11272321428571429 0.07700892857142858
13 0.8917410714285714 0.6930803571428571 0.11272321428571429 0.07924107142857142
13 0.375 0.875 0.10044642857142858 0.06696428571428571
13 0.16964285714285715 0.8995535714285714 0.09151785714285714 0.07924107142857142
13 0.08816964285714286 0.6729910714285714 0.11272321428571429 0.07700892857142858
13 0.11272321428571429 0.5502232142857143 0.11272321428571429 0.07700892857142858
13 0.16852678571428573 0.46205357142857145 0.11272321428571429 0.07700892857142858
13 0.49107142857142855 0.5691964285714286 0.11272321428571429 0.07700892857142858
11 0.7220982142857143 0.75 0.11272321428571429 0.07700892857142858
11 0.45089285714285715 0.12165178571428571 0.09598214285714286 0.08705357142857142
15 0.16294642857142858 0.828125 0.10044642857142858 0.06919642857142858
15 0.13392857142857142 0.30245535714285715 0.11272321428571429 0.07700892857142858
13 0.30357142857142855 0.3080357142857143 0.11272321428571429 0.07700892857142858
13 0.7533482142857143 0.4888392857142857 0.11272321428571429 0.07700892857142858
13 0.6964285714285714 0.6752232142857143 0.11272321428571429 0.07700892857142858
13 0.7901785714285714 0.9006696428571429 0.11272321428571429 0.07700892857142858
11 0.7042410714285714 0.9341517857142857 0.09375 0.06919642857142858
11 0.3325892857142857 0.7745535714285714 0.07700892857142858 0.08147321428571429
11 0.4375 0.9263392857142857 0.12053571428571429 0.08147321428571429
11 0.5558035714285714 0.24776785714285715 0.09375 0.08147321428571429
17 0.7834821428571429 0.5691964285714286 0.08147321428571429 0.11049107142857142
11 0.8727678571428571 0.7845982142857143 0.08705357142857142 0.09375
12 0.7979910714285714 0.31361607142857145 0.04352678571428571 0.033482142857142856