17 0.703125 0.6629464285714286 0.11272321428571429 0.09151785714285714
17 0.18415178571428573 0.8761160714285714 0.10602678571428571 0.08928571428571429
17 0.41964285714285715 0.7399553571428571 0.10602678571428571 0.08705357142857142
17 0.7957589285714286 0.09375 0.11272321428571429 0.07700892857142858
17 0.7131696428571429 0.8303571428571429 0.11495535714285714 0.08928571428571429
17 0.9698660714285714 0.5435267857142857 0.060267857142857144 0.07700892857142858
15 0.7678571428571429 0.4029017857142857 0.09821428571428571 0.07254464285714286
17 0.9441964285714286 0.6975446428571429 0.09598214285714286 0.08147321428571429
17 0.7667410714285714 0.28683035714285715 0.10602678571428571 0.08928571428571429
17 0.08035714285714286 0.4732142857142857 0.11272321428571429 0.07700892857142858
7 0.3013392857142857 0.46651785714285715 0.12276785714285714 0.09598214285714286
7 0.09151785714285714 0.8381696428571429 0.11495535714285714 0.08928571428571429
13 0.12388392857142858 0.7176339285714286 0.09598214285714286 0.07477678571428571
7 0.21205357142857142 0.7633928571428571 0.11495535714285714 0.08705357142857142
13 0.3482142857142857 0.8571428571428571 0.09821428571428571 0.07700892857142858
7 0.25669642857142855 0.9587053571428571 0.11049107142857142 0.07700892857142858
17 0.39732142857142855 0.9285714285714286 0.125 0.09598214285714286
7 0.27120535714285715 0.6529017857142857 0.12053571428571429 0.09375
7 0.17857142857142858 0.5881696428571429 0.10379464285714286 0.08370535714285714
7 0.05803571428571429 0.5558035714285714 0.11495535714285714 0.08370535714285714
13 0.3549107142857143 0.6004464285714286 0.09821428571428571 0.07477678571428571
13 0.3939732142857143 0.5055803571428571 0.09598214285714286 0.07254464285714286
7 0.3950892857142857 0.39285714285714285 0.10825892857142858 0.08705357142857142
7 0.5446428571428571 0.421875 0.12276785714285714 0.08705357142857142
7 0.49107142857142855 0.5223214285714286 0.09598214285714286 0.09151785714285714
15 0.9207589285714286 0.08370535714285714 0.11272321428571429 0.07700892857142858
15 0.8214285714285714 0.21540178571428573 0.10825892857142858 0.07700892857142858
15 0.31919642857142855 0.060267857142857144 0.11495535714285714 0.07700892857142858
13 0.11495535714285714 0.27901785714285715 0.11272321428571429 0.07700892857142858
11 0.06808035714285714 0.39174107142857145 0.11272321428571429 0.07700892857142858
13 0.2845982142857143 0.3158482142857143 0.11272321428571429 0.07700892857142858
17 0.15066964285714285 0.08928571428571429 0.11272321428571429 0.07700892857142858
13 0.16183035714285715 0.16964285714285715 0.10044642857142858 0.08147321428571429
15 0.28125 0.13839285714285715 0.11272321428571429 0.07700892857142858
15 0.25 0.20089285714285715 0.10044642857142858 0.07254464285714286
13 0.39732142857142855 0.13950892857142858 0.10602678571428571 0.08705357142857142
13 0.5736607142857143 0.05915178571428571 0.11272321428571429 0.07700892857142858
15 0.46875 0.33370535714285715 0.10602678571428571 0.07700892857142858
7 0.6696428571428571 0.171875 0.11272321428571429 0.08705357142857142
7 0.6629464285714286 0.32142857142857145 0.11495535714285714 0.08705357142857142
7 0.6584821428571429 0.40401785714285715 0.11495535714285714 0.08370535714285714
13 0.5658482142857143 0.28013392857142855 0.09821428571428571 0.08147321428571429
13 0.8225446428571429 0.45870535714285715 0.09598214285714286 0.07254464285714286
7 0.8649553571428571 0.5323660714285714 0.11495535714285714 0.07924107142857142
13 0.7377232142857143 0.5256696428571429 0.11272321428571429 0.07700892857142858
13 0.65625 0.5502232142857143 0.10379464285714286 0.07924107142857142
15 0.8169642857142857 0.6238839285714286 0.10044642857142858 0.07924107142857142
15 0.7979910714285714 0.7678571428571429 0.11495535714285714 0.08147321428571429
7 0.6194196428571429 0.8839285714285714 0.10825892857142858 0.09151785714285714
13 0.5904017857142857 0.6830357142857143 0.11049107142857142 0.07254464285714286
13 0.6026785714285714 0.7622767857142857 0.10044642857142858 0.08147321428571429