8 0.3091517857142857 0.9564732142857143 0.08370535714285714 0.0625
1 0.21205357142857142 0.8125 0.09598214285714286 0.07924107142857142
1 0.13392857142857142 0.6450892857142857 0.08147321428571429 0.07254464285714286
1 0.5189732142857143 0.7868303571428571 0.08147321428571429 0.07700892857142858
1 0.6986607142857143 0.5736607142857143 0.09151785714285714 0.06473214285714286
1 0.6071428571428571 0.6149553571428571 0.08370535714285714 0.06919642857142858
1 0.5200892857142857 0.6238839285714286 0.09151785714285714 0.07700892857142858
1 0.6049107142857143 0.4095982142857143 0.08705357142857142 0.060267857142857144
1 0.5055803571428571 0.17857142857142858 0.09598214285714286 0.07700892857142858
17 0.4564732142857143 0.23214285714285715 0.07477678571428571 0.05580357142857143
1 0.8035714285714286 0.9553571428571429 0.08147321428571429 0.0625
19 0.9073660714285714 0.9866071428571429 0.09151785714285714 0.026785714285714284
11 0.41183035714285715 0.42410714285714285 0.11049107142857142 0.05803571428571429
12 0.15401785714285715 0.9665178571428571 0.029017857142857144 0.026785714285714284
12 0.109375 0.9308035714285714 0.033482142857142856 0.026785714285714284
12 0.06696428571428571 0.9698660714285714 0.029017857142857144 0.026785714285714284
12 0.38950892857142855 0.8705357142857143 0.029017857142857144 0.021205357142857144
12 0.5089285714285714 0.7388392857142857 0.029017857142857144 0.018973214285714284
14 0.5993303571428571 0.7354910714285714 0.09375 0.06696428571428571
12 0.6227678571428571 0.9676339285714286 0.029017857142857144 0.021205357142857144
12 0.8236607142857143 0.8136160714285714 0.04352678571428571 0.033482142857142856
12 0.9787946428571429 0.37611607142857145 0.029017857142857144 0.018973214285714284
12 0.9665178571428571 0.43973214285714285 0.029017857142857144 0.024553571428571428
12 0.9430803571428571 0.11495535714285714 0.04352678571428571 0.033482142857142856
12 0.8895089285714286 0.056919642857142856 0.041294642857142856 0.029017857142857144
12 0.9877232142857143 0.09486607142857142 0.024553571428571428 0.026785714285714284
12 0.06361607142857142 0.19977678571428573 0.026785714285714284 0.021205357142857144