11 0.6629464285714286 0.4263392857142857 0.09598214285714286 0.06919642857142858
1 0.6116071428571429 0.9185267857142857 0.08705357142857142 0.06696428571428571
1 0.47433035714285715 0.8816964285714286 0.07254464285714286 0.07700892857142858
14 0.5747767857142857 0.9754464285714286 0.08147321428571429 0.04799107142857143
17 0.09263392857142858 0.10267857142857142 0.09151785714285714 0.06696428571428571
17 0.39285714285714285 0.671875 0.08928571428571429 0.06696428571428571
13 0.9598214285714286 0.9285714285714286 0.07924107142857142 0.07254464285714286
13 0.7935267857142857 0.9352678571428571 0.08705357142857142 0.0625
13 0.7064732142857143 0.9754464285714286 0.07700892857142858 0.04799107142857143
13 0.7142857142857143 0.921875 0.07477678571428571 0.0625
13 0.6819196428571429 0.859375 0.11272321428571429 0.07924107142857142
13 0.7957589285714286 0.8716517857142857 0.07924107142857142 0.0625
13 0.7712053571428571 0.8069196428571429 0.08705357142857142 0.06919642857142858
5 0.7008928571428571 0.7767857142857143 0.09151785714285714 0.06696428571428571
13 0.6607142857142857 0.7232142857142857 0.09151785714285714 0.06696428571428571
13 0.7053571428571429 0.6283482142857143 0.08147321428571429 0.06473214285714286
13 0.7935267857142857 0.7098214285714286 0.08147321428571429 0.06473214285714286
13 0.7946428571428571 0.6428571428571429 0.08928571428571429 0.06696428571428571
13 0.7600446428571429 0.578125 0.08705357142857142 0.060267857142857144
13 0.8448660714285714 0.5848214285714286 0.08147321428571429 0.06696428571428571
13 0.796875 0.5245535714285714 0.08147321428571429 0.05803571428571429
13 0.7991071428571429 0.45982142857142855 0.08705357142857142 0.06473214285714286
16 0.8325892857142857 0.3939732142857143 0.08370535714285714 0.06919642857142858
13 0.7354910714285714 0.40066964285714285 0.11272321428571429 0.07700892857142858
13 0.6997767857142857 0.35267857142857145 0.08147321428571429 0.060267857142857144
15 0.6986607142857143 0.31919642857142855 0.07700892857142858 0.06696428571428571
13 0.6383928571428571 0.27455357142857145 0.08705357142857142 0.06696428571428571
13 0.7823660714285714 0.3080357142857143 0.08705357142857142 0.06696428571428571
13 0.7075892857142857 0.21428571428571427 0.08705357142857142 0.06473214285714286
13 0.7142857142857143 0.14508928571428573 0.09151785714285714 0.06696428571428571
13 0.7566964285714286 0.07477678571428571 0.09151785714285714 0.06696428571428571
13 0.8549107142857143 0.10044642857142858 0.09151785714285714 0.06696428571428571
13 0.8571428571428571 0.03459821428571429 0.09821428571428571 0.06696428571428571
13 0.6741071428571429 0.05133928571428571 0.08147321428571429 0.0625
13 0.6339285714285714 0.10491071428571429 0.08370535714285714 0.06473214285714286
13 0.7042410714285714 0.5279017857142857 0.08705357142857142 0.06919642857142858
13 0.6305803571428571 0.49441964285714285 0.08705357142857142 0.0625
13 0.6116071428571429 0.5792410714285714 0.09151785714285714 0.05803571428571429
13 0.6283482142857143 0.8348214285714286 0.09151785714285714 0.06473214285714286
13 0.5926339285714286 0.8058035714285714 0.08370535714285714 0.05803571428571429
13 0.5691964285714286 0.7410714285714286 0.09151785714285714 0.06696428571428571
13 0.4575892857142857 0.7645089285714286 0.11272321428571429 0.07700892857142858
15 0.5457589285714286 0.6808035714285714 0.08147321428571429 0.05803571428571429
13 0.46316964285714285 0.6372767857142857 0.09151785714285714 0.06919642857142858
13 0.5245535714285714 0.5758928571428571 0.08147321428571429 0.0625
13 0.5044642857142857 0.5111607142857143 0.09151785714285714 0.06696428571428571
13 0.41517857142857145 0.5011160714285714 0.08705357142857142 0.06696428571428571
16 0.42075892857142855 0.43861607142857145 0.08370535714285714 0.06473214285714286
13 0.45870535714285715 0.3783482142857143 0.09598214285714286 0.06696428571428571
13 0.5669642857142857 0.3939732142857143 0.08705357142857142 0.060267857142857144
13 0.5011160714285714 0.24441964285714285 0.08370535714285714 0.0625
13 0.5625 0.28794642857142855 0.09151785714285714 0.0625
13 0.5680803571428571 0.19866071428571427 0.08705357142857142 0.06696428571428571
13 0.5613839285714286 0.12834821428571427 0.07700892857142858 0.0625
5 0.4341517857142857 0.9765625 0.08705357142857142 0.046875
13 0.33705357142857145 0.9520089285714286 0.10044642857142858 0.06919642857142858
13 0.3950892857142857 0.8928571428571429 0.09151785714285714 0.06473214285714286
13 0.42299107142857145 0.8247767857142857 0.08705357142857142 0.07254464285714286
13 0.33816964285714285 0.8404017857142857 0.08705357142857142 0.06696428571428571
15 0.23660714285714285 0.8448660714285714 0.09151785714285714 0.06473214285714286
13 0.15290178571428573 0.9464285714285714 0.08705357142857142 0.06696428571428571
13 0.07254464285714286 0.9263392857142857 0.09151785714285714 0.06919642857142858
13 0.09151785714285714 0.8649553571428571 0.09151785714285714 0.05580357142857143
13 0.046875 0.8125 0.09151785714285714 0.06919642857142858
13 0.07366071428571429 0.7455357142857143 0.08147321428571429 0.07254464285714286
13 0.10825892857142858 0.6908482142857143 0.08370535714285714 0.0625
13 0.19084821428571427 0.6886160714285714 0.08705357142857142 0.0625
13 0.22879464285714285 0.7287946428571429 0.08705357142857142 0.06696428571428571
13 0.25669642857142855 0.6517857142857143 0.09151785714285714 0.06696428571428571
7 0.18861607142857142 0.5948660714285714 0.10044642857142858 0.07700892857142858
13 0.11830357142857142 0.6339285714285714 0.08370535714285714 0.05803571428571429
13 0.07924107142857142 0.5758928571428571 0.09151785714285714 0.06696428571428571
15 0.30580357142857145 0.578125 0.08370535714285714 0.0625
15 0.3392857142857143 0.6183035714285714 0.09151785714285714 0.07254464285714286
13 0.359375 0.7310267857142857 0.09598214285714286 0.06696428571428571
13 0.33482142857142855 0.5200892857142857 0.08147321428571429 0.0625
13 0.30245535714285715 0.453125 0.08370535714285714 0.07254464285714286
13 0.21763392857142858 0.4564732142857143 0.08147321428571429 0.06696428571428571
13 0.24441964285714285 0.5301339285714286 0.08928571428571429 0.06696428571428571
13 0.11607142857142858 0.47098214285714285 0.09151785714285714 0.06473214285714286
13 0.34486607142857145 0.3627232142857143 0.08705357142857142 0.06919642857142858
13 0.33035714285714285 0.2845982142857143 0.08705357142857142 0.06473214285714286
13 0.35267857142857145 0.22209821428571427 0.07924107142857142 0.06473214285714286
13 0.31919642857142855 0.15513392857142858 0.09151785714285714 0.06696428571428571
15 0.24107142857142858 0.296875 0.09151785714285714 0.06919642857142858
13 0.13950892857142858 0.3705357142857143 0.09151785714285714 0.07477678571428571
13 0.22433035714285715 0.37388392857142855 0.08370535714285714 0.06696428571428571
13 0.05580357142857143 0.36160714285714285 0.08370535714285714 0.06696428571428571
13 0.03571428571428571 0.48660714285714285 0.07142857142857142 0.05803571428571429
13 0.04017857142857143 0.2689732142857143 0.07924107142857142 0.06696428571428571
13 0.03459821428571429 0.19642857142857142 0.06919642857142858 0.06473214285714286
13 0.10825892857142858 0.16964285714285715 0.08705357142857142 0.06696428571428571
13 0.16183035714285715 0.024553571428571428 0.08705357142857142 0.04799107142857143
13 0.27120535714285715 0.022321428571428572 0.08370535714285714 0.04352678571428571
13 0.35379464285714285 0.020089285714285716 0.08705357142857142 0.04017857142857143
13 0.40736607142857145 0.05022321428571429 0.08147321428571429 0.06473214285714286
13 0.49107142857142855 0.04241071428571429 0.08370535714285714 0.0625
13 0.47879464285714285 0.10714285714285714 0.09375 0.06696428571428571
13 0.43080357142857145 0.16517857142857142 0.09151785714285714 0.06696428571428571
1 0.12276785714285714 0.25669642857142855 0.09151785714285714 0.07477678571428571
12 0.48660714285714285 0.44308035714285715 0.029017857142857144 0.026785714285714284