1 0.19977678571428573 0.36830357142857145 0.06919642857142858 0.08705357142857142
13 0.9330357142857143 0.9185267857142857 0.0625 0.08370535714285714
13 0.8604910714285714 0.9107142857142857 0.06919642857142858 0.08705357142857142
13 0.7857142857142857 0.9386160714285714 0.06696428571428571 0.08705357142857142
13 0.8035714285714286 0.8526785714285714 0.07254464285714286 0.09151785714285714
15 0.8526785714285714 0.7979910714285714 0.07254464285714286 0.09151785714285714
13 0.9341517857142857 0.7533482142857143 0.06696428571428571 0.08147321428571429
15 0.9241071428571429 0.6707589285714286 0.06696428571428571 0.08370535714285714
15 0.8214285714285714 0.7310267857142857 0.07254464285714286 0.09375
13 0.9196428571428571 0.5803571428571429 0.06696428571428571 0.09151785714285714
13 0.7745535714285714 0.6607142857142857 0.06919642857142858 0.09598214285714286
13 0.6886160714285714 0.6584821428571429 0.06696428571428571 0.09151785714285714
13 0.7321428571428571 0.578125 0.0625 0.08928571428571429
13 0.6261160714285714 0.6495535714285714 0.0625 0.08370535714285714
15 0.6305803571428571 0.8180803571428571 0.06696428571428571 0.08705357142857142
15 0.5892857142857143 0.8470982142857143 0.07254464285714286 0.09598214285714286
15 0.6986607142857143 0.8526785714285714 0.0625 0.08705357142857142
13 0.71875 0.9375 0.07254464285714286 0.08928571428571429
13 0.5189732142857143 0.9419642857142857 0.06696428571428571 0.08705357142857142
13 0.49107142857142855 0.8571428571428571 0.06473214285714286 0.09151785714285714
13 0.45200892857142855 0.9308035714285714 0.06919642857142858 0.09151785714285714
13 0.3872767857142857 0.9564732142857143 0.06919642857142858 0.08705357142857142
13 0.39285714285714285 0.8683035714285714 0.07254464285714286 0.09151785714285714
13 0.43638392857142855 0.796875 0.07254464285714286 0.09598214285714286
15 0.5290178571428571 0.7299107142857143 0.07254464285714286 0.09598214285714286
13 0.3939732142857143 0.7299107142857143 0.06473214285714286 0.08705357142857142
13 0.29910714285714285 0.8604910714285714 0.06696428571428571 0.09151785714285714
13 0.26450892857142855 0.9375 0.0625 0.08928571428571429
13 0.3236607142857143 0.9665178571428571 0.06696428571428571 0.06696428571428571
13 0.18861607142857142 0.9709821428571429 0.06696428571428571 0.05803571428571429
13 0.12946428571428573 0.9185267857142857 0.06696428571428571 0.08147321428571429
13 0.14174107142857142 0.8392857142857143 0.060267857142857144 0.08370535714285714
13 0.20200892857142858 0.8069196428571429 0.0625 0.08147321428571429
13 0.12053571428571429 0.7533482142857143 0.06696428571428571 0.09375
13 0.06138392857142857 0.8537946428571429 0.07700892857142858 0.09151785714285714
13 0.03571428571428571 0.96875 0.07142857142857142 0.05803571428571429
13 0.044642857142857144 0.6674107142857143 0.07700892857142858 0.08370535714285714
13 0.1875 0.7176339285714286 0.07700892857142858 0.09151785714285714
15 0.25223214285714285 0.6372767857142857 0.07254464285714286 0.09151785714285714
13 0.3325892857142857 0.5848214285714286 0.0625 0.07924107142857142
13 0.3950892857142857 0.5837053571428571 0.06696428571428571 0.08370535714285714
8 0.45535714285714285 0.5982142857142857 0.05803571428571429 0.07254464285714286
13 0.5301339285714286 0.6160714285714286 0.07254464285714286 0.09598214285714286
13 0.8426339285714286 0.49441964285714285 0.06696428571428571 0.09598214285714286
13 0.9095982142857143 0.4877232142857143 0.06919642857142858 0.09151785714285714
13 0.9006696428571429 0.40066964285714285 0.06696428571428571 0.08705357142857142
13 0.78125 0.45535714285714285 0.0625 0.08147321428571429
13 0.7935267857142857 0.37276785714285715 0.07477678571428571 0.09821428571428571
13 0.6997767857142857 0.42857142857142855 0.06696428571428571 0.08370535714285714
13 0.7254464285714286 0.3560267857142857 0.0625 0.08147321428571429
13 0.9709821428571429 0.2767857142857143 0.05803571428571429 0.09375
13 0.9107142857142857 0.3080357142857143 0.07254464285714286 0.09598214285714286
13 0.8459821428571429 0.31026785714285715 0.06696428571428571 0.09151785714285714
13 0.8236607142857143 0.22879464285714285 0.06696428571428571 0.08928571428571429
13 0.765625 0.2845982142857143 0.06919642857142858 0.09151785714285714
13 0.8883928571428571 0.18191964285714285 0.0625 0.08928571428571429
13 0.9430803571428571 0.19754464285714285 0.06696428571428571 0.08370535714285714
11 0.8292410714285714 0.13950892857142858 0.06696428571428571 0.09151785714285714
13 0.8772321428571429 0.09263392857142858 0.0625 0.08705357142857142
13 0.8270089285714286 0.03459821428571429 0.06919642857142858 0.06919642857142858
13 0.7533482142857143 0.056919642857142856 0.06696428571428571 0.08705357142857142
13 0.7198660714285714 0.15066964285714285 0.0625 0.08928571428571429
13 0.6941964285714286 0.24330357142857142 0.06696428571428571 0.09151785714285714
13 0.6685267857142857 0.33370535714285715 0.0625 0.08705357142857142
11 0.6082589285714286 0.3002232142857143 0.07477678571428571 0.07924107142857142
13 0.6060267857142857 0.22321428571428573 0.06696428571428571 0.08705357142857142
13 0.65625 0.16964285714285715 0.06696428571428571 0.09598214285714286
13 0.6819196428571429 0.07924107142857142 0.07254464285714286 0.09375
13 0.5970982142857143 0.125 0.06473214285714286 0.08705357142857142
15 0.49888392857142855 0.11049107142857142 0.07254464285714286 0.08705357142857142
13 0.5401785714285714 0.11160714285714286 0.05803571428571429 0.09821428571428571
13 0.5122767857142857 0.03571428571428571 0.07366071428571429 0.07142857142857142
13 0.40066964285714285 0.13058035714285715 0.06696428571428571 0.08705357142857142
13 0.44642857142857145 0.060267857142857144 0.06473214285714286 0.08370535714285714
15 0.5290178571428571 0.31808035714285715 0.060267857142857144 0.07700892857142858
13 0.33705357142857145 0.10267857142857142 0.06473214285714286 0.08705357142857142
13 0.3783482142857143 0.041294642857142856 0.07254464285714286 0.08147321428571429
15 0.27120535714285715 0.13058035714285715 0.060267857142857144 0.08147321428571429
13 0.44642857142857145 0.3325892857142857 0.06696428571428571 0.09151785714285714
13 0.43638392857142855 0.4408482142857143 0.06919642857142858 0.08705357142857142
13 0.4810267857142857 0.49776785714285715 0.0625 0.08370535714285714
13 0.3939732142857143 0.5022321428571429 0.07477678571428571 0.08147321428571429
13 0.578125 0.5513392857142857 0.06696428571428571 0.08928571428571429
13 0.2845982142857143 0.5223214285714286 0.06696428571428571 0.09151785714285714
13 0.24553571428571427 0.42410714285714285 0.06696428571428571 0.08705357142857142
15 0.3169642857142857 0.40736607142857145 0.07254464285714286 0.09151785714285714
17 0.3560267857142857 0.43526785714285715 0.06696428571428571 0.08928571428571429
13 0.3872767857142857 0.30245535714285715 0.0625 0.08705357142857142
13 0.4341517857142857 0.24330357142857142 0.06696428571428571 0.08705357142857142
11 0.4955357142857143 0.2700892857142857 0.06696428571428571 0.09598214285714286
13 0.37388392857142855 0.20870535714285715 0.0625 0.08370535714285714
13 0.2700892857142857 0.31026785714285715 0.06696428571428571 0.09375
11 0.3169642857142857 0.32924107142857145 0.07254464285714286 0.07254464285714286
13 0.12388392857142858 0.34151785714285715 0.07700892857142858 0.11272321428571429
13 0.09263392857142858 0.4017857142857143 0.06696428571428571 0.08370535714285714
13 0.16741071428571427 0.4564732142857143 0.06696428571428571 0.08370535714285714
13 0.09040178571428571 0.2544642857142857 0.07254464285714286 0.09151785714285714
13 0.15401785714285715 0.19754464285714285 0.06919642857142858 0.08147321428571429
13 0.09375 0.14174107142857142 0.06919642857142858 0.09598214285714286
13 0.14508928571428573 0.08482142857142858 0.06473214285714286 0.09598214285714286
13 0.025669642857142856 0.18080357142857142 0.05022321428571429 0.09151785714285714
13 0.04241071428571429 0.08816964285714286 0.07254464285714286 0.08705357142857142
11 0.2544642857142857 0.049107142857142856 0.07254464285714286 0.09821428571428571
15 0.4654017857142857 0.6752232142857143 0.05580357142857143 0.08147321428571429
16 0.19419642857142858 0.8950892857142857 0.06473214285714286 0.09151785714285714
13 0.34263392857142855 0.7901785714285714 0.07254464285714286 0.09151785714285714
14 0.109375 0.4888392857142857 0.060267857142857144 0.10044642857142858
19 0.546875 0.18080357142857142 0.04575892857142857 0.05580357142857143