17 0.8537946428571429 0.7756696428571429 0.11049107142857142 0.08370535714285714
17 0.09040178571428571 0.46316964285714285 0.13169642857142858 0.09821428571428571
17 0.7455357142857143 0.06808035714285714 0.10044642857142858 0.08147321428571429
17 0.21763392857142858 0.9308035714285714 0.12053571428571429 0.08928571428571429
7 0.3560267857142857 0.453125 0.11272321428571429 0.07700892857142858
15 0.25892857142857145 0.5122767857142857 0.11272321428571429 0.08705357142857142
7 0.9029017857142857 0.3247767857142857 0.11049107142857142 0.08370535714285714
7 0.5959821428571429 0.7399553571428571 0.12276785714285714 0.08928571428571429
7 0.7544642857142857 0.7924107142857143 0.11049107142857142 0.08147321428571429
7 0.3560267857142857 0.8716517857142857 0.11049107142857142 0.08370535714285714
7 0.5770089285714286 0.859375 0.11272321428571429 0.08147321428571429
13 0.7120535714285714 0.9107142857142857 0.12053571428571429 0.08705357142857142
13 0.5535714285714286 0.296875 0.11272321428571429 0.07700892857142858
13 0.9095982142857143 0.15959821428571427 0.10602678571428571 0.08705357142857142
13 0.8404017857142857 0.09933035714285714 0.11495535714285714 0.08705357142857142
13 0.6417410714285714 0.4252232142857143 0.11049107142857142 0.08705357142857142
7 0.5133928571428571 0.5602678571428571 0.11495535714285714 0.08705357142857142
13 0.42075892857142855 0.15959821428571427 0.10602678571428571 0.07924107142857142
13 0.14285714285714285 0.38058035714285715 0.11272321428571429 0.08147321428571429
7 0.8247767857142857 0.49441964285714285 0.12053571428571429 0.08705357142857142
7 0.36049107142857145 0.36049107142857145 0.13504464285714285 0.09151785714285714
12 0.48325892857142855 0.11160714285714286 0.024553571428571428 0.029017857142857144
11 0.4263392857142857 0.53125 0.10602678571428571 0.09598214285714286
8 0.6573660714285714 0.8247767857142857 0.09151785714285714 0.06919642857142858
12 0.25 0.3169642857142857 0.04352678571428571 0.03794642857142857
11 0.7857142857142857 0.5625 0.125 0.07700892857142858