13 0.5145089285714286 0.013392857142857142 0.26450892857142855 0.026785714285714284
13 0.9475446428571429 0.16294642857142858 0.10044642857142858 0.25223214285714285
12 0.12611607142857142 0.17299107142857142 0.09821428571428571 0.09375
13 0.8493303571428571 0.9776785714285714 0.2622767857142857 0.041294642857142856
13 0.796875 0.17745535714285715 0.19977678571428573 0.20647321428571427
13 0.2845982142857143 0.26339285714285715 0.20870535714285715 0.23549107142857142
12 0.9575892857142857 0.44642857142857145 0.0625 0.07254464285714286
0 0.48549107142857145 0.515625 0.5122767857142857 0.44754464285714285
13 0.7845982142857143 0.041294642857142856 0.3002232142857143 0.08147321428571429
13 0.109375 0.3482142857142857 0.21428571428571427 0.25223214285714285
13 0.28348214285714285 0.7477678571428571 0.25669642857142855 0.25223214285714285
13 0.6930803571428571 0.19084821428571427 0.16852678571428573 0.20647321428571427
13 0.6127232142857143 0.9084821428571429 0.24330357142857142 0.18303571428571427
13 0.13058035714285715 0.5803571428571429 0.2611607142857143 0.20535714285714285