12 0.12276785714285714 0.5033482142857143 0.08370535714285714 0.07924107142857142
0 0.08258928571428571 0.15848214285714285 0.16517857142857142 0.3169642857142857
13 0.2689732142857143 0.5100446428571429 0.26450892857142855 0.21651785714285715
13 0.041294642857142856 0.5825892857142857 0.08147321428571429 0.06919642857142858
13 0.3314732142857143 0.2924107142857143 0.19196428571428573 0.23325892857142858
13 0.15290178571428573 0.3549107142857143 0.23102678571428573 0.21428571428571427
13 0.25223214285714285 0.15290178571428573 0.20870535714285715 0.20200892857142858
6 0.8482142857142857 0.3314732142857143 0.30245535714285715 0.34598214285714285
12 0.39620535714285715 0.9754464285714286 0.0625 0.04799107142857143
12 0.2924107142857143 0.7444196428571429 0.09151785714285714 0.10379464285714286
13 0.11830357142857142 0.96875 0.23549107142857142 0.0625
13 0.37276785714285715 0.7332589285714286 0.11049107142857142 0.23102678571428573
13 0.10379464285714286 0.84375 0.20647321428571427 0.23995535714285715
10 0.8258928571428571 0.8091517857142857 0.3482142857142857 0.38169642857142855