9 0.35825892857142855 0.20647321428571427 0.39955357142857145 0.41294642857142855
6 0.7857142857142857 0.17745535714285715 0.42410714285714285 0.3549107142857143
3 0.28013392857142855 0.8794642857142857 0.5558035714285714 0.23995535714285715
13 0.8158482142857143 0.8794642857142857 0.36830357142857145 0.23995535714285715
13 0.6316964285714286 0.9352678571428571 0.14955357142857142 0.12946428571428573
13 0.9162946428571429 0.6361607142857143 0.16741071428571427 0.07589285714285714
13 0.8426339285714286 0.7243303571428571 0.25669642857142855 0.25223214285714285
12 0.8058035714285714 0.8627232142857143 0.12053571428571429 0.10825892857142858
6 0.8147321428571429 0.9386160714285714 0.3705357142857143 0.12276785714285714
13 0.6629464285714286 0.7098214285714286 0.21205357142857142 0.21875
13 0.6261160714285714 0.8962053571428571 0.13727678571428573 0.20647321428571427
13 0.5848214285714286 0.7388392857142857 0.05580357142857143 0.23772321428571427