15 0.703125 0.046875 0.07924107142857142 0.09375
15 0.5279017857142857 0.04352678571428571 0.07924107142857142 0.08705357142857142
15 0.3627232142857143 0.07924107142857142 0.07924107142857142 0.11272321428571429
15 0.12388392857142858 0.10602678571428571 0.07924107142857142 0.11272321428571429
15 0.0625 0.38950892857142855 0.07924107142857142 0.11272321428571429
15 0.09486607142857142 0.23549107142857142 0.07924107142857142 0.11272321428571429
15 0.11941964285714286 0.3002232142857143 0.07924107142857142 0.11272321428571429
15 0.16629464285714285 0.24776785714285715 0.07924107142857142 0.11272321428571429
15 0.19977678571428573 0.36049107142857145 0.07924107142857142 0.11272321428571429
15 0.20200892857142858 0.45424107142857145 0.07924107142857142 0.11272321428571429
15 0.14174107142857142 0.4877232142857143 0.07924107142857142 0.11272321428571429
15 0.17299107142857142 0.5658482142857143 0.07924107142857142 0.11272321428571429
15 0.10379464285714286 0.6160714285714286 0.07924107142857142 0.11272321428571429
15 0.06361607142857142 0.5290178571428571 0.07924107142857142 0.11272321428571429
15 0.29575892857142855 0.5145089285714286 0.07924107142857142 0.11272321428571429
15 0.3482142857142857 0.5089285714285714 0.07924107142857142 0.11272321428571429
15 0.44754464285714285 0.19754464285714285 0.06696428571428571 0.08705357142857142
15 0.6774553571428571 0.2845982142857143 0.07924107142857142 0.11272321428571429
15 0.6205357142857143 0.47767857142857145 0.07924107142857142 0.11272321428571429
15 0.6886160714285714 0.6852678571428571 0.07924107142857142 0.11272321428571429
15 0.6305803571428571 0.7410714285714286 0.07924107142857142 0.11272321428571429
15 0.41629464285714285 0.7667410714285714 0.07924107142857142 0.11272321428571429
15 0.33705357142857145 0.7410714285714286 0.07700892857142858 0.11272321428571429
15 0.2689732142857143 0.7522321428571429 0.07924107142857142 0.11272321428571429
15 0.16741071428571427 0.8236607142857143 0.0625 0.08928571428571429
15 0.1875 0.7098214285714286 0.07924107142857142 0.11272321428571429
15 0.22879464285714285 0.9229910714285714 0.07700892857142858 0.11272321428571429
15 0.10379464285714286 0.9095982142857143 0.07924107142857142 0.11272321428571429
15 0.8560267857142857 0.23772321428571427 0.07924107142857142 0.11272321428571429
15 0.7745535714285714 0.16741071428571427 0.07924107142857142 0.11272321428571429
15 0.7176339285714286 0.11272321428571429 0.07924107142857142 0.11272321428571429
15 0.5457589285714286 0.31026785714285715 0.07924107142857142 0.11272321428571429
15 0.4966517857142857 0.3470982142857143 0.07924107142857142 0.11272321428571429
15 0.47544642857142855 0.4252232142857143 0.07924107142857142 0.11272321428571429
15 0.5502232142857143 0.4888392857142857 0.07924107142857142 0.11272321428571429
15 0.9207589285714286 0.6216517857142857 0.07924107142857142 0.11272321428571429
15 0.9698660714285714 0.5424107142857143 0.060267857142857144 0.11272321428571429
15 0.9162946428571429 0.7020089285714286 0.07924107142857142 0.11272321428571429
15 0.8214285714285714 0.671875 0.07477678571428571 0.08370535714285714
15 0.7176339285714286 0.6194196428571429 0.07924107142857142 0.11272321428571429
15 0.7377232142857143 0.5122767857142857 0.07924107142857142 0.11272321428571429
15 0.7176339285714286 0.3482142857142857 0.07700892857142858 0.09375
15 0.6763392857142857 0.8917410714285714 0.07924107142857142 0.11272321428571429
15 0.7176339285714286 0.8158482142857143 0.07924107142857142 0.11272321428571429
15 0.7857142857142857 0.8035714285714286 0.07924107142857142 0.11272321428571429
15 0.8370535714285714 0.7700892857142857 0.07924107142857142 0.11272321428571429
15 0.9654017857142857 0.8035714285714286 0.06919642857142858 0.11272321428571429
15 0.6607142857142857 0.8214285714285714 0.07924107142857142 0.11272321428571429
15 0.609375 0.8459821428571429 0.07924107142857142 0.11272321428571429
15 0.49441964285714285 0.8604910714285714 0.07924107142857142 0.11272321428571429
15 0.4375 0.9319196428571429 0.07924107142857142 0.11272321428571429
15 0.3872767857142857 0.90625 0.07924107142857142 0.11272321428571429
15 0.2935267857142857 0.9542410714285714 0.07924107142857142 0.09151785714285714
15 0.45870535714285715 0.6852678571428571 0.07924107142857142 0.11272321428571429
15 0.46205357142857145 0.5970982142857143 0.07924107142857142 0.11272321428571429
15 0.35825892857142855 0.6674107142857143 0.07924107142857142 0.11272321428571429
15 0.041294642857142856 0.8292410714285714 0.07924107142857142 0.11272321428571429
15 0.03236607142857143 0.9319196428571429 0.06473214285714286 0.11272321428571429
15 0.6316964285714286 0.3247767857142857 0.07924107142857142 0.11272321428571429
15 0.78125 0.38392857142857145 0.07924107142857142 0.11272321428571429
15 0.6183035714285714 0.11941964285714286 0.07924107142857142 0.11272321428571429
15 0.40736607142857145 0.3236607142857143 0.07924107142857142 0.11272321428571429
15 0.22433035714285715 0.27232142857142855 0.07924107142857142 0.11272321428571429
15 0.19866071428571427 0.18191964285714285 0.07924107142857142 0.11272321428571429
15 0.04799107142857143 0.08258928571428571 0.07924107142857142 0.11272321428571429
15 0.08258928571428571 0.04352678571428571 0.07924107142857142 0.08705357142857142
15 0.16741071428571427 0.07366071428571429 0.07924107142857142 0.11272321428571429
15 0.8638392857142857 0.15401785714285715 0.07924107142857142 0.11272321428571429
15 0.9341517857142857 0.10825892857142858 0.07924107142857142 0.11272321428571429
15 0.9430803571428571 0.19977678571428573 0.07924107142857142 0.11272321428571429
15 0.9408482142857143 0.36941964285714285 0.07924107142857142 0.11272321428571429
1 0.8180803571428571 0.5569196428571429 0.07924107142857142 0.11272321428571429
15 0.03236607142857143 0.31361607142857145 0.06473214285714286 0.11272321428571429
15 0.04352678571428571 0.6227678571428571 0.07924107142857142 0.11272321428571429
15 0.33705357142857145 0.3236607142857143 0.07700892857142858 0.11272321428571429
15 0.6618303571428571 0.40401785714285715 0.07924107142857142 0.11272321428571429
15 0.5658482142857143 0.78125 0.07924107142857142 0.11272321428571429
15 0.9319196428571429 0.90625 0.07924107142857142 0.11272321428571429
15 0.9732142857142857 0.6752232142857143 0.052455357142857144 0.11272321428571429
1 0.43638392857142855 0.08258928571428571 0.07924107142857142 0.11272321428571429
13 0.22209821428571427 0.5334821428571429 0.07924107142857142 0.11272321428571429
8 0.5055803571428571 0.6473214285714286 0.05580357142857143 0.08147321428571429
15 0.640625 0.6372767857142857 0.07924107142857142 0.11272321428571429
15 0.5904017857142857 0.6417410714285714 0.07924107142857142 0.11272321428571429
15 0.5591517857142857 0.5959821428571429 0.07924107142857142 0.11272321428571429
15 0.6863839285714286 0.20758928571428573 0.07924107142857142 0.11272321428571429
1 0.8939732142857143 0.32142857142857145 0.07924107142857142 0.11272321428571429
15 0.8392857142857143 0.38058035714285715 0.07924107142857142 0.11272321428571429
13 0.7444196428571429 0.2689732142857143 0.07924107142857142 0.11272321428571429
13 0.31361607142857145 0.05580357142857143 0.07924107142857142 0.11049107142857142
13 0.328125 0.12276785714285714 0.07924107142857142 0.11272321428571429
1 0.23995535714285715 0.09375 0.07924107142857142 0.11272321428571429
15 0.23325892857142858 0.6595982142857143 0.07924107142857142 0.11272321428571429
1 0.22433035714285715 0.7868303571428571 0.06919642857142858 0.08370535714285714
13 0.5669642857142857 0.20200892857142858 0.07924107142857142 0.11272321428571429
13 0.5122767857142857 0.23549107142857142 0.07924107142857142 0.11272321428571429