18 0.8191964285714286 0.9308035714285714 0.08147321428571429 0.09375
18 0.7857142857142857 0.8526785714285714 0.06919642857142858 0.09598214285714286
18 0.5959821428571429 0.7689732142857143 0.07700892857142858 0.09151785714285714
18 0.6104910714285714 0.546875 0.07700892857142858 0.08370535714285714
14 0.09821428571428571 0.7198660714285714 0.07700892857142858 0.052455357142857144
14 0.19754464285714285 0.44754464285714285 0.033482142857142856 0.05803571428571429
14 0.7209821428571429 0.6238839285714286 0.041294642857142856 0.06696428571428571
14 0.7377232142857143 0.4642857142857143 0.05803571428571429 0.0625
15 0.5111607142857143 0.8761160714285714 0.04575892857142857 0.060267857142857144
12 0.875 0.8470982142857143 0.024553571428571428 0.033482142857142856
12 0.4341517857142857 0.7857142857142857 0.014508928571428572 0.021205357142857144
12 0.39955357142857145 0.3013392857142857 0.021205357142857144 0.029017857142857144
12 0.30580357142857145 0.33705357142857145 0.024553571428571428 0.033482142857142856
12 0.22767857142857142 0.12834821428571427 0.024553571428571428 0.04352678571428571
18 0.9118303571428571 0.9185267857142857 0.06473214285714286 0.05803571428571429
12 0.7466517857142857 0.13392857142857142 0.029017857142857144 0.03794642857142857
18 0.8783482142857143 0.23102678571428573 0.05580357142857143 0.09151785714285714
7 0.7209821428571429 0.21875 0.08705357142857142 0.10379464285714286
2 0.41294642857142855 0.48660714285714285 0.09598214285714286 0.06919642857142858
13 0.26339285714285715 0.30357142857142855 0.08705357142857142 0.10602678571428571