6 0.31138392857142855 0.10714285714285714 0.4107142857142857 0.21428571428571427
13 0.5368303571428571 0.12165178571428571 0.12276785714285714 0.24330357142857142
13 0.13392857142857142 0.21428571428571427 0.20424107142857142 0.1875
10 0.7957589285714286 0.12946428571428573 0.3950892857142857 0.25892857142857145
13 0.39620535714285715 0.9899553571428571 0.21651785714285715 0.018973214285714284
13 0.14397321428571427 0.34933035714285715 0.27455357142857145 0.08370535714285714
0 0.31808035714285715 0.5446428571428571 0.43973214285714285 0.4732142857142857
13 0.09709821428571429 0.6540178571428571 0.19419642857142858 0.25
13 0.5279017857142857 0.7154017857142857 0.14174107142857142 0.22879464285714285
13 0.4720982142857143 0.8872767857142857 0.25223214285714285 0.22544642857142858
13 0.5580357142857143 0.48214285714285715 0.08147321428571429 0.25223214285714285
13 0.14174107142857142 0.8895089285714286 0.2689732142857143 0.22098214285714285
12 0.6841517857142857 0.984375 0.10825892857142858 0.03125
13 0.8225446428571429 0.39174107142857145 0.27455357142857145 0.16852678571428573
13 0.7020089285714286 0.8381696428571429 0.20647321428571427 0.24330357142857142
10 0.6439732142857143 0.7020089285714286 0.09151785714285714 0.27901785714285715
13 0.8783482142857143 0.8727678571428571 0.24330357142857142 0.2544642857142857