12 0.6975446428571429 0.7075892857142857 0.08370535714285714 0.08370535714285714
13 0.8415178571428571 0.026785714285714284 0.2622767857142857 0.052455357142857144
13 0.0625 0.7410714285714286 0.125 0.24330357142857142
13 0.9252232142857143 0.22767857142857142 0.14397321428571427 0.27901785714285715
12 0.734375 0.359375 0.08705357142857142 0.09151785714285714
13 0.6674107142857143 0.10602678571428571 0.24553571428571427 0.21205357142857142
13 0.5022321428571429 0.8225446428571429 0.24553571428571427 0.21875
3 0.49441964285714285 0.4966517857142857 0.47879464285714285 0.4564732142857143
13 0.25558035714285715 0.7176339285714286 0.2544642857142857 0.25669642857142855
13 0.8448660714285714 0.4419642857142857 0.22879464285714285 0.24553571428571427
13 0.8125 0.9006696428571429 0.2544642857142857 0.19866071428571427
13 0.14508928571428573 0.9129464285714286 0.28125 0.17299107142857142
3 0.38392857142857145 0.07477678571428571 0.42299107142857145 0.14397321428571427
13 0.13392857142857142 0.5279017857142857 0.22879464285714285 0.28794642857142855
13 0.18973214285714285 0.2544642857142857 0.2767857142857143 0.2622767857142857
13 0.8738839285714286 0.6763392857142857 0.24776785714285715 0.24553571428571427