16 0.2845982142857143 0.7332589285714286 0.08705357142857142 0.0625
13 0.3091517857142857 0.38950892857142855 0.11272321428571429 0.07700892857142858
13 0.375 0.6294642857142857 0.08705357142857142 0.06919642857142858
13 0.4263392857142857 0.671875 0.09821428571428571 0.0625
13 0.18973214285714285 0.3392857142857143 0.11272321428571429 0.07700892857142858
13 0.21316964285714285 0.6930803571428571 0.11272321428571429 0.07924107142857142
13 0.9575892857142857 0.7142857142857143 0.08147321428571429 0.07700892857142858
13 0.8002232142857143 0.21316964285714285 0.11272321428571429 0.07700892857142858
13 0.7957589285714286 0.5055803571428571 0.11272321428571429 0.07700892857142858
13 0.7645089285714286 0.11383928571428571 0.11272321428571429 0.07700892857142858
13 0.7377232142857143 0.39620535714285715 0.11272321428571429 0.07700892857142858
13 0.6138392857142857 0.025669642857142856 0.11272321428571429 0.05022321428571429
13 0.47098214285714285 0.21763392857142858 0.09598214285714286 0.06696428571428571
13 0.43973214285714285 0.9609375 0.11160714285714286 0.078125
13 0.4341517857142857 0.5267857142857143 0.11272321428571429 0.07700892857142858
13 0.39174107142857145 0.7756696428571429 0.11272321428571429 0.07700892857142858
13 0.16517857142857142 0.5959821428571429 0.11272321428571429 0.07700892857142858
13 0.13727678571428573 0.6607142857142857 0.11272321428571429 0.07924107142857142
11 0.109375 0.08928571428571429 0.09151785714285714 0.07700892857142858
13 0.09598214285714286 0.20200892857142858 0.11272321428571429 0.07700892857142858
13 0.04241071428571429 0.22321428571428573 0.08147321428571429 0.07700892857142858
16 0.90625 0.3950892857142857 0.11272321428571429 0.07700892857142858
14 0.6439732142857143 0.28236607142857145 0.11272321428571429 0.07700892857142858
13 0.5904017857142857 0.8895089285714286 0.11272321428571429 0.07924107142857142
13 0.5591517857142857 0.9609375 0.11383928571428571 0.078125
13 0.4810267857142857 0.875 0.08147321428571429 0.07700892857142858
13 0.3627232142857143 0.9330357142857143 0.11272321428571429 0.07924107142857142
13 0.3125 0.9006696428571429 0.08705357142857142 0.07254464285714286
13 0.21428571428571427 0.9609375 0.11160714285714286 0.078125
13 0.16517857142857142 0.8816964285714286 0.11272321428571429 0.07924107142857142
13 0.20758928571428573 0.8426339285714286 0.11272321428571429 0.07924107142857142
13 0.28125 0.8225446428571429 0.11272321428571429 0.07924107142857142
13 0.21651785714285715 0.7823660714285714 0.11272321428571429 0.07924107142857142
13 0.13950892857142858 0.7399553571428571 0.11272321428571429 0.07700892857142858
13 0.07366071428571429 0.8537946428571429 0.11272321428571429 0.07700892857142858
13 0.26674107142857145 0.546875 0.11272321428571429 0.07700892857142858
13 0.171875 0.5256696428571429 0.09821428571428571 0.07924107142857142
13 0.11049107142857142 0.47544642857142855 0.11272321428571429 0.07700892857142858
13 0.056919642857142856 0.5267857142857143 0.11272321428571429 0.07700892857142858
13 0.07700892857142858 0.36160714285714285 0.09151785714285714 0.07700892857142858
13 0.10267857142857142 0.29799107142857145 0.11272321428571429 0.07700892857142858
13 0.15848214285714285 0.24888392857142858 0.11272321428571429 0.07700892857142858
13 0.21875 0.38950892857142855 0.11272321428571429 0.07700892857142858
11 0.296875 0.4486607142857143 0.10602678571428571 0.06696428571428571
13 0.3314732142857143 0.5011160714285714 0.11272321428571429 0.07700892857142858
13 0.30357142857142855 0.296875 0.11272321428571429 0.07700892857142858
13 0.28348214285714285 0.19084821428571427 0.11272321428571429 0.07700892857142858
13 0.19977678571428573 0.20200892857142858 0.11272321428571429 0.07700892857142858
13 0.17633928571428573 0.13616071428571427 0.11272321428571429 0.07700892857142858
13 0.1875 0.05915178571428571 0.11272321428571429 0.07700892857142858
13 0.2779017857142857 0.12946428571428573 0.11272321428571429 0.07700892857142858
13 0.3158482142857143 0.056919642857142856 0.11272321428571429 0.07700892857142858
13 0.38392857142857145 0.09263392857142858 0.11272321428571429 0.07700892857142858
13 0.39732142857142855 0.029017857142857144 0.11272321428571429 0.05803571428571429
13 0.3872767857142857 0.16183035714285715 0.11272321428571429 0.07700892857142858
13 0.38392857142857145 0.2544642857142857 0.11272321428571429 0.07700892857142858
13 0.6216517857142857 0.13058035714285715 0.11272321428571429 0.07700892857142858
13 0.6651785714285714 0.21875 0.11272321428571429 0.07700892857142858
13 0.7209821428571429 0.16852678571428573 0.11272321428571429 0.07700892857142858
11 0.8459821428571429 0.15066964285714285 0.11272321428571429 0.07700892857142858
13 0.9252232142857143 0.14397321428571427 0.11272321428571429 0.07700892857142858
13 0.4642857142857143 0.32924107142857145 0.09598214285714286 0.06696428571428571
13 0.4497767857142857 0.4029017857142857 0.11272321428571429 0.07700892857142858
7 0.5290178571428571 0.38950892857142855 0.11272321428571429 0.07700892857142858
13 0.6060267857142857 0.35379464285714285 0.11272321428571429 0.07700892857142858
13 0.4720982142857143 0.7600446428571429 0.11272321428571429 0.07700892857142858
13 0.5256696428571429 0.7879464285714286 0.11272321428571429 0.07700892857142858
13 0.8180803571428571 0.28236607142857145 0.11272321428571429 0.07700892857142858
13 0.7678571428571429 0.28348214285714285 0.08705357142857142 0.07700892857142858
13 0.6540178571428571 0.4408482142857143 0.11272321428571429 0.07700892857142858
13 0.7477678571428571 0.45870535714285715 0.11272321428571429 0.07700892857142858
13 0.8716517857142857 0.5993303571428571 0.11272321428571429 0.07700892857142858
13 0.8973214285714286 0.6595982142857143 0.11272321428571429 0.07700892857142858
13 0.9040178571428571 0.7388392857142857 0.11272321428571429 0.07700892857142858
13 0.9375 0.5524553571428571 0.11272321428571429 0.07700892857142858
13 0.9553571428571429 0.5011160714285714 0.08928571428571429 0.07924107142857142
13 0.9587053571428571 0.43191964285714285 0.08147321428571429 0.07700892857142858
13 0.6707589285714286 0.06138392857142857 0.11272321428571429 0.07700892857142858
13 0.6875 0.7901785714285714 0.09598214285714286 0.07254464285714286
13 0.6986607142857143 0.9620535714285714 0.11160714285714286 0.07589285714285714
11 0.8337053571428571 0.9308035714285714 0.09151785714285714 0.06473214285714286
13 0.8805803571428571 0.8861607142857143 0.11272321428571429 0.07924107142857142
13 0.8537946428571429 0.8270089285714286 0.10379464285714286 0.06919642857142858
13 0.8069196428571429 0.7399553571428571 0.11272321428571429 0.07924107142857142
13 0.7466517857142857 0.6975446428571429 0.11272321428571429 0.07700892857142858
13 0.6707589285714286 0.6529017857142857 0.11272321428571429 0.07700892857142858
15 0.5792410714285714 0.6361607142857143 0.09821428571428571 0.07700892857142858
13 0.6908482142857143 0.5837053571428571 0.11272321428571429 0.07700892857142858
13 0.5825892857142857 0.5636160714285714 0.11272321428571429 0.07700892857142858
11 0.7332589285714286 0.9073660714285714 0.11272321428571429 0.07700892857142858
13 0.6450892857142857 0.5011160714285714 0.11272321428571429 0.07700892857142858
13 0.5055803571428571 0.7120535714285714 0.11272321428571429 0.07700892857142858
15 0.59375 0.6897321428571429 0.11272321428571429 0.07700892857142858
13 0.7924107142857143 0.6495535714285714 0.11272321428571429 0.07700892857142858
13 0.5089285714285714 0.5100446428571429 0.11272321428571429 0.07700892857142858
8 0.056919642857142856 0.7924107142857143 0.11272321428571429 0.07700892857142858
11 0.1328125 0.9620535714285714 0.11383928571428571 0.07589285714285714
13 0.13616071428571427 0.8113839285714286 0.11272321428571429 0.07700892857142858
8 0.24665178571428573 0.6127232142857143 0.11272321428571429 0.07700892857142858
17 0.6082589285714286 0.7689732142857143 0.11272321428571429 0.07700892857142858
13 0.8582589285714286 0.3314732142857143 0.11272321428571429 0.07700892857142858
13 0.4497767857142857 0.45870535714285715 0.11272321428571429 0.07700892857142858
11 0.2533482142857143 0.03125 0.11272321428571429 0.0625
13 0.5189732142857143 0.5625 0.08705357142857142 0.0625
17 0.6529017857142857 0.9095982142857143 0.11272321428571429 0.07700892857142858
13 0.9352678571428571 0.21875 0.11272321428571429 0.07700892857142858
8 0.5323660714285714 0.09933035714285714 0.07254464285714286 0.06696428571428571
15 0.8247767857142857 0.38169642857142855 0.11272321428571429 0.07700892857142858
13 0.9464285714285714 0.8370535714285714 0.10714285714285714 0.08035714285714286
13 0.04352678571428571 0.734375 0.08705357142857142 0.07924107142857142
7 0.7689732142857143 0.5691964285714286 0.11272321428571429 0.07700892857142858
14 0.041294642857142856 0.5948660714285714 0.08147321428571429 0.07254464285714286