13 0.9263392857142857 0.984375 0.14620535714285715 0.03125
13 0.9631696428571429 0.4810267857142857 0.07366071428571429 0.234375
13 0.15290178571428573 0.7008928571428571 0.24553571428571427 0.23549107142857142
13 0.48995535714285715 0.026785714285714284 0.22544642857142858 0.052455357142857144
13 0.9252232142857143 0.04575892857142857 0.14397321428571427 0.08705357142857142
12 0.9732142857142857 0.29575892857142855 0.052455357142857144 0.09151785714285714
13 0.07924107142857142 0.09151785714285714 0.15848214285714285 0.17075892857142858
13 0.060267857142857144 0.2611607142857143 0.11495535714285714 0.20647321428571427
13 0.8337053571428571 0.5111607142857143 0.22098214285714285 0.20647321428571427
13 0.2767857142857143 0.05915178571428571 0.24553571428571427 0.11830357142857142
3 0.5066964285714286 0.49441964285714285 0.48549107142857145 0.5100446428571429
13 0.09263392857142858 0.8973214285714286 0.18526785714285715 0.19977678571428573
13 0.6763392857142857 0.9263392857142857 0.23549107142857142 0.14620535714285715
13 0.47544642857142855 0.8883928571428571 0.23102678571428573 0.21875
13 0.7433035714285714 0.7555803571428571 0.2689732142857143 0.24553571428571427
13 0.265625 0.9308035714285714 0.21428571428571427 0.13504464285714285
13 0.7879464285714286 0.12276785714285714 0.22879464285714285 0.22321428571428573
13 0.4263392857142857 0.16071428571428573 0.25223214285714285 0.21875
13 0.8292410714285714 0.3560267857142857 0.24330357142857142 0.23772321428571427
13 0.31808035714285715 0.765625 0.25223214285714285 0.19977678571428573
13 0.9084821428571429 0.8705357142857143 0.17745535714285715 0.23772321428571427
13 0.18638392857142858 0.3861607142857143 0.21651785714285715 0.23325892857142858
12 0.6495535714285714 0.6941964285714286 0.06696428571428571 0.06696428571428571