2 0.9453125 0.8359375 0.109375 0.078125
2 0.8839285714285714 0.14397321428571427 0.11272321428571429 0.07700892857142858
2 0.8604910714285714 0.6930803571428571 0.11272321428571429 0.07700892857142858
2 0.8470982142857143 0.48549107142857145 0.12053571428571429 0.08370535714285714
2 0.71875 0.34263392857142855 0.11272321428571429 0.07700892857142858
2 0.6841517857142857 0.7142857142857143 0.11272321428571429 0.07700892857142858
2 0.6127232142857143 0.44308035714285715 0.11272321428571429 0.07700892857142858
2 0.6227678571428571 0.5602678571428571 0.11272321428571429 0.08147321428571429
2 0.5334821428571429 0.75 0.11272321428571429 0.07700892857142858
2 0.5111607142857143 0.29799107142857145 0.11272321428571429 0.07700892857142858
2 0.4720982142857143 0.49776785714285715 0.12946428571428573 0.10044642857142858
2 0.4654017857142857 0.38950892857142855 0.12946428571428573 0.09598214285714286
2 0.46316964285714285 0.5881696428571429 0.11272321428571429 0.07700892857142858
2 0.3638392857142857 0.640625 0.11272321428571429 0.07700892857142858
2 0.27901785714285715 0.390625 0.11272321428571429 0.07700892857142858
2 0.28236607142857145 0.8091517857142857 0.12946428571428573 0.08705357142857142
2 0.23883928571428573 0.04799107142857143 0.11272321428571429 0.07700892857142858
2 0.19866071428571427 0.44308035714285715 0.11272321428571429 0.07700892857142858
2 0.17745535714285715 0.5502232142857143 0.13727678571428573 0.10044642857142858
2 0.18191964285714285 0.24888392857142858 0.11272321428571429 0.07700892857142858
2 0.17522321428571427 0.6316964285714286 0.11272321428571429 0.07700892857142858
2 0.14508928571428573 0.8950892857142857 0.11272321428571429 0.07700892857142858
18 0.7310267857142857 0.5424107142857143 0.09821428571428571 0.08705357142857142
14 0.7232142857142857 0.6383928571428571 0.12946428571428573 0.09151785714285714
14 0.34263392857142855 0.5535714285714286 0.08370535714285714 0.0625
14 0.4095982142857143 0.7611607142857143 0.07254464285714286 0.06919642857142858
14 0.9363839285714286 0.9542410714285714 0.10044642857142858 0.07254464285714286
14 0.5133928571428571 0.19866071428571427 0.10044642857142858 0.0625
12 0.12165178571428571 0.4966517857142857 0.03794642857142857 0.029017857142857144
12 0.16629464285714285 0.10491071428571429 0.03794642857142857 0.033482142857142856