0 0.26785714285714285 0.18191964285714285 0.49776785714285715 0.3627232142857143
9 0.8638392857142857 0.29464285714285715 0.27120535714285715 0.4107142857142857
13 0.9006696428571429 0.06919642857142858 0.19866071428571427 0.13839285714285715
13 0.09151785714285714 0.7611607142857143 0.18303571428571427 0.43973214285714285
13 0.7198660714285714 0.8973214285714286 0.016741071428571428 0.20424107142857142
12 0.453125 0.5368303571428571 0.08928571428571429 0.07477678571428571
13 0.06696428571428571 0.7354910714285714 0.13392857142857142 0.21651785714285715
13 0.06138392857142857 0.8392857142857143 0.12276785714285714 0.22544642857142858
0 0.2845982142857143 0.8448660714285714 0.39174107142857145 0.31026785714285715
13 0.5948660714285714 0.578125 0.26674107142857145 0.15625
13 0.6350446428571429 0.7600446428571429 0.1875 0.25
13 0.4720982142857143 0.6830357142857143 0.24776785714285715 0.23325892857142858
13 0.5524553571428571 0.890625 0.22544642857142858 0.21875
0 0.8638392857142857 0.6104910714285714 0.27120535714285715 0.22098214285714285
13 0.9118303571428571 0.7511160714285714 0.17522321428571427 0.22321428571428573