7 0.31473214285714285 0.265625 0.07700892857142858 0.10602678571428571
7 0.3169642857142857 0.390625 0.09151785714285714 0.10044642857142858
15 0.7901785714285714 0.46763392857142855 0.08705357142857142 0.10825892857142858
7 0.7220982142857143 0.6350446428571429 0.09151785714285714 0.11495535714285714
7 0.4888392857142857 0.9229910714285714 0.08705357142857142 0.11495535714285714
7 0.08258928571428571 0.4486607142857143 0.08370535714285714 0.11049107142857142
11 0.40625 0.6037946428571429 0.08705357142857142 0.11272321428571429
11 0.34151785714285715 0.5033482142857143 0.07700892857142858 0.11830357142857142
7 0.4642857142857143 0.42857142857142855 0.08705357142857142 0.11049107142857142
7 0.8169642857142857 0.10491071428571429 0.08705357142857142 0.11049107142857142
15 0.6662946428571429 0.7879464285714286 0.07700892857142858 0.10379464285714286
13 0.08147321428571429 0.7008928571428571 0.07477678571428571 0.10044642857142858
15 0.11941964285714286 0.359375 0.07700892857142858 0.09375
7 0.4330357142857143 0.7098214285714286 0.08370535714285714 0.10602678571428571
7 0.7232142857142857 0.8738839285714286 0.07700892857142858 0.11272321428571429
15 0.9430803571428571 0.5145089285714286 0.07254464285714286 0.09151785714285714
7 0.765625 0.20200892857142858 0.08147321428571429 0.10602678571428571
16 0.6830357142857143 0.21875 0.09151785714285714 0.10602678571428571
17 0.5379464285714286 0.5133928571428571 0.08705357142857142 0.11495535714285714