16 0.11495535714285714 0.5904017857142857 0.10044642857142858 0.06696428571428571
16 0.11049107142857142 0.515625 0.09375 0.06696428571428571
16 0.05580357142857143 0.4497767857142857 0.11049107142857142 0.07700892857142858
16 0.10602678571428571 0.36495535714285715 0.11272321428571429 0.07700892857142858
16 0.23772321428571427 0.32700892857142855 0.08705357142857142 0.06696428571428571
16 0.27566964285714285 0.2544642857142857 0.11272321428571429 0.07700892857142858
16 0.09151785714285714 0.16629464285714285 0.09598214285714286 0.07254464285714286
16 0.15401785714285715 0.036830357142857144 0.11272321428571429 0.07254464285714286
16 0.4497767857142857 0.2700892857142857 0.10044642857142858 0.07254464285714286
16 0.4955357142857143 0.20089285714285715 0.09151785714285714 0.06473214285714286
16 0.6450892857142857 0.5066964285714286 0.08705357142857142 0.0625
16 0.39174107142857145 0.47433035714285715 0.08705357142857142 0.0625
16 0.515625 0.5881696428571429 0.09151785714285714 0.07254464285714286
17 0.4810267857142857 0.8493303571428571 0.09598214285714286 0.07254464285714286
16 0.08035714285714286 0.9386160714285714 0.10379464285714286 0.07924107142857142
16 0.17075892857142858 0.96875 0.08705357142857142 0.0625
16 0.45089285714285715 0.7444196428571429 0.09598214285714286 0.06919642857142858
16 0.6383928571428571 0.8772321428571429 0.09598214285714286 0.07254464285714286
16 0.6696428571428571 0.9676339285714286 0.10044642857142858 0.06473214285714286
16 0.7555803571428571 0.7075892857142857 0.09821428571428571 0.07700892857142858
16 0.6863839285714286 0.3236607142857143 0.10044642857142858 0.06696428571428571
16 0.8560267857142857 0.3091517857142857 0.09151785714285714 0.07477678571428571
16 0.9029017857142857 0.39285714285714285 0.09151785714285714 0.07254464285714286
16 0.7678571428571429 0.28236607142857145 0.09821428571428571 0.07700892857142858
17 0.9553571428571429 0.29799107142857145 0.08928571428571429 0.07700892857142858
16 0.9274553571428571 0.12723214285714285 0.10379464285714286 0.07254464285714286
16 0.32924107142857145 0.6261160714285714 0.09375 0.07254464285714286
16 0.6383928571428571 0.8013392857142857 0.09598214285714286 0.06919642857142858
16 0.12834821428571427 0.71875 0.08705357142857142 0.06919642857142858
16 0.08928571428571429 0.6584821428571429 0.10044642857142858 0.07254464285714286
16 0.8225446428571429 0.6439732142857143 0.10044642857142858 0.07700892857142858
13 0.42299107142857145 0.6383928571428571 0.09375 0.07254464285714286
11 0.28013392857142855 0.7332589285714286 0.09821428571428571 0.06696428571428571
13 0.203125 0.5602678571428571 0.09821428571428571 0.06919642857142858
13 0.25111607142857145 0.6674107142857143 0.10044642857142858 0.07254464285714286
5 0.19308035714285715 0.3872767857142857 0.09151785714285714 0.06696428571428571
13 0.6227678571428571 0.6685267857142857 0.09151785714285714 0.06919642857142858
13 0.7366071428571429 0.6037946428571429 0.09151785714285714 0.06696428571428571
16 0.9375 0.8805803571428571 0.09375 0.06919642857142858
16 0.8325892857142857 0.9575892857142857 0.09598214285714286 0.07254464285714286
16 0.8470982142857143 0.8872767857142857 0.08705357142857142 0.06696428571428571
13 0.7901785714285714 0.4185267857142857 0.11272321428571429 0.07700892857142858
13 0.39955357142857145 0.3705357142857143 0.09598214285714286 0.07254464285714286
13 0.8236607142857143 0.21651785714285715 0.09375 0.07477678571428571
16 0.5736607142857143 0.23660714285714285 0.09375 0.06919642857142858
11 0.05580357142857143 0.24553571428571427 0.11049107142857142 0.07254464285714286