8 0.25111607142857145 0.6026785714285714 0.07254464285714286 0.05803571428571429
8 0.8069196428571429 0.5747767857142857 0.07924107142857142 0.052455357142857144
8 0.7131696428571429 0.6462053571428571 0.08147321428571429 0.05803571428571429
1 0.056919642857142856 0.3560267857142857 0.07700892857142858 0.060267857142857144
1 0.08482142857142858 0.6082589285714286 0.08147321428571429 0.0625
1 0.07924107142857142 0.7299107142857143 0.08928571428571429 0.0625
1 0.203125 0.7544642857142857 0.09375 0.060267857142857144
1 0.28794642857142855 0.7209821428571429 0.08705357142857142 0.0625
1 0.44308035714285715 0.7064732142857143 0.08147321428571429 0.0625
1 0.5848214285714286 0.6473214285714286 0.08147321428571429 0.06696428571428571
1 0.6696428571428571 0.5323660714285714 0.08705357142857142 0.06696428571428571
1 0.6283482142857143 0.09375 0.08705357142857142 0.0625
1 0.39620535714285715 0.046875 0.08370535714285714 0.0625
1 0.8303571428571429 0.7243303571428571 0.08147321428571429 0.0625
1 0.31361607142857145 0.8214285714285714 0.07700892857142858 0.052455357142857144
1 0.4720982142857143 0.9118303571428571 0.08147321428571429 0.0625
1 0.6037946428571429 0.7488839285714286 0.08928571428571429 0.0625
1 0.5613839285714286 0.29129464285714285 0.09598214285714286 0.06696428571428571
1 0.11383928571428571 0.8727678571428571 0.08370535714285714 0.06696428571428571
1 0.09375 0.953125 0.08147321428571429 0.060267857142857144
13 0.49330357142857145 0.5491071428571429 0.09375 0.05803571428571429
13 0.359375 0.6060267857142857 0.09151785714285714 0.06473214285714286
13 0.40625 0.5535714285714286 0.07924107142857142 0.0625
13 0.8191964285714286 0.28348214285714285 0.08147321428571429 0.0625
13 0.7075892857142857 0.18080357142857142 0.09598214285714286 0.06919642857142858
13 0.7845982142857143 0.10602678571428571 0.09151785714285714 0.07254464285714286
13 0.7589285714285714 0.23772321428571427 0.09151785714285714 0.06696428571428571
13 0.9174107142857143 0.22991071428571427 0.08147321428571429 0.06696428571428571
13 0.8872767857142857 0.5055803571428571 0.08147321428571429 0.06473214285714286
13 0.9352678571428571 0.5848214285714286 0.07924107142857142 0.06696428571428571
13 0.8660714285714286 0.6127232142857143 0.07477678571428571 0.060267857142857144
13 0.9051339285714286 0.9642857142857143 0.09151785714285714 0.06696428571428571
13 0.2622767857142857 0.6651785714285714 0.09151785714285714 0.06919642857142858
13 0.171875 0.6138392857142857 0.08705357142857142 0.0625
13 0.10714285714285714 0.4877232142857143 0.08705357142857142 0.06696428571428571
13 0.5122767857142857 0.48549107142857145 0.08705357142857142 0.0625
12 0.23995535714285715 0.8582589285714286 0.024553571428571428 0.018973214285714284
12 0.25 0.8348214285714286 0.029017857142857144 0.018973214285714284
12 0.12388392857142858 0.8002232142857143 0.029017857142857144 0.018973214285714284
12 0.09151785714285714 0.8125 0.029017857142857144 0.021205357142857144
12 0.12946428571428573 0.8180803571428571 0.018973214285714284 0.018973214285714284
12 0.13058035714285715 0.9921875 0.024553571428571428 0.015625
12 0.5970982142857143 0.9787946428571429 0.024553571428571428 0.016741071428571428
12 0.6395089285714286 0.9274553571428571 0.024553571428571428 0.018973214285714284
12 0.6674107142857143 0.9308035714285714 0.018973214285714284 0.014508928571428572
12 0.7466517857142857 0.8939732142857143 0.029017857142857144 0.021205357142857144
12 0.7198660714285714 0.7176339285714286 0.033482142857142856 0.024553571428571428
12 0.6305803571428571 0.6763392857142857 0.029017857142857144 0.018973214285714284
12 0.5189732142857143 0.8158482142857143 0.018973214285714284 0.014508928571428572
12 0.5256696428571429 0.5948660714285714 0.029017857142857144 0.018973214285714284
12 0.3482142857142857 0.5267857142857143 0.021205357142857144 0.014508928571428572
12 0.22767857142857142 0.3872767857142857 0.029017857142857144 0.021205357142857144
12 0.018973214285714284 0.7220982142857143 0.018973214285714284 0.014508928571428572
12 0.08816964285714286 0.21205357142857142 0.024553571428571428 0.018973214285714284
12 0.04799107142857143 0.21875 0.024553571428571428 0.018973214285714284
12 0.015625 0.14620535714285715 0.018973214285714284 0.014508928571428572
12 0.020089285714285716 0.28236607142857145 0.024553571428571428 0.018973214285714284
12 0.4185267857142857 0.17299107142857142 0.024553571428571428 0.018973214285714284
12 0.40066964285714285 0.18638392857142858 0.018973214285714284 0.018973214285714284
12 0.5323660714285714 0.06696428571428571 0.024553571428571428 0.018973214285714284
12 0.5613839285714286 0.3872767857142857 0.026785714285714284 0.021205357142857144
13 0.8247767857142857 0.38392857142857145 0.08705357142857142 0.06696428571428571
13 0.9029017857142857 0.40736607142857145 0.07700892857142858 0.05803571428571429
13 0.9709821428571429 0.4732142857142857 0.05803571428571429 0.06696428571428571
13 0.7053571428571429 0.3638392857142857 0.07700892857142858 0.060267857142857144
13 0.6696428571428571 0.2935267857142857 0.08147321428571429 0.060267857142857144
13 0.7533482142857143 0.31361607142857145 0.07254464285714286 0.05803571428571429
13 0.6294642857142857 0.22321428571428573 0.08147321428571429 0.07700892857142858
13 0.5435267857142857 0.21428571428571427 0.08147321428571429 0.06696428571428571
13 0.5625 0.13616071428571427 0.07924107142857142 0.060267857142857144
15 0.34151785714285715 0.35267857142857145 0.07700892857142858 0.0625
13 0.21651785714285715 0.2689732142857143 0.07254464285714286 0.06473214285714286
13 0.17633928571428573 0.1875 0.08370535714285714 0.05803571428571429
14 0.11272321428571429 0.14620535714285715 0.04352678571428571 0.07254464285714286
13 0.15178571428571427 0.31026785714285715 0.07254464285714286 0.05803571428571429
13 0.12834821428571427 0.24553571428571427 0.09375 0.06696428571428571
13 0.28794642857142855 0.4017857142857143 0.07254464285714286 0.06696428571428571
13 0.3794642857142857 0.6651785714285714 0.07700892857142858 0.0625
13 0.4654017857142857 0.6383928571428571 0.09375 0.07254464285714286
13 0.5279017857142857 0.6919642857142857 0.08147321428571429 0.0625