17 0.71875 0.5089285714285714 0.11049107142857142 0.08705357142857142
17 0.8236607142857143 0.5982142857142857 0.11272321428571429 0.08147321428571429
17 0.6216517857142857 0.22209821428571427 0.10825892857142858 0.08705357142857142
17 0.7957589285714286 0.23549107142857142 0.10602678571428571 0.08705357142857142
17 0.75 0.13950892857142858 0.10602678571428571 0.07700892857142858
17 0.5837053571428571 0.08928571428571429 0.11272321428571429 0.08370535714285714
17 0.4029017857142857 0.12388392857142858 0.10044642857142858 0.08705357142857142
17 0.6852678571428571 0.9475446428571429 0.11049107142857142 0.08928571428571429
17 0.45089285714285715 0.8783482142857143 0.09375 0.06696428571428571
17 0.34933035714285715 0.8426339285714286 0.09598214285714286 0.06919642857142858
17 0.28013392857142855 0.6886160714285714 0.11830357142857142 0.07477678571428571
15 0.7756696428571429 0.4341517857142857 0.08147321428571429 0.0625
15 0.796875 0.8470982142857143 0.09375 0.08147321428571429
15 0.11383928571428571 0.484375 0.09151785714285714 0.06473214285714286
15 0.3247767857142857 0.22098214285714285 0.08705357142857142 0.06696428571428571
15 0.3404017857142857 0.29017857142857145 0.08705357142857142 0.07254464285714286
11 0.4486607142857143 0.40066964285714285 0.11272321428571429 0.07700892857142858
5 0.5602678571428571 0.32589285714285715 0.10602678571428571 0.09151785714285714
17 0.21875 0.35825892857142855 0.11272321428571429 0.07700892857142858
14 0.10714285714285714 0.29575892857142855 0.09151785714285714 0.06696428571428571
14 0.16071428571428573 0.9464285714285714 0.07924107142857142 0.07700892857142858
14 0.06473214285714286 0.6852678571428571 0.07700892857142858 0.052455357142857144
14 0.31138392857142855 0.08370535714285714 0.08705357142857142 0.09151785714285714
14 0.4341517857142857 0.08816964285714286 0.060267857142857144 0.05580357142857143
14 0.5435267857142857 0.14397321428571427 0.09375 0.06473214285714286
14 0.546875 0.4017857142857143 0.06473214285714286 0.0625
18 0.4888392857142857 0.8292410714285714 0.11495535714285714 0.06473214285714286
17 0.21428571428571427 0.9029017857142857 0.07700892857142858 0.07254464285714286
17 0.05357142857142857 0.9341517857142857 0.09821428571428571 0.08147321428571429
17 0.027901785714285716 0.8459821428571429 0.05580357142857143 0.07700892857142858
5 0.9207589285714286 0.8314732142857143 0.10602678571428571 0.07477678571428571
13 0.11160714285714286 0.7098214285714286 0.09151785714285714 0.06919642857142858
16 0.3091517857142857 0.9017857142857143 0.09151785714285714 0.07700892857142858
7 0.5212053571428571 0.9352678571428571 0.12946428571428573 0.08147321428571429
18 0.19642857142857142 0.14508928571428573 0.10044642857142858 0.07254464285714286
17 0.03125 0.10714285714285714 0.0625 0.07924107142857142
13 0.21316964285714285 0.6082589285714286 0.10044642857142858 0.07477678571428571
13 0.14285714285714285 0.5524553571428571 0.10825892857142858 0.07700892857142858
1 0.43973214285714285 0.6272321428571429 0.10602678571428571 0.06696428571428571
1 0.5725446428571429 0.5591517857142857 0.08705357142857142 0.08370535714285714