13 0.024553571428571428 0.5647321428571429 0.04799107142857143 0.1875
13 0.375 0.3705357142857143 0.34151785714285715 0.23325892857142858
13 0.10044642857142858 0.09933035714285714 0.20089285714285715 0.19866071428571427
13 0.16294642857142858 0.5580357142857143 0.2689732142857143 0.20200892857142858
13 0.125 0.31919642857142855 0.24553571428571427 0.23772321428571427
6 0.4029017857142857 0.265625 0.29129464285714285 0.25669642857142855
12 0.9006696428571429 0.24330357142857142 0.07924107142857142 0.06473214285714286
13 0.9252232142857143 0.3158482142857143 0.14955357142857142 0.24330357142857142
13 0.9375 0.5267857142857143 0.125 0.26450892857142855
3 0.7433035714285714 0.43526785714285715 0.38950892857142855 0.44754464285714285
13 0.6439732142857143 0.03794642857142857 0.19419642857142858 0.07589285714285714
13 0.9575892857142857 0.11383928571428571 0.08035714285714286 0.22767857142857142
13 0.6919642857142857 0.15625 0.25223214285714285 0.22879464285714285
3 0.3314732142857143 0.7287946428571429 0.4330357142857143 0.13950892857142858
13 0.9363839285714286 0.7522321428571429 0.12723214285714285 0.1875
13 0.8258928571428571 0.7477678571428571 0.1875 0.17522321428571427
3 0.7734375 0.8928571428571429 0.453125 0.21428571428571427
13 0.734375 0.6875 0.20424107142857142 0.05803571428571429