18 0.46763392857142855 0.5904017857142857 0.10044642857142858 0.07254464285714286
18 0.47544642857142855 0.8113839285714286 0.08928571428571429 0.08705357142857142
14 0.5223214285714286 0.234375 0.10044642857142858 0.06473214285714286
2 0.19196428571428573 0.5089285714285714 0.11495535714285714 0.060267857142857144
16 0.6930803571428571 0.12388392857142858 0.09821428571428571 0.0625
16 0.5691964285714286 0.04575892857142857 0.09598214285714286 0.07254464285714286
16 0.22321428571428573 0.9665178571428571 0.11495535714285714 0.06696428571428571
2 0.7533482142857143 0.16964285714285715 0.11495535714285714 0.052455357142857144
7 0.08816964285714286 0.30580357142857145 0.12053571428571429 0.09151785714285714
17 0.7823660714285714 0.8348214285714286 0.12053571428571429 0.08928571428571429
15 0.9029017857142857 0.9118303571428571 0.08705357142857142 0.07254464285714286