13 0.9441964285714286 0.7700892857142857 0.11049107142857142 0.28125
13 0.9620535714285714 0.9497767857142857 0.07589285714285714 0.09598214285714286
6 0.5 0.453125 0.40625 0.42745535714285715
13 0.5256696428571429 0.05580357142857143 0.19977678571428573 0.10602678571428571
13 0.11495535714285714 0.6551339285714286 0.22544642857142858 0.16852678571428573
13 0.03459821428571429 0.8180803571428571 0.06919642857142858 0.23549107142857142
13 0.23214285714285715 0.26004464285714285 0.26004464285714285 0.24776785714285715
13 0.8314732142857143 0.6941964285714286 0.22544642857142858 0.18973214285714285
13 0.7600446428571429 0.5691964285714286 0.19196428571428573 0.20424107142857142
13 0.9296875 0.5212053571428571 0.140625 0.22098214285714285
13 0.42075892857142855 0.15290178571428573 0.24330357142857142 0.19419642857142858
13 0.060267857142857144 0.27566964285714285 0.12053571428571429 0.19977678571428573
13 0.5100446428571429 0.9140625 0.21651785714285715 0.171875
13 0.4029017857142857 0.8113839285714286 0.22879464285714285 0.17745535714285715
13 0.5970982142857143 0.7354910714285714 0.22098214285714285 0.21205357142857142
13 0.16183035714285715 0.8895089285714286 0.20424107142857142 0.22098214285714285