18 0.5412946428571429 0.21205357142857142 0.12276785714285714 0.07254464285714286
14 0.8325892857142857 0.2622767857142857 0.08705357142857142 0.07477678571428571
14 0.7511160714285714 0.35267857142857145 0.052455357142857144 0.05803571428571429
16 0.0625 0.9151785714285714 0.10825892857142858 0.08705357142857142
17 0.18638392857142858 0.27232142857142855 0.11049107142857142 0.08705357142857142
17 0.171875 0.18303571428571427 0.11049107142857142 0.07700892857142858
17 0.6227678571428571 0.5066964285714286 0.10602678571428571 0.07924107142857142
17 0.6908482142857143 0.39955357142857145 0.08705357142857142 0.08147321428571429
7 0.6205357142857143 0.8883928571428571 0.12053571428571429 0.08928571428571429
7 0.47767857142857145 0.9397321428571429 0.12276785714285714 0.08705357142857142
16 0.26785714285714285 0.9051339285714286 0.09598214285714286 0.09598214285714286
7 0.26339285714285715 0.7957589285714286 0.11272321428571429 0.09151785714285714
7 0.30580357142857145 0.3705357142857143 0.12723214285714285 0.08147321428571429
7 0.13392857142857142 0.6595982142857143 0.11495535714285714 0.08370535714285714
7 0.9386160714285714 0.30357142857142855 0.11049107142857142 0.09151785714285714
7 0.6941964285714286 0.7087053571428571 0.11049107142857142 0.08370535714285714
7 0.35044642857142855 0.7455357142857143 0.10602678571428571 0.08147321428571429
7 0.078125 0.24441964285714285 0.10602678571428571 0.07924107142857142
5 0.3939732142857143 0.26339285714285715 0.09151785714285714 0.07254464285714286
11 0.5714285714285714 0.30245535714285715 0.11272321428571429 0.07700892857142858
11 0.6919642857142857 0.09486607142857142 0.11495535714285714 0.07254464285714286
7 0.7098214285714286 0.22544642857142858 0.11495535714285714 0.08705357142857142
13 0.8214285714285714 0.9051339285714286 0.09151785714285714 0.06696428571428571
5 0.7857142857142857 0.4174107142857143 0.09598214285714286 0.07477678571428571
12 0.6964285714285714 0.4888392857142857 0.03794642857142857 0.026785714285714284
12 0.9207589285714286 0.06696428571428571 0.029017857142857144 0.021205357142857144
12 0.6651785714285714 0.65625 0.024553571428571428 0.021205357142857144
12 0.6685267857142857 0.9464285714285714 0.029017857142857144 0.024553571428571428