18 0.5368303571428571 0.33370535714285715 0.08147321428571429 0.11495535714285714
14 0.65625 0.34151785714285715 0.052455357142857144 0.07254464285714286
14 0.5881696428571429 0.23995535714285715 0.05580357142857143 0.07477678571428571
14 0.921875 0.15625 0.052455357142857144 0.07254464285714286
14 0.6506696428571429 0.14285714285714285 0.04575892857142857 0.06696428571428571
18 0.4107142857142857 0.44642857142857145 0.07700892857142858 0.11272321428571429
18 0.7633928571428571 0.7834821428571429 0.08370535714285714 0.12276785714285714
13 0.140625 0.6104910714285714 0.07700892857142858 0.11272321428571429
18 0.8761160714285714 0.45982142857142855 0.07700892857142858 0.11272321428571429
14 0.875 0.39620535714285715 0.041294642857142856 0.07254464285714286
5 0.8995535714285714 0.9252232142857143 0.07700892857142858 0.11272321428571429
5 0.14174107142857142 0.9352678571428571 0.07700892857142858 0.11272321428571429
5 0.34933035714285715 0.8537946428571429 0.07700892857142858 0.11272321428571429
5 0.5982142857142857 0.5658482142857143 0.09151785714285714 0.12276785714285714
5 0.7756696428571429 0.2935267857142857 0.07700892857142858 0.11272321428571429
12 0.6517857142857143 0.7142857142857143 0.033482142857142856 0.041294642857142856
12 0.42857142857142855 0.6227678571428571 0.024553571428571428 0.033482142857142856