7 0.5926339285714286 0.7868303571428571 0.08705357142857142 0.11272321428571429
7 0.5569196428571429 0.9497767857142857 0.09375 0.10044642857142858
7 0.5680803571428571 0.4966517857142857 0.09598214285714286 0.11272321428571429
7 0.48325892857142855 0.22098214285714285 0.09375 0.11272321428571429
7 0.8024553571428571 0.08147321428571429 0.09598214285714286 0.12946428571428573
7 0.6205357142857143 0.3549107142857143 0.08147321428571429 0.12946428571428573
7 0.7979910714285714 0.6674107142857143 0.08705357142857142 0.11272321428571429
7 0.9587053571428571 0.5680803571428571 0.07700892857142858 0.11272321428571429
17 0.4029017857142857 0.84375 0.08705357142857142 0.11272321428571429
17 0.3950892857142857 0.6138392857142857 0.09151785714285714 0.11272321428571429
17 0.20424107142857142 0.15848214285714285 0.08705357142857142 0.11495535714285714
17 0.6908482142857143 0.8024553571428571 0.10044642857142858 0.12723214285714285