13 0.8816964285714286 0.18303571428571427 0.08705357142857142 0.06696428571428571
5 0.36830357142857145 0.8482142857142857 0.08370535714285714 0.060267857142857144
5 0.36941964285714285 0.5424107142857143 0.07700892857142858 0.07477678571428571
16 0.9598214285714286 0.20647321428571427 0.07924107142857142 0.07700892857142858
16 0.8069196428571429 0.23995535714285715 0.10044642857142858 0.06919642857142858
16 0.828125 0.41629464285714285 0.09151785714285714 0.07254464285714286
16 0.7254464285714286 0.37276785714285715 0.09821428571428571 0.07254464285714286
16 0.7845982142857143 0.515625 0.09151785714285714 0.06696428571428571
16 0.5167410714285714 0.4955357142857143 0.10044642857142858 0.07254464285714286
16 0.265625 0.21763392857142858 0.09598214285714286 0.07700892857142858
16 0.125 0.20758928571428573 0.11272321428571429 0.07700892857142858
16 0.04017857142857143 0.17745535714285715 0.07924107142857142 0.06696428571428571
16 0.07366071428571429 0.31138392857142855 0.09151785714285714 0.06696428571428571
16 0.30691964285714285 0.029017857142857144 0.10044642857142858 0.05803571428571429
16 0.2767857142857143 0.5636160714285714 0.09375 0.06696428571428571
16 0.28348214285714285 0.6372767857142857 0.09375 0.06696428571428571
16 0.19084821428571427 0.7633928571428571 0.10379464285714286 0.06919642857142858
16 0.04575892857142857 0.5479910714285714 0.09151785714285714 0.06919642857142858
16 0.18973214285714285 0.8705357142857143 0.09598214285714286 0.06919642857142858
16 0.10714285714285714 0.7979910714285714 0.09375 0.07477678571428571
16 0.5457589285714286 0.6395089285714286 0.09151785714285714 0.06696428571428571
5 0.6383928571428571 0.6205357142857143 0.08705357142857142 0.07700892857142858
16 0.9084821428571429 0.6127232142857143 0.11272321428571429 0.07700892857142858
16 0.5982142857142857 0.9051339285714286 0.09821428571428571 0.06919642857142858
16 0.5089285714285714 0.05133928571428571 0.09821428571428571 0.06696428571428571
13 0.26785714285714285 0.421875 0.08705357142857142 0.06696428571428571
16 0.35044642857142855 0.19977678571428573 0.09151785714285714 0.06696428571428571
16 0.07589285714285714 0.6875 0.09598214285714286 0.06696428571428571
16 0.04241071428571429 0.8426339285714286 0.08147321428571429 0.07254464285714286
16 0.41629464285714285 0.6607142857142857 0.09151785714285714 0.06696428571428571
13 0.5167410714285714 0.12276785714285714 0.09151785714285714 0.06696428571428571
13 0.43861607142857145 0.8069196428571429 0.09151785714285714 0.06473214285714286
13 0.59375 0.5491071428571429 0.08705357142857142 0.06473214285714286
13 0.7154017857142857 0.5792410714285714 0.08705357142857142 0.07254464285714286
13 0.5613839285714286 0.2544642857142857 0.09375 0.07254464285714286
13 0.6450892857142857 0.31473214285714285 0.09598214285714286 0.06696428571428571
5 0.5435267857142857 0.3404017857142857 0.11272321428571429 0.07700892857142858
13 0.19419642857142858 0.37611607142857145 0.10044642857142858 0.07477678571428571
13 0.32924107142857145 0.7857142857142857 0.09375 0.0625