2 0.4642857142857143 0.7901785714285714 0.07924107142857142 0.11272321428571429
2 0.35379464285714285 0.5602678571428571 0.07924107142857142 0.11272321428571429
2 0.9341517857142857 0.5223214285714286 0.07924107142857142 0.11272321428571429
2 0.4642857142857143 0.41183035714285715 0.09821428571428571 0.13727678571428573
2 0.6049107142857143 0.3716517857142857 0.07924107142857142 0.11272321428571429
2 0.8872767857142857 0.3549107142857143 0.07924107142857142 0.11272321428571429
2 0.3950892857142857 0.3404017857142857 0.08370535714285714 0.125
2 0.03571428571428571 0.171875 0.07142857142857142 0.11160714285714286
2 0.21986607142857142 0.13839285714285715 0.08928571428571429 0.13169642857142858
2 0.35379464285714285 0.11941964285714286 0.08928571428571429 0.12723214285714285
2 0.9497767857142857 0.125 0.07924107142857142 0.11272321428571429
2 0.49330357142857145 0.10491071428571429 0.08705357142857142 0.125
14 0.29017857142857145 0.7533482142857143 0.07254464285714286 0.10044642857142858
14 0.6819196428571429 0.8013392857142857 0.060267857142857144 0.08705357142857142
14 0.7287946428571429 0.7087053571428571 0.0625 0.07924107142857142