17 0.10267857142857142 0.7823660714285714 0.09151785714285714 0.06919642857142858
17 0.19754464285714285 0.40736607142857145 0.10044642857142858 0.07700892857142858
17 0.22991071428571427 0.7154017857142857 0.11495535714285714 0.08147321428571429
17 0.5245535714285714 0.19196428571428573 0.11495535714285714 0.08370535714285714
17 0.7633928571428571 0.07142857142857142 0.10044642857142858 0.08147321428571429
17 0.28794642857142855 0.6350446428571429 0.09375 0.07254464285714286
7 0.07366071428571429 0.5982142857142857 0.11495535714285714 0.08147321428571429
7 0.49441964285714285 0.8537946428571429 0.11272321428571429 0.07700892857142858
17 0.6149553571428571 0.3560267857142857 0.09598214285714286 0.07254464285714286
17 0.4095982142857143 0.26004464285714285 0.09151785714285714 0.06696428571428571
14 0.5 0.39955357142857145 0.0625 0.04799107142857143
8 0.7075892857142857 0.6037946428571429 0.08705357142857142 0.06696428571428571
7 0.3080357142857143 0.8470982142857143 0.10602678571428571 0.07924107142857142
11 0.5770089285714286 0.6964285714285714 0.10044642857142858 0.05803571428571429
18 0.6316964285714286 0.7723214285714286 0.10602678571428571 0.09151785714285714
1 0.20647321428571427 0.7834821428571429 0.09598214285714286 0.07924107142857142
14 0.23102678571428573 0.5736607142857143 0.11049107142857142 0.04352678571428571
1 0.7131696428571429 0.3169642857142857 0.07924107142857142 0.0625
8 0.7120535714285714 0.31808035714285715 0.07700892857142858 0.05803571428571429
11 0.8537946428571429 0.41964285714285715 0.12053571428571429 0.05803571428571429
11 0.7287946428571429 0.7120535714285714 0.10044642857142858 0.08928571428571429
12 0.7087053571428571 0.5245535714285714 0.041294642857142856 0.033482142857142856
15 0.25223214285714285 0.2924107142857143 0.08705357142857142 0.0625
18 0.17075892857142858 0.19866071428571427 0.09151785714285714 0.08370535714285714