9 0.19642857142857142 0.18973214285714285 0.39174107142857145 0.3794642857142857
13 0.7254464285714286 0.5524553571428571 0.21651785714285715 0.052455357142857144
13 0.5982142857142857 0.5345982142857143 0.12053571428571429 0.08928571428571429
13 0.7332589285714286 0.060267857142857144 0.21205357142857142 0.12053571428571429
13 0.7991071428571429 0.23883928571428573 0.20200892857142858 0.20870535714285715
13 0.9073660714285714 0.09263392857142858 0.18526785714285715 0.18526785714285715
13 0.6506696428571429 0.46205357142857145 0.22321428571428573 0.23549107142857142
6 0.8950892857142857 0.39955357142857145 0.20870535714285715 0.36049107142857145
13 0.06919642857142858 0.71875 0.13839285714285715 0.28125
13 0.4810267857142857 0.7142857142857143 0.11495535714285714 0.22544642857142858
13 0.049107142857142856 0.7633928571428571 0.09821428571428571 0.18973214285714285
6 0.34486607142857145 0.8738839285714286 0.3872767857142857 0.25223214285714285
13 0.38058035714285715 0.7087053571428571 0.23325892857142858 0.20870535714285715
13 0.20758928571428573 0.78125 0.23772321428571427 0.21205357142857142
6 0.7477678571428571 0.8247767857142857 0.4185267857142857 0.35044642857142855