13 0.25111607142857145 0.03571428571428571 0.19419642857142858 0.07142857142857142
13 0.8404017857142857 0.9743303571428571 0.14174107142857142 0.05022321428571429
13 0.7845982142857143 0.38169642857142855 0.125 0.13727678571428573
13 0.7131696428571429 0.9799107142857143 0.23102678571428573 0.03571428571428571
13 0.24107142857142858 0.9799107142857143 0.25669642857142855 0.03571428571428571
13 0.5714285714285714 0.03794642857142857 0.23660714285714285 0.07589285714285714
13 0.6618303571428571 0.19419642857142858 0.18973214285714285 0.27901785714285715
13 0.044642857142857144 0.3470982142857143 0.08370535714285714 0.27120535714285715
13 0.14397321428571427 0.09933035714285714 0.2544642857142857 0.18526785714285715
13 0.8549107142857143 0.09040178571428571 0.23102678571428573 0.18080357142857142
13 0.9073660714285714 0.36607142857142855 0.18080357142857142 0.22879464285714285
13 0.23102678571428573 0.6216517857142857 0.23995535714285715 0.20424107142857142
13 0.9162946428571429 0.8147321428571429 0.16294642857142858 0.19754464285714285
13 0.10491071428571429 0.8270089285714286 0.20424107142857142 0.20424107142857142
13 0.8214285714285714 0.6439732142857143 0.20870535714285715 0.22879464285714285
3 0.4966517857142857 0.4654017857142857 0.37276785714285715 0.375