3 0.13950892857142858 0.3236607142857143 0.27901785714285715 0.20870535714285715
13 0.44642857142857145 0.34151785714285715 0.07477678571428571 0.17299107142857142
13 0.6037946428571429 0.30357142857142855 0.32700892857142855 0.24776785714285715
0 0.7946428571428571 0.20870535714285715 0.4107142857142857 0.4174107142857143
13 0.90625 0.36607142857142855 0.1875 0.12276785714285714
13 0.5301339285714286 0.13058035714285715 0.24330357142857142 0.2611607142857143
13 0.29799107142857145 0.4799107142857143 0.22098214285714285 0.10379464285714286
13 0.22544642857142858 0.453125 0.27455357142857145 0.05022321428571429
13 0.15848214285714285 0.9285714285714286 0.27455357142857145 0.14174107142857142
13 0.36495535714285715 0.5881696428571429 0.08705357142857142 0.29129464285714285
3 0.20424107142857142 0.6897321428571429 0.40848214285714285 0.5245535714285714
13 0.3404017857142857 0.8325892857142857 0.13727678571428573 0.30580357142857145
13 0.3080357142857143 0.9609375 0.20089285714285715 0.078125
0 0.6450892857142857 0.6495535714285714 0.4732142857142857 0.4419642857142857