18 0.17522321428571427 0.5167410714285714 0.13169642857142858 0.05580357142857143
18 0.30357142857142855 0.46875 0.08705357142857142 0.04799107142857143
18 0.36160714285714285 0.8191964285714286 0.11049107142857142 0.04799107142857143
18 0.5122767857142857 0.9508928571428571 0.08705357142857142 0.09151785714285714
18 0.6741071428571429 0.7075892857142857 0.08705357142857142 0.07924107142857142
18 0.9341517857142857 0.6930803571428571 0.08147321428571429 0.07924107142857142
18 0.24107142857142858 0.703125 0.11272321428571429 0.07924107142857142
18 0.5848214285714286 0.20870535714285715 0.08147321428571429 0.04352678571428571
18 0.2689732142857143 0.056919642857142856 0.11272321428571429 0.07700892857142858
14 0.10267857142857142 0.33370535714285715 0.11272321428571429 0.07700892857142858
14 0.36495535714285715 0.45200892857142855 0.04352678571428571 0.07254464285714286
14 0.109375 0.6830357142857143 0.08147321428571429 0.052455357142857144
14 0.08816964285714286 0.7645089285714286 0.07700892857142858 0.04575892857142857
14 0.40401785714285715 0.7053571428571429 0.07254464285714286 0.052455357142857144
14 0.3783482142857143 0.8928571428571429 0.0625 0.04799107142857143
14 0.8136160714285714 0.8504464285714286 0.08147321428571429 0.04352678571428571
14 0.9006696428571429 0.5881696428571429 0.07254464285714286 0.04799107142857143
14 0.6830357142857143 0.5100446428571429 0.08705357142857142 0.05022321428571429
14 0.8850446428571429 0.38392857142857145 0.06696428571428571 0.07254464285714286
18 0.42410714285714285 0.39620535714285715 0.07700892857142858 0.052455357142857144
18 0.3404017857142857 0.1875 0.07254464285714286 0.04799107142857143
18 0.044642857142857144 0.11383928571428571 0.08928571428571429 0.10602678571428571
12 0.6919642857142857 0.31138392857142855 0.024553571428571428 0.021205357142857144
17 0.5200892857142857 0.5848214285714286 0.08705357142857142 0.06696428571428571
18 0.4654017857142857 0.5602678571428571 0.07700892857142858 0.06473214285714286
12 0.12276785714285714 0.9397321428571429 0.029017857142857144 0.018973214285714284
14 0.33370535714285715 0.26339285714285715 0.07700892857142858 0.05803571428571429
16 0.14397321428571427 0.5982142857142857 0.08147321428571429 0.06696428571428571
16 0.453125 0.07254464285714286 0.09151785714285714 0.06696428571428571
18 0.6495535714285714 0.29575892857142855 0.07254464285714286 0.07924107142857142
18 0.8303571428571429 0.18526785714285715 0.09821428571428571 0.08147321428571429
17 0.9654017857142857 0.140625 0.06696428571428571 0.08370535714285714
13 0.25223214285714285 0.84375 0.08705357142857142 0.06473214285714286