12 0.37388392857142855 0.12723214285714285 0.06696428571428571 0.07924107142857142
3 0.18080357142857142 0.30580357142857145 0.36049107142857145 0.36495535714285715
13 0.4732142857142857 0.13058035714285715 0.052455357142857144 0.24330357142857142
13 0.390625 0.052455357142857144 0.21875 0.10491071428571429
13 0.3794642857142857 0.4486607142857143 0.23995535714285715 0.07924107142857142
13 0.17633928571428573 0.052455357142857144 0.26785714285714285 0.10491071428571429
13 0.39285714285714285 0.28348214285714285 0.21428571428571427 0.24553571428571427
13 0.5323660714285714 0.43191964285714285 0.06473214285714286 0.11272321428571429
3 0.7779017857142857 0.13839285714285715 0.44419642857142855 0.2767857142857143
13 0.6607142857142857 0.40736607142857145 0.23995535714285715 0.16071428571428573
13 0.5725446428571429 0.265625 0.14397321428571427 0.2622767857142857
13 0.9497767857142857 0.39174107142857145 0.10044642857142858 0.19196428571428573
13 0.125 0.9375 0.21205357142857142 0.125
12 0.29575892857142855 0.7087053571428571 0.09821428571428571 0.10602678571428571
13 0.12053571428571429 0.6216517857142857 0.23995535714285715 0.26674107142857145
3 0.390625 0.71875 0.21875 0.46205357142857145
13 0.3872767857142857 0.9508928571428571 0.22544642857142858 0.09821428571428571
3 0.30580357142857145 0.5412946428571429 0.38950892857142855 0.10602678571428571
3 0.6674107142857143 0.6919642857142857 0.33370535714285715 0.40848214285714285