7 0.5926339285714286 0.21316964285714285 0.08705357142857142 0.11272321428571429
7 0.5569196428571429 0.05022321428571429 0.09375 0.10044642857142858
7 0.5680803571428571 0.5033482142857143 0.09598214285714286 0.11272321428571429
7 0.48325892857142855 0.7790178571428571 0.09375 0.11272321428571429
7 0.8024553571428571 0.9185267857142857 0.09598214285714286 0.12946428571428573
7 0.6205357142857143 0.6450892857142857 0.08147321428571429 0.12946428571428573
7 0.7979910714285714 0.3325892857142857 0.08705357142857142 0.11272321428571429
7 0.9587053571428571 0.43191964285714285 0.07700892857142858 0.11272321428571429
17 0.4029017857142857 0.15625 0.08705357142857142 0.11272321428571429
17 0.3950892857142857 0.3861607142857143 0.09151785714285714 0.11272321428571429
17 0.20424107142857142 0.8415178571428571 0.08705357142857142 0.11495535714285714
17 0.6908482142857143 0.19754464285714285 0.10044642857142858 0.12723214285714285