18 0.15848214285714285 0.12388392857142858 0.09375 0.09151785714285714
16 0.7131696428571429 0.4799107142857143 0.07924107142857142 0.11272321428571429
1 0.265625 0.4174107142857143 0.07924107142857142 0.11272321428571429
13 0.4174107142857143 0.6049107142857143 0.07924107142857142 0.11272321428571429
13 0.4799107142857143 0.6216517857142857 0.07924107142857142 0.11272321428571429
13 0.4174107142857143 0.6897321428571429 0.07924107142857142 0.11272321428571429
11 0.6216517857142857 0.5825892857142857 0.07924107142857142 0.11272321428571429
11 0.7924107142857143 0.6941964285714286 0.07700892857142858 0.08370535714285714
13 0.6763392857142857 0.6651785714285714 0.07924107142857142 0.11272321428571429
1 0.6941964285714286 0.34375 0.07924107142857142 0.11272321428571429
13 0.18973214285714285 0.9542410714285714 0.07700892857142858 0.09151785714285714
13 0.03794642857142857 0.9542410714285714 0.07589285714285714 0.09151785714285714
13 0.7756696428571429 0.9375 0.07924107142857142 0.11272321428571429
13 0.4888392857142857 0.7667410714285714 0.07924107142857142 0.11272321428571429
13 0.2935267857142857 0.7533482142857143 0.07924107142857142 0.11272321428571429
13 0.025669642857142856 0.7511160714285714 0.05022321428571429 0.11272321428571429
13 0.6662946428571429 0.7533482142857143 0.07924107142857142 0.11272321428571429
13 0.2622767857142857 0.6618303571428571 0.07924107142857142 0.11272321428571429
13 0.75 0.5848214285714286 0.07924107142857142 0.11272321428571429
13 0.38058035714285715 0.5256696428571429 0.07924107142857142 0.11272321428571429
13 0.53125 0.5223214285714286 0.07924107142857142 0.11272321428571429
13 0.6495535714285714 0.5167410714285714 0.07924107142857142 0.11272321428571429
13 0.5747767857142857 0.36941964285714285 0.07924107142857142 0.11272321428571429
13 0.19308035714285715 0.3638392857142857 0.07924107142857142 0.11272321428571429
13 0.3013392857142857 0.3549107142857143 0.07924107142857142 0.11272321428571429
13 0.36830357142857145 0.3560267857142857 0.07924107142857142 0.11272321428571429
13 0.96875 0.2689732142857143 0.0625 0.11272321428571429
13 0.024553571428571428 0.15401785714285715 0.04799107142857143 0.11272321428571429
8 0.5412946428571429 0.03794642857142857 0.078125 0.07589285714285714
8 0.4486607142857143 0.04017857142857143 0.07924107142857142 0.07924107142857142
13 0.05133928571428571 0.04799107142857143 0.07924107142857142 0.09598214285714286
18 0.4341517857142857 0.9118303571428571 0.07924107142857142 0.11272321428571429
1 0.3091517857142857 0.9497767857142857 0.07924107142857142 0.10044642857142858
13 0.08705357142857142 0.32700892857142855 0.0625 0.09598214285714286
13 0.04352678571428571 0.25223214285714285 0.07924107142857142 0.11272321428571429
13 0.14508928571428573 0.19084821428571427 0.07700892857142858 0.11272321428571429
13 0.19308035714285715 0.23883928571428573 0.07924107142857142 0.11272321428571429
13 0.33816964285714285 0.23549107142857142 0.07700892857142858 0.11272321428571429
13 0.30245535714285715 0.14508928571428573 0.07924107142857142 0.11272321428571429
1 0.2265625 0.05133928571428571 0.078125 0.10267857142857142
13 0.3627232142857143 0.08258928571428571 0.07924107142857142 0.11272321428571429
13 0.6495535714285714 0.23102678571428573 0.07924107142857142 0.11272321428571429
13 0.703125 0.23772321428571427 0.07924107142857142 0.11272321428571429
13 0.7142857142857143 0.060267857142857144 0.07924107142857142 0.11272321428571429
13 0.6417410714285714 0.08816964285714286 0.07700892857142858 0.11272321428571429
13 0.78125 0.23325892857142858 0.07924107142857142 0.11272321428571429
13 0.7779017857142857 0.30357142857142855 0.07924107142857142 0.11272321428571429
13 0.6205357142857143 0.6841517857142857 0.07924107142857142 0.11272321428571429
13 0.5479910714285714 0.6685267857142857 0.07924107142857142 0.11272321428571429
13 0.25558035714285715 0.8839285714285714 0.07924107142857142 0.11272321428571429
13 0.42075892857142855 0.8292410714285714 0.07924107142857142 0.08705357142857142
13 0.3482142857142857 0.8526785714285714 0.07924107142857142 0.11272321428571429
13 0.32700892857142855 0.5814732142857143 0.07924107142857142 0.11272321428571429
13 0.2857142857142857 0.5033482142857143 0.07924107142857142 0.11272321428571429
13 0.43861607142857145 0.46316964285714285 0.07924107142857142 0.11272321428571429
13 0.4330357142857143 0.40401785714285715 0.07924107142857142 0.07700892857142858
13 0.5100446428571429 0.43526785714285715 0.07924107142857142 0.11272321428571429
13 0.9341517857142857 0.8470982142857143 0.07924107142857142 0.11272321428571429
13 0.8872767857142857 0.8694196428571429 0.07924107142857142 0.11272321428571429
13 0.90625 0.7533482142857143 0.07924107142857142 0.11272321428571429
13 0.875 0.9464285714285714 0.08035714285714286 0.10714285714285714
13 0.7064732142857143 0.9084821428571429 0.07924107142857142 0.11272321428571429
13 0.625 0.90625 0.07924107142857142 0.11272321428571429
13 0.5736607142857143 0.9497767857142857 0.07924107142857142 0.10044642857142858
13 0.9575892857142857 0.5881696428571429 0.07924107142857142 0.11272321428571429
13 0.9430803571428571 0.4877232142857143 0.07924107142857142 0.11272321428571429
13 0.8738839285714286 0.48549107142857145 0.07924107142857142 0.11272321428571429
13 0.8738839285714286 0.5792410714285714 0.07924107142857142 0.11272321428571429
13 0.9676339285714286 0.40848214285714285 0.06473214285714286 0.11272321428571429
13 0.9207589285714286 0.30691964285714285 0.07924107142857142 0.11272321428571429
13 0.11941964285714286 0.7243303571428571 0.07924107142857142 0.11272321428571429
13 0.03794642857142857 0.8258928571428571 0.07589285714285714 0.11160714285714286
13 0.17522321428571427 0.7924107142857143 0.07924107142857142 0.11272321428571429
13 0.18415178571428573 0.7131696428571429 0.07700892857142858 0.11272321428571429
13 0.18861607142857142 0.6194196428571429 0.07924107142857142 0.11272321428571429
13 0.22879464285714285 0.5435267857142857 0.07700892857142858 0.11272321428571429
13 0.029017857142857144 0.49441964285714285 0.05803571428571429 0.11272321428571429
13 0.59375 0.19866071428571427 0.07924107142857142 0.11272321428571429
13 0.5479910714285714 0.2689732142857143 0.07924107142857142 0.11272321428571429
13 0.49888392857142855 0.3560267857142857 0.07700892857142858 0.11272321428571429
13 0.8794642857142857 0.07700892857142858 0.07924107142857142 0.11272321428571429
13 0.953125 0.13727678571428573 0.07924107142857142 0.11272321428571429
17 0.8805803571428571 0.3939732142857143 0.07924107142857142 0.11272321428571429
17 0.11272321428571429 0.9229910714285714 0.07700892857142858 0.11272321428571429
16 0.14174107142857142 0.4720982142857143 0.07924107142857142 0.11272321428571429
16 0.48660714285714285 0.24665178571428573 0.07924107142857142 0.09598214285714286
17 0.43861607142857145 0.08928571428571429 0.07924107142857142 0.09151785714285714
17 0.9709821428571429 0.04575892857142857 0.05803571428571429 0.09151785714285714
13 0.7354910714285714 0.13950892857142858 0.07924107142857142 0.11272321428571429
13 0.9207589285714286 0.21651785714285715 0.07924107142857142 0.11272321428571429
13 0.7912946428571429 0.10491071428571429 0.07924107142857142 0.11272321428571429
14 0.84375 0.23549107142857142 0.07924107142857142 0.11272321428571429
13 0.7377232142857143 0.40848214285714285 0.07924107142857142 0.11272321428571429
8 0.6473214285714286 0.9754464285714286 0.07924107142857142 0.04799107142857143