17 0.6964285714285714 0.07477678571428571 0.11272321428571429 0.07700892857142858
17 0.4252232142857143 0.27566964285714285 0.11272321428571429 0.07700892857142858
17 0.8136160714285714 0.6004464285714286 0.11272321428571429 0.08928571428571429
17 0.7912946428571429 0.7276785714285714 0.11272321428571429 0.07924107142857142
17 0.49888392857142855 0.8816964285714286 0.11272321428571429 0.08147321428571429
5 0.40736607142857145 0.40401785714285715 0.11272321428571429 0.08147321428571429
7 0.46651785714285715 0.19866071428571427 0.125 0.09151785714285714
17 0.28013392857142855 0.5814732142857143 0.12946428571428573 0.08147321428571429
7 0.9185267857142857 0.06696428571428571 0.10602678571428571 0.08147321428571429
13 0.8102678571428571 0.32142857142857145 0.11049107142857142 0.08705357142857142
13 0.8270089285714286 0.4419642857142857 0.10044642857142858 0.07477678571428571
13 0.21986607142857142 0.32142857142857145 0.11049107142857142 0.08147321428571429
13 0.45535714285714285 0.5290178571428571 0.10044642857142858 0.08147321428571429
7 0.7276785714285714 0.6573660714285714 0.11272321428571429 0.08928571428571429
13 0.7310267857142857 0.5 0.11272321428571429 0.07700892857142858
13 0.18191964285714285 0.875 0.11272321428571429 0.08147321428571429
7 0.5993303571428571 0.37276785714285715 0.10602678571428571 0.07477678571428571
17 0.5636160714285714 0.27901785714285715 0.10044642857142858 0.08147321428571429
12 0.20982142857142858 0.14732142857142858 0.029017857142857144 0.018973214285714284
12 0.21986607142857142 0.12053571428571429 0.04352678571428571 0.033482142857142856
12 0.23883928571428573 0.140625 0.029017857142857144 0.03125