13 0.6037946428571429 0.4810267857142857 0.11049107142857142 0.21651785714285715
13 0.46316964285714285 0.42410714285714285 0.27901785714285715 0.26450892857142855
12 0.125 0.5379464285714286 0.16294642857142858 0.10044642857142858
13 0.4966517857142857 0.5357142857142857 0.25223214285714285 0.10602678571428571
3 0.23883928571428573 0.26674107142857145 0.47767857142857145 0.5334821428571429
13 0.28794642857142855 0.5334821428571429 0.26004464285714285 0.11049107142857142
13 0.4174107142857143 0.06919642857142858 0.29910714285714285 0.13839285714285715
13 0.025669642857142856 0.43973214285714285 0.05022321428571429 0.19196428571428573
13 0.5926339285714286 0.12723214285714285 0.13169642857142858 0.2544642857142857
0 0.9375 0.22991071428571427 0.125 0.45870535714285715
9 0.26339285714285715 0.7767857142857143 0.5267857142857143 0.375
9 0.9040178571428571 0.8247767857142857 0.19196428571428573 0.35044642857142855