12 0.48214285714285715 0.921875 0.029017857142857144 0.033482142857142856
12 0.8705357142857143 0.5044642857142857 0.029017857142857144 0.041294642857142856
12 0.13950892857142858 0.9118303571428571 0.029017857142857144 0.04352678571428571
12 0.10602678571428571 0.7600446428571429 0.03794642857142857 0.04799107142857143
12 0.5424107142857143 0.6629464285714286 0.026785714285714284 0.03794642857142857
12 0.43526785714285715 0.4174107142857143 0.018973214285714284 0.033482142857142856
12 0.4955357142857143 0.41629464285714285 0.026785714285714284 0.03125
12 0.5446428571428571 0.3560267857142857 0.026785714285714284 0.03794642857142857
12 0.6529017857142857 0.22879464285714285 0.024553571428571428 0.04352678571428571
12 0.6439732142857143 0.11607142857142858 0.024553571428571428 0.04799107142857143
12 0.39955357142857145 0.10379464285714286 0.024553571428571428 0.03571428571428571
17 0.8102678571428571 0.8627232142857143 0.06696428571428571 0.08147321428571429
17 0.38169642857142855 0.29575892857142855 0.06696428571428571 0.08705357142857142
16 0.7723214285714286 0.25223214285714285 0.06696428571428571 0.09598214285714286
5 0.7845982142857143 0.10825892857142858 0.0625 0.10602678571428571
11 0.4642857142857143 0.6450892857142857 0.07254464285714286 0.09375