17 0.5625 0.6361607142857143 0.11272321428571429 0.07700892857142858
17 0.38950892857142855 0.5904017857142857 0.11272321428571429 0.07700892857142858
17 0.4174107142857143 0.7712053571428571 0.11272321428571429 0.07700892857142858
17 0.7209821428571429 0.8158482142857143 0.11272321428571429 0.07700892857142858
17 0.8214285714285714 0.7466517857142857 0.10044642857142858 0.07254464285714286
17 0.7834821428571429 0.6841517857142857 0.11272321428571429 0.07700892857142858
17 0.9430803571428571 0.7154017857142857 0.11272321428571429 0.07700892857142858
17 0.8069196428571429 0.9051339285714286 0.11272321428571429 0.07700892857142858
17 0.24107142857142858 0.15178571428571427 0.11272321428571429 0.07700892857142858
17 0.39174107142857145 0.2611607142857143 0.11272321428571429 0.07700892857142858
17 0.5959821428571429 0.3247767857142857 0.11272321428571429 0.07700892857142858
17 0.8091517857142857 0.08147321428571429 0.11272321428571429 0.07700892857142858
17 0.5401785714285714 0.37723214285714285 0.11272321428571429 0.07700892857142858
17 0.34933035714285715 0.37388392857142855 0.11272321428571429 0.07700892857142858
17 0.19642857142857142 0.3314732142857143 0.11272321428571429 0.07700892857142858
17 0.17299107142857142 0.4564732142857143 0.11272321428571429 0.07700892857142858
17 0.12165178571428571 0.7433035714285714 0.11272321428571429 0.07700892857142858
16 0.15848214285714285 0.8404017857142857 0.11272321428571429 0.07700892857142858
17 0.27566964285714285 0.9598214285714286 0.11272321428571429 0.07924107142857142
14 0.8928571428571429 0.08928571428571429 0.07254464285714286 0.0625
14 0.515625 0.24776785714285715 0.07700892857142858 0.07254464285714286
5 0.17633928571428573 0.07366071428571429 0.11272321428571429 0.07700892857142858
5 0.6685267857142857 0.5111607142857143 0.09821428571428571 0.07254464285714286
7 0.7712053571428571 0.44754464285714285 0.11272321428571429 0.07700892857142858
11 0.9006696428571429 0.9575892857142857 0.11272321428571429 0.0625
8 0.8247767857142857 0.15625 0.11272321428571429 0.07700892857142858
5 0.6618303571428571 0.27901785714285715 0.10379464285714286 0.07254464285714286
8 0.31919642857142855 0.13839285714285715 0.08928571428571429 0.07254464285714286
8 0.9029017857142857 0.5279017857142857 0.07700892857142858 0.0625
16 0.8694196428571429 0.5758928571428571 0.09375 0.06696428571428571
17 0.9241071428571429 0.8314732142857143 0.09821428571428571 0.07477678571428571
11 0.36830357142857145 0.8292410714285714 0.11272321428571429 0.07924107142857142
5 0.056919642857142856 0.6819196428571429 0.11272321428571429 0.07924107142857142
15 0.08035714285714286 0.056919642857142856 0.10602678571428571 0.06696428571428571