9 0.24441964285714285 0.16964285714285715 0.22879464285714285 0.25669642857142855
3 0.6116071428571429 0.17857142857142858 0.5066964285714286 0.23772321428571427
0 0.17857142857142858 0.6651785714285714 0.35714285714285715 0.5178571428571429
13 0.41629464285714285 0.6026785714285714 0.11495535714285714 0.27120535714285715
13 0.515625 0.8537946428571429 0.31026785714285715 0.2767857142857143
13 0.9051339285714286 0.9631696428571429 0.18973214285714285 0.07366071428571429
13 0.9151785714285714 0.8147321428571429 0.16964285714285715 0.27232142857142855
13 0.8158482142857143 0.33816964285714285 0.2857142857142857 0.07924107142857142
13 0.7477678571428571 0.8973214285714286 0.2544642857142857 0.20424107142857142
13 0.40736607142857145 0.9185267857142857 0.09821428571428571 0.16294642857142858
3 0.6863839285714286 0.5870535714285714 0.5479910714285714 0.5212053571428571