12 0.42745535714285715 0.4888392857142857 0.08147321428571429 0.060267857142857144
12 0.09598214285714286 0.12946428571428573 0.07924107142857142 0.07254464285714286
12 0.44308035714285715 0.5066964285714286 0.05022321428571429 0.024553571428571428
13 0.4375 0.3560267857142857 0.0625 0.32700892857142855
13 0.359375 0.15401785714285715 0.21875 0.2935267857142857
0 0.14620535714285715 0.3560267857142857 0.2924107142857143 0.3236607142857143
13 0.14508928571428573 0.05915178571428571 0.27120535714285715 0.11830357142857142
13 0.16629464285714285 0.19419642857142858 0.27901785714285715 0.24330357142857142
9 0.8013392857142857 0.36607142857142855 0.39620535714285715 0.30580357142857145
10 0.24776785714285715 0.8058035714285714 0.4419642857142857 0.38839285714285715
3 0.71875 0.8113839285714286 0.5 0.37723214285714285