3 0.20870535714285715 0.26004464285714285 0.23995535714285715 0.4375
13 0.4029017857142857 0.16517857142857142 0.14620535714285715 0.32924107142857145
12 0.8582589285714286 0.47433035714285715 0.07254464285714286 0.08705357142857142
12 0.8694196428571429 0.39285714285714285 0.08928571428571429 0.07254464285714286
0 0.6127232142857143 0.3939732142857143 0.47098214285714285 0.28794642857142855
13 0.5814732142857143 0.18303571428571427 0.24776785714285715 0.18973214285714285
13 0.5647321428571429 0.07589285714285714 0.25 0.15178571428571427
13 0.8236607142857143 0.08147321428571429 0.24776785714285715 0.16294642857142858
13 0.9508928571428571 0.45535714285714285 0.09821428571428571 0.16629464285714285
13 0.9720982142857143 0.17299107142857142 0.05580357142857143 0.20200892857142858
12 0.9040178571428571 0.8169642857142857 0.08147321428571429 0.08147321428571429
0 0.7332589285714286 0.7243303571428571 0.3939732142857143 0.37276785714285715
13 0.47098214285714285 0.8370535714285714 0.2857142857142857 0.32589285714285715