17 0.4375 0.4107142857142857 0.10379464285714286 0.07700892857142858
17 0.4810267857142857 0.4642857142857143 0.09821428571428571 0.06696428571428571
15 0.5133928571428571 0.3549107142857143 0.08705357142857142 0.06696428571428571
15 0.6383928571428571 0.18526785714285715 0.07254464285714286 0.05580357142857143
15 0.9308035714285714 0.09375 0.09375 0.07254464285714286
17 0.15290178571428573 0.6752232142857143 0.09151785714285714 0.06696428571428571
17 0.23772321428571427 0.6506696428571429 0.11272321428571429 0.07700892857142858
17 0.2689732142857143 0.7633928571428571 0.10602678571428571 0.06919642857142858
17 0.45870535714285715 0.7366071428571429 0.09821428571428571 0.07477678571428571
17 0.375 0.5647321428571429 0.10044642857142858 0.08705357142857142
17 0.2935267857142857 0.4174107142857143 0.10044642857142858 0.07700892857142858
17 0.21205357142857142 0.4408482142857143 0.09151785714285714 0.06696428571428571
17 0.10714285714285714 0.36830357142857145 0.09375 0.06473214285714286
17 0.21986607142857142 0.5145089285714286 0.11272321428571429 0.07700892857142858
17 0.16852678571428573 0.25 0.10044642857142858 0.07254464285714286
17 0.36607142857142855 0.265625 0.10602678571428571 0.07700892857142858
17 0.32924107142857145 0.19866071428571427 0.09151785714285714 0.06696428571428571
17 0.47544642857142855 0.30357142857142855 0.08705357142857142 0.05803571428571429
17 0.2622767857142857 0.08370535714285714 0.10044642857142858 0.06473214285714286
17 0.2700892857142857 0.14508928571428573 0.07700892857142858 0.0625
5 0.7779017857142857 0.42075892857142855 0.09151785714285714 0.07924107142857142
17 0.9118303571428571 0.7131696428571429 0.09598214285714286 0.07700892857142858
17 0.7790178571428571 0.7957589285714286 0.09821428571428571 0.07254464285714286
17 0.578125 0.7198660714285714 0.10602678571428571 0.06919642857142858
17 0.5725446428571429 0.6517857142857143 0.09375 0.07477678571428571
17 0.7779017857142857 0.9363839285714286 0.09151785714285714 0.07254464285714286
17 0.9508928571428571 0.8370535714285714 0.09598214285714286 0.07924107142857142
17 0.6685267857142857 0.9464285714285714 0.09598214285714286 0.06473214285714286
17 0.8705357142857143 0.18861607142857142 0.09598214285714286 0.06696428571428571
17 0.8571428571428571 0.06808035714285714 0.11272321428571429 0.07700892857142858
17 0.7801339285714286 0.13616071428571427 0.10602678571428571 0.07700892857142858
17 0.9497767857142857 0.3125 0.08705357142857142 0.07700892857142858
17 0.8526785714285714 0.28236607142857145 0.09375 0.06919642857142858
18 0.6674107142857143 0.22879464285714285 0.09151785714285714 0.09151785714285714
17 0.6026785714285714 0.34933035714285715 0.10044642857142858 0.06696428571428571
15 0.8928571428571429 0.35825892857142855 0.08705357142857142 0.0625
5 0.8716517857142857 0.4107142857142857 0.11272321428571429 0.07700892857142858
5 0.5055803571428571 0.07924107142857142 0.09598214285714286 0.07700892857142858
5 0.06138392857142857 0.7600446428571429 0.08370535714285714 0.07700892857142858
5 0.36049107142857145 0.6517857142857143 0.11272321428571429 0.07700892857142858
5 0.9575892857142857 0.515625 0.08147321428571429 0.07700892857142858
17 0.07254464285714286 0.15736607142857142 0.09151785714285714 0.07700892857142858
5 0.06696428571428571 0.027901785714285716 0.11272321428571429 0.05580357142857143
5 0.12053571428571429 0.16741071428571427 0.10044642857142858 0.07700892857142858
17 0.6841517857142857 0.09040178571428571 0.11272321428571429 0.07700892857142858
17 0.6071428571428571 0.052455357142857144 0.09821428571428571 0.06919642857142858
17 0.8604910714285714 0.7433035714285714 0.09598214285714286 0.07254464285714286
14 0.9508928571428571 0.7600446428571429 0.09598214285714286 0.07700892857142858
14 0.6361607142857143 0.5658482142857143 0.07477678571428571 0.05803571428571429
14 0.4642857142857143 0.140625 0.09151785714285714 0.05803571428571429
14 0.046875 0.6964285714285714 0.08370535714285714 0.06696428571428571
17 0.44642857142857145 0.6227678571428571 0.11272321428571429 0.07700892857142858
5 0.14174107142857142 0.9151785714285714 0.08705357142857142 0.06919642857142858
5 0.18861607142857142 0.9720982142857143 0.09151785714285714 0.05580357142857143
5 0.46651785714285715 0.9609375 0.08035714285714286 0.078125
5 0.5323660714285714 0.9408482142857143 0.09151785714285714 0.06473214285714286
17 0.9598214285714286 0.20200892857142858 0.07700892857142858 0.07254464285714286
17 0.7622767857142857 0.20647321428571427 0.10602678571428571 0.06473214285714286
17 0.578125 0.3080357142857143 0.10602678571428571 0.0625