2 0.5357142857142857 0.33370535714285715 0.05022321428571429 0.10044642857142858
2 0.9252232142857143 0.25223214285714285 0.05022321428571429 0.10825892857142858
17 0.049107142857142856 0.6127232142857143 0.06919642857142858 0.10044642857142858
17 0.12611607142857142 0.6439732142857143 0.07924107142857142 0.11272321428571429
17 0.3939732142857143 0.7857142857142857 0.0625 0.08928571428571429
17 0.4375 0.5680803571428571 0.07924107142857142 0.11272321428571429
17 0.8683035714285714 0.7935267857142857 0.06473214285714286 0.08928571428571429
13 0.04241071428571429 0.11607142857142858 0.07254464285714286 0.09375
13 0.11160714285714286 0.12165178571428571 0.060267857142857144 0.08928571428571429
13 0.20089285714285715 0.11830357142857142 0.06696428571428571 0.09151785714285714
13 0.13727678571428573 0.19977678571428573 0.06919642857142858 0.08370535714285714
13 0.07589285714285714 0.23883928571428573 0.06919642857142858 0.09151785714285714
13 0.07700892857142858 0.3247767857142857 0.06696428571428571 0.08147321428571429
13 0.23772321428571427 0.3627232142857143 0.07477678571428571 0.09375
13 0.30357142857142855 0.31919642857142855 0.07700892857142858 0.09598214285714286
13 0.25892857142857145 0.16294642857142858 0.06473214285714286 0.08370535714285714
13 0.27120535714285715 0.04017857142857143 0.0625 0.07924107142857142
13 0.3247767857142857 0.10825892857142858 0.0625 0.09375
13 0.42745535714285715 0.24776785714285715 0.06696428571428571 0.08370535714285714
5 0.3716517857142857 0.22991071428571427 0.060267857142857144 0.08147321428571429
13 0.3716517857142857 0.31138392857142855 0.06919642857142858 0.08928571428571429
7 0.4017857142857143 0.15290178571428573 0.08147321428571429 0.10044642857142858
13 0.46875 0.17857142857142858 0.0625 0.07924107142857142
13 0.44419642857142855 0.07477678571428571 0.07254464285714286 0.09598214285714286
13 0.5267857142857143 0.20647321428571427 0.06473214285714286 0.08928571428571429
13 0.48325892857142855 0.28794642857142855 0.060267857142857144 0.08370535714285714
13 0.5758928571428571 0.2611607142857143 0.06473214285714286 0.08705357142857142
16 0.5926339285714286 0.17745535714285715 0.07924107142857142 0.08705357142857142
13 0.6060267857142857 0.09151785714285714 0.06919642857142858 0.09375
15 0.7098214285714286 0.09709821428571429 0.06919642857142858 0.09151785714285714
13 0.7087053571428571 0.04017857142857143 0.07924107142857142 0.07924107142857142
13 0.7165178571428571 0.18191964285714285 0.06919642857142858 0.08370535714285714
13 0.6082589285714286 0.3247767857142857 0.07477678571428571 0.10044642857142858
13 0.6886160714285714 0.34598214285714285 0.06919642857142858 0.09375
13 0.7366071428571429 0.2700892857142857 0.07477678571428571 0.10044642857142858
15 0.7700892857142857 0.35379464285714285 0.06919642857142858 0.08147321428571429
15 0.7700892857142857 0.4107142857142857 0.06696428571428571 0.08705357142857142
15 0.8571428571428571 0.41629464285714285 0.07700892857142858 0.09375
13 0.9107142857142857 0.36049107142857145 0.06696428571428571 0.08370535714285714
13 0.8683035714285714 0.2924107142857143 0.06696428571428571 0.08705357142857142
13 0.8080357142857143 0.25892857142857145 0.06473214285714286 0.08928571428571429
15 0.8236607142857143 0.16964285714285715 0.06919642857142858 0.09151785714285714
15 0.7857142857142857 0.11272321428571429 0.07924107142857142 0.09151785714285714
15 0.8392857142857143 0.07700892857142858 0.06919642857142858 0.09375
13 0.9051339285714286 0.08035714285714286 0.06696428571428571 0.08370535714285714
13 0.9475446428571429 0.15513392857142858 0.06473214285714286 0.08928571428571429
13 0.9732142857142857 0.24888392857142858 0.052455357142857144 0.08928571428571429
15 0.9408482142857143 0.42410714285714285 0.06473214285714286 0.08370535714285714
13 0.9698660714285714 0.47098214285714285 0.060267857142857144 0.09821428571428571
13 0.8939732142857143 0.5089285714285714 0.0625 0.08147321428571429
13 0.7511160714285714 0.5 0.06696428571428571 0.09598214285714286
13 0.6495535714285714 0.46651785714285715 0.06473214285714286 0.09151785714285714
13 0.5691964285714286 0.4107142857142857 0.06919642857142858 0.09151785714285714
13 0.5022321428571429 0.4419642857142857 0.0625 0.08928571428571429
13 0.49888392857142855 0.5145089285714286 0.06473214285714286 0.08705357142857142
15 0.5792410714285714 0.5513392857142857 0.07477678571428571 0.08928571428571429
13 0.43638392857142855 0.35714285714285715 0.06473214285714286 0.08705357142857142
13 0.37723214285714285 0.39732142857142855 0.06919642857142858 0.08928571428571429
13 0.4174107142857143 0.48995535714285715 0.06473214285714286 0.08928571428571429
13 0.35267857142857145 0.47544642857142855 0.06919642857142858 0.08705357142857142
13 0.2924107142857143 0.43638392857142855 0.07924107142857142 0.09375
13 0.24888392857142858 0.5044642857142857 0.07477678571428571 0.09598214285714286
13 0.18080357142857142 0.4810267857142857 0.06696428571428571 0.09375
13 0.07924107142857142 0.4375 0.06919642857142858 0.09598214285714286
13 0.05022321428571429 0.5167410714285714 0.06696428571428571 0.08370535714285714
13 0.12276785714285714 0.5658482142857143 0.06696428571428571 0.08928571428571429
13 0.18861607142857142 0.5714285714285714 0.06919642857142858 0.08928571428571429
13 0.22321428571428573 0.6517857142857143 0.06696428571428571 0.08928571428571429
13 0.3560267857142857 0.6450892857142857 0.06473214285714286 0.08928571428571429
13 0.35379464285714285 0.5602678571428571 0.07477678571428571 0.08928571428571429
13 0.43526785714285715 0.6841517857142857 0.07254464285714286 0.09151785714285714
13 0.49107142857142855 0.6339285714285714 0.07254464285714286 0.09598214285714286
13 0.5245535714285714 0.5848214285714286 0.07924107142857142 0.11272321428571429
15 0.6138392857142857 0.6763392857142857 0.060267857142857144 0.08147321428571429
13 0.6395089285714286 0.609375 0.06919642857142858 0.09598214285714286
13 0.6886160714285714 0.671875 0.06919642857142858 0.08370535714285714
13 0.7075892857142857 0.5904017857142857 0.0625 0.08705357142857142
13 0.7834821428571429 0.6004464285714286 0.06473214285714286 0.09151785714285714
13 0.78125 0.6685267857142857 0.06919642857142858 0.07924107142857142
13 0.8738839285714286 0.6685267857142857 0.05803571428571429 0.08370535714285714
13 0.8303571428571429 0.7276785714285714 0.060267857142857144 0.09821428571428571
13 0.9229910714285714 0.7064732142857143 0.06919642857142858 0.08370535714285714
13 0.9475446428571429 0.78125 0.07254464285714286 0.08705357142857142
15 0.9274553571428571 0.6205357142857143 0.060267857142857144 0.08147321428571429
13 0.6886160714285714 0.7566964285714286 0.06473214285714286 0.08370535714285714
13 0.7600446428571429 0.8069196428571429 0.06473214285714286 0.08147321428571429
13 0.7712053571428571 0.7555803571428571 0.06473214285714286 0.07700892857142858
7 0.8392857142857143 0.8783482142857143 0.07477678571428571 0.10044642857142858
13 0.9084821428571429 0.8883928571428571 0.07477678571428571 0.08705357142857142
13 0.9598214285714286 0.9441964285714286 0.0625 0.08705357142857142
15 0.8995535714285714 0.9475446428571429 0.06473214285714286 0.08928571428571429
15 0.7633928571428571 0.9497767857142857 0.07254464285714286 0.09598214285714286
13 0.7020089285714286 0.9330357142857143 0.0625 0.08705357142857142
13 0.5691964285714286 0.8270089285714286 0.0625 0.08370535714285714
15 0.6160714285714286 0.7645089285714286 0.07254464285714286 0.09151785714285714
13 0.5680803571428571 0.7433035714285714 0.06473214285714286 0.07924107142857142
13 0.5089285714285714 0.8236607142857143 0.0625 0.08928571428571429
13 0.45982142857142855 0.7667410714285714 0.0625 0.09151785714285714
13 0.4419642857142857 0.890625 0.06473214285714286 0.08928571428571429
13 0.43861607142857145 0.8470982142857143 0.0625 0.07924107142857142
13 0.3716517857142857 0.8883928571428571 0.06696428571428571 0.08370535714285714
13 0.35044642857142855 0.9609375 0.05803571428571429 0.078125
13 0.2767857142857143 0.8850446428571429 0.07254464285714286 0.09598214285714286
13 0.34151785714285715 0.7354910714285714 0.06696428571428571 0.09151785714285714
13 0.09040178571428571 0.7276785714285714 0.07924107142857142 0.11272321428571429
13 0.06808035714285714 0.7924107142857143 0.07254464285714286 0.09598214285714286
13 0.14397321428571427 0.8794642857142857 0.06696428571428571 0.08928571428571429
13 0.08482142857142858 0.9598214285714286 0.060267857142857144 0.07924107142857142
13 0.14397321428571427 0.9709821428571429 0.07254464285714286 0.05803571428571429
13 0.1875 0.036830357142857144 0.06696428571428571 0.07366071428571429
11 0.27901785714285715 0.24107142857142858 0.07477678571428571 0.08370535714285714
5 0.04017857142857143 0.03236607142857143 0.0625 0.06473214285714286
5 0.5089285714285714 0.10044642857142858 0.06696428571428571 0.08928571428571429
5 0.27455357142857145 0.7957589285714286 0.06696428571428571 0.09151785714285714
13 0.7020089285714286 0.8459821428571429 0.06919642857142858 0.08147321428571429
13 0.6316964285714286 0.8526785714285714 0.06696428571428571 0.09375
12 0.09040178571428571 0.6294642857142857 0.018973214285714284 0.029017857142857144