12 0.11607142857142858 0.06584821428571429 0.04352678571428571 0.03125
12 0.23325892857142858 0.9252232142857143 0.03794642857142857 0.026785714285714284
12 0.3158482142857143 0.9631696428571429 0.04799107142857143 0.033482142857142856
12 0.12611607142857142 0.3872767857142857 0.03794642857142857 0.029017857142857144
12 0.27901785714285715 0.7444196428571429 0.033482142857142856 0.03125
17 0.8125 0.7154017857142857 0.07924107142857142 0.06473214285714286
17 0.4799107142857143 0.9095982142857143 0.10044642857142858 0.07700892857142858
17 0.3861607142857143 0.35714285714285715 0.09598214285714286 0.07254464285714286
17 0.44754464285714285 0.5044642857142857 0.09598214285714286 0.07254464285714286
17 0.04352678571428571 0.42075892857142855 0.08705357142857142 0.07254464285714286
17 0.033482142857142856 0.32924107142857145 0.06696428571428571 0.07254464285714286
17 0.25892857142857145 0.12611607142857142 0.09598214285714286 0.07700892857142858
17 0.33482142857142855 0.7667410714285714 0.09151785714285714 0.06696428571428571
2 0.6049107142857143 0.08258928571428571 0.11049107142857142 0.06696428571428571