18 0.5569196428571429 0.31026785714285715 0.07924107142857142 0.11272321428571429
2 0.08928571428571429 0.5881696428571429 0.07924107142857142 0.11272321428571429
2 0.7879464285714286 0.42299107142857145 0.07924107142857142 0.11272321428571429
11 0.3236607142857143 0.6238839285714286 0.07924107142857142 0.11272321428571429
11 0.35044642857142855 0.7064732142857143 0.07924107142857142 0.11272321428571429
11 0.46986607142857145 0.17075892857142858 0.07924107142857142 0.11272321428571429
11 0.20870535714285715 0.8069196428571429 0.07924107142857142 0.11272321428571429
11 0.17299107142857142 0.6361607142857143 0.07924107142857142 0.11272321428571429
13 0.6294642857142857 0.7622767857142857 0.07924107142857142 0.11272321428571429
13 0.6573660714285714 0.6897321428571429 0.07924107142857142 0.11272321428571429
13 0.7287946428571429 0.6752232142857143 0.07924107142857142 0.11272321428571429
13 0.7957589285714286 0.8381696428571429 0.07924107142857142 0.11272321428571429
13 0.2611607142857143 0.49776785714285715 0.07924107142857142 0.11272321428571429
13 0.16294642857142858 0.5569196428571429 0.07924107142857142 0.11272321428571429
13 0.027901785714285716 0.05022321428571429 0.05580357142857143 0.10044642857142858
13 0.09933035714285714 0.11607142857142858 0.07924107142857142 0.11272321428571429
13 0.12388392857142858 0.21540178571428573 0.07924107142857142 0.11272321428571429
13 0.21763392857142858 0.23325892857142858 0.07924107142857142 0.11272321428571429
13 0.18415178571428573 0.11941964285714286 0.07700892857142858 0.11272321428571429
13 0.21875 0.04352678571428571 0.07700892857142858 0.08705357142857142
13 0.036830357142857144 0.21540178571428573 0.07366071428571429 0.11383928571428571
13 0.30245535714285715 0.09598214285714286 0.07924107142857142 0.11272321428571429
13 0.32700892857142855 0.17857142857142858 0.07924107142857142 0.11272321428571429
13 0.3705357142857143 0.09040178571428571 0.07924107142857142 0.11272321428571429
13 0.3158482142857143 0.31808035714285715 0.07924107142857142 0.11272321428571429
13 0.203125 0.49107142857142855 0.07924107142857142 0.11272321428571429
13 0.05022321428571429 0.5279017857142857 0.07924107142857142 0.08705357142857142
13 0.13169642857142858 0.3950892857142857 0.07924107142857142 0.11272321428571429
13 0.18861607142857142 0.35267857142857145 0.07924107142857142 0.11272321428571429
13 0.23772321428571427 0.3950892857142857 0.07924107142857142 0.11272321428571429
11 0.14397321428571427 0.7779017857142857 0.07924107142857142 0.11272321428571429
13 0.34933035714285715 0.5401785714285714 0.07924107142857142 0.11272321428571429
13 0.27566964285714285 0.6674107142857143 0.07700892857142858 0.11272321428571429
13 0.28683035714285715 0.7533482142857143 0.07924107142857142 0.11272321428571429
13 0.4564732142857143 0.375 0.07924107142857142 0.11272321428571429
13 0.5100446428571429 0.39174107142857145 0.07924107142857142 0.11272321428571429
13 0.4888392857142857 0.47767857142857145 0.07924107142857142 0.11272321428571429
13 0.07700892857142858 0.8805803571428571 0.07924107142857142 0.11272321428571429
13 0.04799107142857143 0.7935267857142857 0.07924107142857142 0.11272321428571429
13 0.27120535714285715 0.8415178571428571 0.07924107142857142 0.11272321428571429
13 0.38950892857142855 0.8325892857142857 0.07924107142857142 0.11272321428571429
13 0.6417410714285714 0.8627232142857143 0.07700892857142858 0.11272321428571429
1 0.7075892857142857 0.7667410714285714 0.07924107142857142 0.11272321428571429
13 0.8895089285714286 0.7868303571428571 0.07924107142857142 0.11272321428571429
15 0.7042410714285714 0.5457589285714286 0.07924107142857142 0.11272321428571429
15 0.40066964285714285 0.39732142857142855 0.07924107142857142 0.11272321428571429
15 0.029017857142857144 0.4497767857142857 0.05803571428571429 0.11272321428571429
13 0.43638392857142855 0.5256696428571429 0.07924107142857142 0.11272321428571429
13 0.49888392857142855 0.28348214285714285 0.07700892857142858 0.11272321428571429
13 0.5881696428571429 0.21540178571428573 0.07924107142857142 0.11272321428571429
13 0.6875 0.28348214285714285 0.07924107142857142 0.11272321428571429
13 0.6037946428571429 0.3716517857142857 0.07924107142857142 0.11272321428571429
13 0.7488839285714286 0.2689732142857143 0.07924107142857142 0.11272321428571429
13 0.7857142857142857 0.3404017857142857 0.07924107142857142 0.11272321428571429
11 0.3705357142857143 0.25892857142857145 0.07924107142857142 0.11272321428571429
13 0.44419642857142855 0.05022321428571429 0.07924107142857142 0.10044642857142858
13 0.5301339285714286 0.05022321428571429 0.07924107142857142 0.10044642857142858
13 0.7433035714285714 0.06584821428571429 0.07924107142857142 0.09375
13 0.8805803571428571 0.09933035714285714 0.07924107142857142 0.11272321428571429
13 0.9363839285714286 0.049107142857142856 0.07924107142857142 0.09821428571428571
13 0.9587053571428571 0.11383928571428571 0.07924107142857142 0.11272321428571429
13 0.953125 0.33816964285714285 0.07924107142857142 0.11272321428571429
13 0.9073660714285714 0.37276785714285715 0.07924107142857142 0.11272321428571429
1 0.8950892857142857 0.29575892857142855 0.07924107142857142 0.11272321428571429
13 0.6417410714285714 0.5714285714285714 0.07700892857142858 0.11272321428571429
13 0.5881696428571429 0.5848214285714286 0.07924107142857142 0.11272321428571429
13 0.5636160714285714 0.6685267857142857 0.07924107142857142 0.11272321428571429
13 0.5111607142857143 0.625 0.07924107142857142 0.11272321428571429
13 0.9118303571428571 0.6540178571428571 0.07924107142857142 0.11272321428571429
13 0.9285714285714286 0.6037946428571429 0.07924107142857142 0.11272321428571429
13 0.9308035714285714 0.4966517857142857 0.07924107142857142 0.11272321428571429
13 0.7533482142857143 0.4888392857142857 0.07924107142857142 0.11272321428571429
13 0.6875 0.43191964285714285 0.07924107142857142 0.11272321428571429