18 0.7131696428571429 0.33705357142857145 0.13504464285714285 0.06473214285714286
18 0.9207589285714286 0.42299107142857145 0.11272321428571429 0.07700892857142858
18 0.3783482142857143 0.45870535714285715 0.11495535714285714 0.06696428571428571
5 0.32700892857142855 0.3560267857142857 0.11272321428571429 0.08147321428571429
5 0.48549107142857145 0.43638392857142855 0.11272321428571429 0.07700892857142858
5 0.13727678571428573 0.8236607142857143 0.11272321428571429 0.07700892857142858
5 0.3002232142857143 0.7544642857142857 0.11272321428571429 0.07700892857142858
5 0.71875 0.90625 0.11272321428571429 0.07700892857142858
5 0.7165178571428571 0.5669642857142857 0.11272321428571429 0.07700892857142858
5 0.4799107142857143 0.21205357142857142 0.11272321428571429 0.07700892857142858
5 0.3560267857142857 0.16852678571428573 0.11272321428571429 0.07700892857142858
5 0.09040178571428571 0.7511160714285714 0.11272321428571429 0.07700892857142858
5 0.08816964285714286 0.5926339285714286 0.11272321428571429 0.07700892857142858
5 0.29017857142857145 0.8370535714285714 0.11272321428571429 0.07924107142857142
5 0.5 0.5814732142857143 0.10602678571428571 0.08705357142857142
5 0.09933035714285714 0.10379464285714286 0.11272321428571429 0.07700892857142858
5 0.6138392857142857 0.5323660714285714 0.11272321428571429 0.07700892857142858
14 0.45982142857142855 0.9375 0.05803571428571429 0.05803571428571429
14 0.23102678571428573 0.8448660714285714 0.11272321428571429 0.07924107142857142
14 0.5792410714285714 0.3794642857142857 0.0625 0.07254464285714286
5 0.8091517857142857 0.9051339285714286 0.11272321428571429 0.07700892857142858
12 0.06696428571428571 0.28683035714285715 0.04799107142857143 0.03794642857142857
12 0.25223214285714285 0.5178571428571429 0.04352678571428571 0.03125
18 0.37723214285714285 0.9151785714285714 0.15178571428571427 0.06473214285714286
8 0.8694196428571429 0.29017857142857145 0.08147321428571429 0.06473214285714286
2 0.6372767857142857 0.44754464285714285 0.06696428571428571 0.08705357142857142