0 0.3002232142857143 0.35825892857142855 0.4185267857142857 0.3794642857142857
3 0.7321428571428571 0.20535714285714285 0.44419642857142855 0.4107142857142857
12 0.21316964285714285 0.9776785714285714 0.09598214285714286 0.044642857142857144
13 0.08035714285714286 0.8738839285714286 0.16071428571428573 0.25223214285714285
6 0.26339285714285715 0.7935267857142857 0.26674107142857145 0.3560267857142857
13 0.390625 0.6450892857142857 0.22321428571428573 0.19419642857142858
13 0.42410714285714285 0.8404017857142857 0.17075892857142858 0.31919642857142855
13 0.10491071428571429 0.6729910714285714 0.20870535714285715 0.25
13 0.9352678571428571 0.9375 0.12946428571428573 0.125
0 0.7633928571428571 0.6986607142857143 0.4732142857142857 0.3002232142857143
13 0.8772321428571429 0.8772321428571429 0.24553571428571427 0.24553571428571427
13 0.5904017857142857 0.9363839285714286 0.16071428571428573 0.12723214285714285