5 0.19642857142857142 0.5279017857142857 0.11272321428571429 0.07700892857142858
5 0.18191964285714285 0.8705357142857143 0.11272321428571429 0.07924107142857142
5 0.18191964285714285 0.8169642857142857 0.11272321428571429 0.07924107142857142
5 0.17633928571428573 0.9319196428571429 0.11272321428571429 0.07700892857142858
5 0.052455357142857144 0.9375 0.10491071428571429 0.08035714285714286
5 0.056919642857142856 0.78125 0.11272321428571429 0.07700892857142858
5 0.34151785714285715 0.8024553571428571 0.11272321428571429 0.07700892857142858
5 0.42857142857142855 0.7801339285714286 0.11272321428571429 0.07700892857142858
5 0.49107142857142855 0.7131696428571429 0.11272321428571429 0.07700892857142858
5 0.32924107142857145 0.7120535714285714 0.11272321428571429 0.07700892857142858
5 0.26450892857142855 0.671875 0.11272321428571429 0.07924107142857142
5 0.38058035714285715 0.6462053571428571 0.11272321428571429 0.07700892857142858
5 0.6595982142857143 0.8493303571428571 0.11272321428571429 0.07700892857142858
5 0.6595982142857143 0.9564732142857143 0.11272321428571429 0.07924107142857142
5 0.8002232142857143 0.7667410714285714 0.11272321428571429 0.07924107142857142
5 0.7276785714285714 0.8169642857142857 0.11272321428571429 0.07924107142857142
5 0.7935267857142857 0.8493303571428571 0.11272321428571429 0.07924107142857142
5 0.7377232142857143 0.9162946428571429 0.11272321428571429 0.07700892857142858
5 0.5881696428571429 0.7299107142857143 0.11272321428571429 0.07700892857142858
5 0.7700892857142857 0.4375 0.11272321428571429 0.07700892857142858
5 0.9564732142857143 0.31138392857142855 0.08705357142857142 0.07700892857142858
5 0.90625 0.21205357142857142 0.09598214285714286 0.07254464285714286
5 0.6741071428571429 0.16964285714285715 0.10044642857142858 0.07700892857142858
5 0.7131696428571429 0.06361607142857142 0.11272321428571429 0.07700892857142858
5 0.7924107142857143 0.140625 0.09151785714285714 0.07700892857142858
5 0.9497767857142857 0.03459821428571429 0.10044642857142858 0.06919642857142858
5 0.53125 0.34263392857142855 0.11272321428571429 0.07700892857142858
5 0.3013392857142857 0.3482142857142857 0.11272321428571429 0.07700892857142858
5 0.2845982142857143 0.4029017857142857 0.11272321428571429 0.07700892857142858
5 0.20647321428571427 0.4095982142857143 0.11272321428571429 0.07700892857142858
5 0.10602678571428571 0.41183035714285715 0.11272321428571429 0.07700892857142858
5 0.19977678571428573 0.34375 0.11272321428571429 0.07700892857142858
5 0.12723214285714285 0.32700892857142855 0.11272321428571429 0.07700892857142858
5 0.5770089285714286 0.484375 0.11272321428571429 0.07700892857142858
5 0.6339285714285714 0.26674107142857145 0.11272321428571429 0.07700892857142858
5 0.2689732142857143 0.84375 0.11272321428571429 0.07924107142857142
14 0.9598214285714286 0.5591517857142857 0.06696428571428571 0.07700892857142858
14 0.8839285714285714 0.7823660714285714 0.11272321428571429 0.07700892857142858
5 0.060267857142857144 0.6685267857142857 0.11272321428571429 0.07924107142857142
5 0.9430803571428571 0.4263392857142857 0.11272321428571429 0.07700892857142858
5 0.40401785714285715 0.9464285714285714 0.09151785714285714 0.07477678571428571
2 0.8214285714285714 0.6439732142857143 0.09598214285714286 0.08928571428571429
14 0.23995535714285715 0.10044642857142858 0.08147321428571429 0.0625
14 0.25558035714285715 0.10491071428571429 0.06696428571428571 0.052455357142857144