15 0.8303571428571429 0.17633928571428573 0.07254464285714286 0.05580357142857143
17 0.5837053571428571 0.703125 0.08705357142857142 0.0625
16 0.9475446428571429 0.7767857142857143 0.08370535714285714 0.0625
16 0.890625 0.8258928571428571 0.08705357142857142 0.0625
16 0.8158482142857143 0.8582589285714286 0.08147321428571429 0.07254464285714286
16 0.5033482142857143 0.8303571428571429 0.08928571428571429 0.06919642857142858
16 0.42857142857142855 0.8727678571428571 0.08705357142857142 0.06919642857142858
16 0.39732142857142855 0.9397321428571429 0.09375 0.06919642857142858
16 0.9107142857142857 0.32142857142857145 0.09598214285714286 0.07254464285714286
16 0.8537946428571429 0.25669642857142855 0.10044642857142858 0.07700892857142858
16 0.5647321428571429 0.31026785714285715 0.09151785714285714 0.07700892857142858
16 0.6919642857142857 0.05915178571428571 0.09821428571428571 0.07700892857142858
16 0.796875 0.03794642857142857 0.10379464285714286 0.07254464285714286
16 0.9017857142857143 0.03794642857142857 0.09151785714285714 0.06919642857142858
16 0.5814732142857143 0.060267857142857144 0.09151785714285714 0.07477678571428571
16 0.3638392857142857 0.140625 0.10044642857142858 0.07254464285714286
16 0.24888392857142858 0.4107142857142857 0.08705357142857142 0.0625
16 0.16071428571428573 0.43973214285714285 0.09375 0.06919642857142858
16 0.07477678571428571 0.4799107142857143 0.10044642857142858 0.07254464285714286
16 0.05803571428571429 0.9129464285714286 0.08928571428571429 0.06696428571428571
16 0.14620535714285715 0.9508928571428571 0.08928571428571429 0.06696428571428571
16 0.28683035714285715 0.6283482142857143 0.08705357142857142 0.06473214285714286
16 0.453125 0.6997767857142857 0.09821428571428571 0.07700892857142858
16 0.5680803571428571 0.546875 0.08705357142857142 0.06919642857142858
16 0.6104910714285714 0.6149553571428571 0.10044642857142858 0.07700892857142858
16 0.3482142857142857 0.3404017857142857 0.09151785714285714 0.0625
16 0.18191964285714285 0.25111607142857145 0.08370535714285714 0.0625
16 0.8850446428571429 0.6875 0.08705357142857142 0.06473214285714286
16 0.46763392857142855 0.5256696428571429 0.09598214285714286 0.06696428571428571
16 0.22991071428571427 0.3125 0.09151785714285714 0.06696428571428571
16 0.7522321428571429 0.14508928571428573 0.10044642857142858 0.07254464285714286
11 0.6049107142857143 0.9029017857142857 0.11272321428571429 0.07700892857142858
5 0.036830357142857144 0.20535714285714285 0.07366071428571429 0.07589285714285714
16 0.30357142857142855 0.19754464285714285 0.10044642857142858 0.07254464285714286
13 0.5223214285714286 0.43638392857142855 0.11272321428571429 0.07700892857142858
13 0.34933035714285715 0.828125 0.09375 0.07700892857142858
16 0.3392857142857143 0.5580357142857143 0.09151785714285714 0.06696428571428571
16 0.6462053571428571 0.49776785714285715 0.10602678571428571 0.07254464285714286
13 0.7834821428571429 0.48995535714285715 0.09821428571428571 0.07700892857142858
13 0.6752232142857143 0.25558035714285715 0.09151785714285714 0.07254464285714286
13 0.25892857142857145 0.12165178571428571 0.09151785714285714 0.06696428571428571
12 0.6830357142857143 0.6149553571428571 0.03125 0.018973214285714284
12 0.8995535714285714 0.6160714285714286 0.041294642857142856 0.029017857142857144
12 0.7879464285714286 0.5569196428571429 0.024553571428571428 0.018973214285714284
12 0.05803571428571429 0.09151785714285714 0.029017857142857144 0.024553571428571428