3 0.24441964285714285 0.20424107142857142 0.4877232142857143 0.40848214285714285
0 0.7946428571428571 0.20424107142857142 0.4107142857142857 0.40848214285714285
13 0.5267857142857143 0.9821428571428571 0.125 0.03571428571428571
13 0.09375 0.6830357142857143 0.1875 0.32254464285714285
12 0.23772321428571427 0.9363839285714286 0.09375 0.10044642857142858
13 0.515625 0.8013392857142857 0.14620535714285715 0.2622767857142857
13 0.15290178571428573 0.5323660714285714 0.24330357142857142 0.24776785714285715
6 0.39174107142857145 0.5926339285714286 0.3939732142857143 0.36830357142857145
13 0.4497767857142857 0.9352678571428571 0.23102678571428573 0.12946428571428573
6 0.044642857142857144 0.8694196428571429 0.08928571428571429 0.2611607142857143
13 0.15848214285714285 0.4330357142857143 0.21205357142857142 0.04799107142857143
13 0.3716517857142857 0.7979910714285714 0.25 0.21651785714285715
0 0.8694196428571429 0.6774553571428571 0.2611607142857143 0.5424107142857143