5 0.6037946428571429 0.9107142857142857 0.06919642857142858 0.09151785714285714
5 0.4955357142857143 0.8783482142857143 0.07700892857142858 0.10044642857142858
5 0.45870535714285715 0.7991071428571429 0.06919642857142858 0.09151785714285714
5 0.25111607142857145 0.234375 0.08147321428571429 0.09598214285714286
17 0.41964285714285715 0.53125 0.09151785714285714 0.12053571428571429
17 0.5089285714285714 0.6395089285714286 0.07700892857142858 0.11272321428571429
17 0.5212053571428571 0.49441964285714285 0.07700892857142858 0.09598214285714286
17 0.6049107142857143 0.5513392857142857 0.07700892857142858 0.10044642857142858
17 0.39285714285714285 0.6339285714285714 0.08705357142857142 0.11049107142857142
17 0.32700892857142855 0.6595982142857143 0.09821428571428571 0.12723214285714285
17 0.29129464285714285 0.5982142857142857 0.07254464285714286 0.10044642857142858
17 0.6060267857142857 0.21651785714285715 0.08705357142857142 0.12276785714285714
17 0.5770089285714286 0.33482142857142855 0.07700892857142858 0.11272321428571429
17 0.6216517857142857 0.4017857142857143 0.07700892857142858 0.11272321428571429
17 0.7700892857142857 0.3549107142857143 0.06919642857142858 0.10044642857142858
17 0.8549107142857143 0.5111607142857143 0.09151785714285714 0.12053571428571429
15 0.3716517857142857 0.11941964285714286 0.0625 0.08705357142857142
14 0.03794642857142857 0.3861607142857143 0.05803571428571429 0.07700892857142858
14 0.07700892857142858 0.6595982142857143 0.09151785714285714 0.10044642857142858
14 0.30245535714285715 0.17075892857142858 0.08147321428571429 0.07254464285714286
1 0.7165178571428571 0.9575892857142857 0.08370535714285714 0.08147321428571429
18 0.38169642857142855 0.9285714285714286 0.06696428571428571 0.11272321428571429
14 0.18303571428571427 0.7511160714285714 0.07924107142857142 0.11272321428571429
13 0.20647321428571427 0.5424107142857143 0.07254464285714286 0.10044642857142858
13 0.15178571428571427 0.08258928571428571 0.06473214285714286 0.08705357142857142
5 0.3872767857142857 0.03459821428571429 0.06696428571428571 0.06696428571428571
11 0.5089285714285714 0.18861607142857142 0.07254464285714286 0.07477678571428571
17 0.6729910714285714 0.59375 0.07700892857142858 0.11272321428571429
17 0.6584821428571429 0.7220982142857143 0.07700892857142858 0.12946428571428573
5 0.9553571428571429 0.24665178571428573 0.07477678571428571 0.09598214285714286
13 0.7946428571428571 0.45089285714285715 0.06696428571428571 0.09151785714285714
13 0.3950892857142857 0.37611607142857145 0.07700892857142858 0.11272321428571429
11 0.22879464285714285 0.5982142857142857 0.05803571428571429 0.11049107142857142
17 0.9386160714285714 0.8861607142857143 0.07700892857142858 0.10379464285714286
13 0.43861607142857145 0.24665178571428573 0.07254464285714286 0.09151785714285714
13 0.7823660714285714 0.6908482142857143 0.06696428571428571 0.10602678571428571
14 0.875 0.671875 0.08705357142857142 0.11049107142857142
17 0.5323660714285714 0.9352678571428571 0.07700892857142858 0.10044642857142858
17 0.17299107142857142 0.6517857142857143 0.07254464285714286 0.10825892857142858
17 0.3705357142857143 0.4888392857142857 0.07924107142857142 0.10602678571428571
18 0.7209821428571429 0.6283482142857143 0.06696428571428571 0.10379464285714286
7 0.14955357142857142 0.3560267857142857 0.09375 0.12946428571428573
11 0.21875 0.39285714285714285 0.07700892857142858 0.10602678571428571
11 0.6049107142857143 0.6529017857142857 0.07700892857142858 0.11272321428571429
11 0.5904017857142857 0.7756696428571429 0.09598214285714286 0.10044642857142858