13 0.7232142857142857 0.49888392857142855 0.07700892857142858 0.11272321428571429
11 0.6863839285714286 0.8415178571428571 0.07700892857142858 0.11272321428571429
11 0.22321428571428573 0.13392857142857142 0.07700892857142858 0.11272321428571429
7 0.37388392857142855 0.3549107142857143 0.07700892857142858 0.11272321428571429
11 0.29799107142857145 0.53125 0.06696428571428571 0.10602678571428571
11 0.41629464285714285 0.42857142857142855 0.07700892857142858 0.11272321428571429
11 0.5558035714285714 0.5033482142857143 0.07700892857142858 0.11272321428571429
11 0.7801339285714286 0.5792410714285714 0.07700892857142858 0.11272321428571429
13 0.5926339285714286 0.24441964285714285 0.07700892857142858 0.11272321428571429
13 0.29575892857142855 0.34933035714285715 0.07700892857142858 0.11272321428571429
13 0.24441964285714285 0.6082589285714286 0.07700892857142858 0.11272321428571429
13 0.7377232142857143 0.6651785714285714 0.07700892857142858 0.11272321428571429
13 0.7912946428571429 0.7064732142857143 0.07700892857142858 0.11272321428571429
13 0.8783482142857143 0.17299107142857142 0.07700892857142858 0.11272321428571429
13 0.04799107142857143 0.37723214285714285 0.07700892857142858 0.11272321428571429
13 0.6517857142857143 0.47767857142857145 0.07700892857142858 0.11272321428571429
13 0.49441964285714285 0.45200892857142855 0.07700892857142858 0.11272321428571429
11 0.890625 0.8917410714285714 0.07700892857142858 0.11272321428571429
13 0.9475446428571429 0.7377232142857143 0.07700892857142858 0.11272321428571429
11 0.6082589285714286 0.07924107142857142 0.07700892857142858 0.11272321428571429
18 0.6852678571428571 0.10267857142857142 0.07700892857142858 0.11272321428571429
13 0.43191964285714285 0.12723214285714285 0.07700892857142858 0.11272321428571429
13 0.6495535714285714 0.18526785714285715 0.07700892857142858 0.11272321428571429
11 0.4955357142857143 0.28348214285714285 0.07700892857142858 0.11272321428571429
13 0.5669642857142857 0.6361607142857143 0.07700892857142858 0.11272321428571429
13 0.20870535714285715 0.8973214285714286 0.07700892857142858 0.11272321428571429
13 0.8805803571428571 0.6305803571428571 0.07700892857142858 0.11272321428571429
13 0.8761160714285714 0.36941964285714285 0.07700892857142858 0.11272321428571429
13 0.5100446428571429 0.19084821428571427 0.07700892857142858 0.11272321428571429
13 0.3236607142857143 0.44308035714285715 0.07700892857142858 0.11272321428571429
8 0.31361607142857145 0.2689732142857143 0.07700892857142858 0.11272321428571429
13 0.11495535714285714 0.15848214285714285 0.07700892857142858 0.11272321428571429