7 0.43638392857142855 0.5055803571428571 0.125 0.09598214285714286
17 0.8426339285714286 0.7165178571428571 0.12053571428571429 0.09375
17 0.9453125 0.9073660714285714 0.109375 0.08705357142857142
17 0.48995535714285715 0.203125 0.12276785714285714 0.09598214285714286
17 0.40401785714285715 0.14620535714285715 0.12276785714285714 0.08705357142857142
5 0.4252232142857143 0.33705357142857145 0.10044642857142858 0.07700892857142858
13 0.5970982142857143 0.25558035714285715 0.10602678571428571 0.07924107142857142
13 0.4575892857142857 0.06361607142857142 0.10602678571428571 0.07700892857142858
5 0.30580357142857145 0.8147321428571429 0.10602678571428571 0.07924107142857142
7 0.7600446428571429 0.5870535714285714 0.10602678571428571 0.08705357142857142
7 0.7399553571428571 0.7544642857142857 0.11049107142857142 0.08370535714285714
5 0.06584821428571429 0.42745535714285715 0.10044642857142858 0.07700892857142858
7 0.5848214285714286 0.12276785714285714 0.11495535714285714 0.09151785714285714
13 0.5033482142857143 0.9575892857142857 0.10602678571428571 0.07700892857142858
7 0.9464285714285714 0.7734375 0.10714285714285714 0.078125
11 0.21540178571428573 0.8504464285714286 0.11272321428571429 0.09375
12 0.31473214285714285 0.7544642857142857 0.041294642857142856 0.029017857142857144
5 0.13839285714285715 0.5122767857142857 0.10602678571428571 0.08370535714285714
12 0.060267857142857144 0.578125 0.03125 0.029017857142857144
12 0.04575892857142857 0.84375 0.04799107142857143 0.033482142857142856
11 0.5636160714285714 0.46651785714285715 0.12946428571428573 0.07254464285714286