13 0.32254464285714285 0.17745535714285715 0.3002232142857143 0.3169642857142857
13 0.9642857142857143 0.18973214285714285 0.06696428571428571 0.25223214285714285
13 0.39285714285714285 0.015625 0.22098214285714285 0.03125
13 0.08370535714285714 0.9040178571428571 0.16741071428571427 0.19196428571428573
13 0.05357142857142857 0.23772321428571427 0.10714285714285714 0.22098214285714285
13 0.9308035714285714 0.6540178571428571 0.13504464285714285 0.20647321428571427
13 0.7466517857142857 0.030133928571428572 0.22544642857142858 0.05580357142857143
13 0.8627232142857143 0.6808035714285714 0.25223214285714285 0.22098214285714285
13 0.6082589285714286 0.9397321428571429 0.27120535714285715 0.11495535714285714
12 0.13169642857142858 0.8080357142857143 0.07477678571428571 0.07700892857142858
3 0.5033482142857143 0.49441964285714285 0.4810267857142857 0.49330357142857145
13 0.24776785714285715 0.09486607142857142 0.22321428571428573 0.18526785714285715
13 0.9095982142857143 0.8772321428571429 0.18080357142857142 0.23549107142857142
13 0.8013392857142857 0.23549107142857142 0.24330357142857142 0.23549107142857142
13 0.19977678571428573 0.6428571428571429 0.21651785714285715 0.22879464285714285
13 0.6439732142857143 0.7712053571428571 0.22879464285714285 0.22544642857142858
13 0.21428571428571427 0.40625 0.19977678571428573 0.22879464285714285
13 0.5770089285714286 0.16294642857142858 0.24330357142857142 0.22321428571428573
13 0.2700892857142857 0.8872767857142857 0.22544642857142858 0.22544642857142858
13 0.8225446428571429 0.484375 0.20647321428571427 0.20424107142857142