0 0.2611607142857143 0.39955357142857145 0.5212053571428571 0.5379464285714286
13 0.7488839285714286 0.09263392857142858 0.11830357142857142 0.18526785714285715
12 0.8761160714285714 0.5178571428571429 0.09151785714285714 0.09375
3 0.75 0.43526785714285715 0.12053571428571429 0.46651785714285715
13 0.8649553571428571 0.2544642857142857 0.23102678571428573 0.24553571428571427
13 0.8839285714285714 0.10379464285714286 0.23214285714285715 0.20758928571428573
13 0.09263392857142858 0.9207589285714286 0.18526785714285715 0.15848214285714285
13 0.6517857142857143 0.9095982142857143 0.07700892857142858 0.18080357142857142
3 0.41294642857142855 0.8337053571428571 0.5 0.3314732142857143
13 0.9810267857142857 0.7455357142857143 0.03794642857142857 0.07254464285714286
13 0.8392857142857143 0.7477678571428571 0.2935267857142857 0.15178571428571427
13 0.9854910714285714 0.875 0.029017857142857144 0.25
3 0.7756696428571429 0.9274553571428571 0.17075892857142858 0.14397321428571427
13 0.8604910714285714 0.8928571428571429 0.26450892857142855 0.21428571428571427