13 0.31026785714285715 0.35044642857142855 0.07700892857142858 0.21651785714285715
13 0.16964285714285715 0.19196428571428573 0.3125 0.2767857142857143
6 0.26339285714285715 0.05803571428571429 0.17075892857142858 0.11495535714285714
13 0.0625 0.3470982142857143 0.125 0.22321428571428573
10 0.5602678571428571 0.22991071428571427 0.42299107142857145 0.45870535714285715
3 0.29017857142857145 0.625 0.11830357142857142 0.3314732142857143
13 0.9709821428571429 0.7511160714285714 0.05803571428571429 0.24330357142857142
13 0.38392857142857145 0.49107142857142855 0.06919642857142858 0.05022321428571429
12 0.3638392857142857 0.7008928571428571 0.03125 0.06919642857142858
13 0.5580357142857143 0.49776785714285715 0.22098214285714285 0.07700892857142858
13 0.4810267857142857 0.5948660714285714 0.26450892857142855 0.25669642857142855
13 0.8928571428571429 0.5814732142857143 0.21428571428571427 0.23995535714285715
0 0.5535714285714286 0.8359375 0.4107142857142857 0.328125
13 0.8258928571428571 0.8080357142857143 0.23772321428571427 0.22098214285714285