10 0.15959821428571427 0.15290178571428573 0.31919642857142855 0.30580357142857145
13 0.8761160714285714 0.05915178571428571 0.24776785714285715 0.11830357142857142
13 0.828125 0.20200892857142858 0.24330357142857142 0.24330357142857142
13 0.3783482142857143 0.40625 0.11830357142857142 0.125
0 0.5357142857142857 0.18973214285714285 0.4330357142857143 0.3794642857142857
13 0.9274553571428571 0.3169642857142857 0.14397321428571427 0.23549107142857142
13 0.8649553571428571 0.44419642857142855 0.26450892857142855 0.04799107142857143
10 0.12611607142857142 0.6116071428571429 0.25223214285714285 0.2857142857142857
13 0.9654017857142857 0.7823660714285714 0.06919642857142858 0.24330357142857142
13 0.5424107142857143 0.9620535714285714 0.23660714285714285 0.07589285714285714
0 0.7354910714285714 0.7220982142857143 0.4810267857142857 0.47879464285714285
13 0.5267857142857143 0.5535714285714286 0.23995535714285715 0.17075892857142858
13 0.8560267857142857 0.5111607142857143 0.23995535714285715 0.08370535714285714
13 0.47433035714285715 0.8537946428571429 0.22321428571428573 0.22544642857142858