13 0.6462053571428571 0.6060267857142857 0.07700892857142858 0.11272321428571429
13 0.7243303571428571 0.6462053571428571 0.07700892857142858 0.11272321428571429
13 0.0625 0.49441964285714285 0.07700892857142858 0.11272321428571429
13 0.26004464285714285 0.16183035714285715 0.07700892857142858 0.11272321428571429
13 0.5212053571428571 0.6785714285714286 0.07700892857142858 0.11272321428571429
11 0.26450892857142855 0.5915178571428571 0.08705357142857142 0.08928571428571429
13 0.078125 0.5825892857142857 0.07700892857142858 0.11272321428571429
13 0.07700892857142858 0.7020089285714286 0.07700892857142858 0.11272321428571429
13 0.14174107142857142 0.6595982142857143 0.07700892857142858 0.11272321428571429
13 0.21316964285714285 0.3783482142857143 0.07700892857142858 0.11272321428571429
13 0.14955357142857142 0.20982142857142858 0.07700892857142858 0.11272321428571429
13 0.3705357142857143 0.28683035714285715 0.07700892857142858 0.11272321428571429
13 0.7042410714285714 0.4095982142857143 0.07700892857142858 0.11272321428571429
13 0.5837053571428571 0.32589285714285715 0.07700892857142858 0.11272321428571429
13 0.8683035714285714 0.40848214285714285 0.07700892857142858 0.11272321428571429
13 0.7410714285714286 0.5535714285714286 0.07700892857142858 0.11272321428571429
13 0.8604910714285714 0.08258928571428571 0.07700892857142858 0.11272321428571429
13 0.9006696428571429 0.15848214285714285 0.07700892857142858 0.11272321428571429
13 0.4330357142857143 0.7700892857142857 0.07700892857142858 0.11272321428571429
13 0.36495535714285715 0.8560267857142857 0.07700892857142858 0.11272321428571429
13 0.46986607142857145 0.8560267857142857 0.07700892857142858 0.11272321428571429
13 0.7131696428571429 0.8727678571428571 0.07700892857142858 0.11272321428571429
18 0.5044642857142857 0.48214285714285715 0.07477678571428571 0.10602678571428571
11 0.11607142857142858 0.8392857142857143 0.08147321428571429 0.09598214285714286