15 0.43080357142857145 0.26339285714285715 0.05803571428571429 0.07254464285714286
15 0.38392857142857145 0.21651785714285715 0.05580357142857143 0.07254464285714286
15 0.7555803571428571 0.25892857142857145 0.05580357142857143 0.07700892857142858
15 0.8325892857142857 0.5122767857142857 0.05803571428571429 0.07700892857142858
15 0.5580357142857143 0.6183035714285714 0.052455357142857144 0.07700892857142858
15 0.6752232142857143 0.7075892857142857 0.05803571428571429 0.08147321428571429
15 0.7689732142857143 0.7131696428571429 0.05580357142857143 0.07477678571428571
15 0.7165178571428571 0.7165178571428571 0.052455357142857144 0.08147321428571429
15 0.7354910714285714 0.8705357142857143 0.052455357142857144 0.06696428571428571
15 0.6607142857142857 0.8091517857142857 0.05803571428571429 0.07700892857142858
15 0.6886160714285714 0.8035714285714286 0.052455357142857144 0.07700892857142858
15 0.39732142857142855 0.9084821428571429 0.052455357142857144 0.08147321428571429
15 0.43191964285714285 0.84375 0.05803571428571429 0.08705357142857142
15 0.5223214285714286 0.7823660714285714 0.0625 0.08705357142857142
15 0.19419642857142858 0.34486607142857145 0.05580357142857143 0.06696428571428571
15 0.23883928571428573 0.41183035714285715 0.060267857142857144 0.07700892857142858
15 0.109375 0.7131696428571429 0.052455357142857144 0.06919642857142858
15 0.12834821428571427 0.5803571428571429 0.052455357142857144 0.07254464285714286
15 0.078125 0.5602678571428571 0.05580357142857143 0.07700892857142858
15 0.060267857142857144 0.5848214285714286 0.05803571428571429 0.07700892857142858
15 0.03236607142857143 0.37388392857142855 0.05803571428571429 0.07700892857142858
15 0.17633928571428573 0.5792410714285714 0.052455357142857144 0.07254464285714286
15 0.20647321428571427 0.5792410714285714 0.04575892857142857 0.06696428571428571
15 0.20982142857142858 0.8537946428571429 0.05803571428571429 0.08147321428571429
15 0.31919642857142855 0.9620535714285714 0.06696428571428571 0.07589285714285714
15 0.35267857142857145 0.5334821428571429 0.05580357142857143 0.07700892857142858
15 0.49107142857142855 0.11272321428571429 0.04799107142857143 0.07254464285714286
15 0.4486607142857143 0.08258928571428571 0.052455357142857144 0.07700892857142858
15 0.171875 0.14620535714285715 0.05580357142857143 0.08147321428571429
15 0.11160714285714286 0.07477678571428571 0.0625 0.07700892857142858
15 0.11383928571428571 0.11383928571428571 0.052455357142857144 0.06919642857142858
15 0.8448660714285714 0.3549107142857143 0.05803571428571429 0.08147321428571429
15 0.8683035714285714 0.9520089285714286 0.05803571428571429 0.07700892857142858
15 0.9073660714285714 0.9508928571428571 0.04799107142857143 0.07477678571428571
15 0.4185267857142857 0.15290178571428573 0.05022321428571429 0.06696428571428571
15 0.8861607142857143 0.29017857142857145 0.0625 0.07254464285714286
15 0.8738839285714286 0.22209821428571427 0.060267857142857144 0.07254464285714286
15 0.8794642857142857 0.17745535714285715 0.05803571428571429 0.08147321428571429
15 0.6852678571428571 0.35825892857142855 0.05803571428571429 0.08147321428571429
15 0.5513392857142857 0.3392857142857143 0.05803571428571429 0.08147321428571429
15 0.5089285714285714 0.2924107142857143 0.06919642857142858 0.08370535714285714
8 0.33370535714285715 0.39285714285714285 0.04575892857142857 0.06696428571428571
13 0.31808035714285715 0.47544642857142855 0.05803571428571429 0.07254464285714286
8 0.20758928571428573 0.5100446428571429 0.05803571428571429 0.07254464285714286
8 0.17633928571428573 0.41294642857142855 0.052455357142857144 0.07254464285714286
8 0.6819196428571429 0.43861607142857145 0.05803571428571429 0.07700892857142858
15 0.36941964285714285 0.7287946428571429 0.05580357142857143 0.08705357142857142
15 0.390625 0.7745535714285714 0.0625 0.09151785714285714
15 0.29129464285714285 0.28348214285714285 0.05580357142857143 0.08147321428571429
15 0.036830357142857144 0.9095982142857143 0.05803571428571429 0.08147321428571429
13 0.07254464285714286 0.8392857142857143 0.06696428571428571 0.08705357142857142
8 0.13504464285714285 0.8158482142857143 0.05803571428571429 0.07700892857142858
15 0.14174107142857142 0.8772321428571429 0.0625 0.08928571428571429
13 0.23995535714285715 0.9051339285714286 0.06696428571428571 0.10044642857142858
15 0.265625 0.6149553571428571 0.0625 0.08147321428571429
13 0.33816964285714285 0.6573660714285714 0.05803571428571429 0.08370535714285714
8 0.40848214285714285 0.6584821428571429 0.060267857142857144 0.08147321428571429
8 0.46651785714285715 0.6595982142857143 0.05803571428571429 0.07254464285714286
13 0.4654017857142857 0.5736607142857143 0.06696428571428571 0.09151785714285714
13 0.5502232142857143 0.5457589285714286 0.06696428571428571 0.08370535714285714
8 0.6450892857142857 0.49776785714285715 0.05803571428571429 0.08147321428571429
15 0.7008928571428571 0.6350446428571429 0.05803571428571429 0.08147321428571429
13 0.5457589285714286 0.9274553571428571 0.06473214285714286 0.08705357142857142
8 0.5982142857142857 0.8303571428571429 0.05803571428571429 0.08705357142857142
8 0.6060267857142857 0.9430803571428571 0.05580357142857143 0.07254464285714286
8 0.8136160714285714 0.9229910714285714 0.05580357142857143 0.07700892857142858
13 0.7075892857142857 0.9520089285714286 0.0625 0.08705357142857142
8 0.04799107142857143 0.28236607142857145 0.052455357142857144 0.06919642857142858
13 0.17075892857142858 0.49441964285714285 0.06473214285714286 0.08705357142857142
13 0.26785714285714285 0.5323660714285714 0.0625 0.08147321428571429
13 0.31026785714285715 0.13839285714285715 0.060267857142857144 0.07700892857142858
15 0.15513392857142858 0.11160714285714286 0.052455357142857144 0.07700892857142858
15 0.08147321428571429 0.20758928571428573 0.0625 0.08928571428571429
15 0.13616071428571427 0.3404017857142857 0.060267857142857144 0.08147321428571429
13 0.3482142857142857 0.26674107142857145 0.0625 0.08705357142857142
8 0.5814732142857143 0.17410714285714285 0.060267857142857144 0.08370535714285714
13 0.6183035714285714 0.23772321428571427 0.0625 0.08370535714285714
13 0.5212053571428571 0.18526785714285715 0.06919642857142858 0.09151785714285714
13 0.5401785714285714 0.421875 0.0625 0.08705357142857142
13 0.828125 0.09040178571428571 0.060267857142857144 0.07700892857142858
13 0.8314732142857143 0.027901785714285716 0.06473214285714286 0.052455357142857144
15 0.25111607142857145 0.21875 0.06473214285714286 0.09375
1 0.14174107142857142 0.24107142857142858 0.06696428571428571 0.09151785714285714
1 0.08258928571428571 0.3404017857142857 0.05803571428571429 0.08705357142857142
13 0.19419642857142858 0.04575892857142857 0.05803571428571429 0.08147321428571429
13 0.9575892857142857 0.90625 0.07254464285714286 0.08147321428571429
13 0.90625 0.6752232142857143 0.06473214285714286 0.08705357142857142
13 0.8448660714285714 0.6897321428571429 0.0625 0.08370535714285714
13 0.9107142857142857 0.5959821428571429 0.0625 0.08147321428571429
13 0.9698660714285714 0.5758928571428571 0.05803571428571429 0.09151785714285714
13 0.9029017857142857 0.42299107142857145 0.06473214285714286 0.08370535714285714
13 0.9419642857142857 0.34933035714285715 0.06919642857142858 0.09151785714285714
13 0.96875 0.4330357142857143 0.0625 0.09151785714285714
1 0.8002232142857143 0.20200892857142858 0.07700892857142858 0.08928571428571429
15 0.9587053571428571 0.19866071428571427 0.060267857142857144 0.10044642857142858