12 0.5479910714285714 0.8448660714285714 0.08147321428571429 0.06473214285714286
13 0.9743303571428571 0.90625 0.05022321428571429 0.1875
13 0.6551339285714286 0.9810267857142857 0.23325892857142858 0.03794642857142857
13 0.43526785714285715 0.036830357142857144 0.27232142857142855 0.07366071428571429
13 0.6339285714285714 0.09151785714285714 0.27120535714285715 0.18303571428571427
3 0.4966517857142857 0.5033482142857143 0.4732142857142857 0.5066964285714286
13 0.08816964285714286 0.21986607142857142 0.17522321428571427 0.23772321428571427
13 0.8816964285714286 0.09151785714285714 0.23549107142857142 0.17745535714285715
13 0.18415178571428573 0.44419642857142855 0.23995535714285715 0.25223214285714285
13 0.7176339285714286 0.7276785714285714 0.25223214285714285 0.22544642857142858
13 0.27120535714285715 0.17857142857142858 0.2544642857142857 0.24776785714285715
13 0.8091517857142857 0.9084821428571429 0.27120535714285715 0.18303571428571427
13 0.3314732142857143 0.7946428571428571 0.23549107142857142 0.21875
13 0.38504464285714285 0.9375 0.25223214285714285 0.12053571428571429
13 0.9095982142857143 0.6417410714285714 0.17075892857142858 0.26004464285714285
13 0.11272321428571429 0.7511160714285714 0.22098214285714285 0.25223214285714285