17 0.7823660714285714 0.44642857142857145 0.06696428571428571 0.09151785714285714
16 0.2622767857142857 0.109375 0.06473214285714286 0.09598214285714286
13 0.9642857142857143 0.7901785714285714 0.06696428571428571 0.09151785714285714
13 0.9040178571428571 0.8415178571428571 0.06473214285714286 0.08705357142857142
13 0.9441964285714286 0.7098214285714286 0.0625 0.07924107142857142
13 0.8180803571428571 0.7823660714285714 0.07477678571428571 0.08370535714285714
13 0.8325892857142857 0.8426339285714286 0.06696428571428571 0.09151785714285714
13 0.7477678571428571 0.9029017857142857 0.06696428571428571 0.07700892857142858
13 0.7098214285714286 0.8404017857142857 0.06919642857142858 0.09151785714285714
13 0.6629464285714286 0.9654017857142857 0.07700892857142858 0.06919642857142858
13 0.6305803571428571 0.8895089285714286 0.07700892857142858 0.08147321428571429
13 0.65625 0.7779017857142857 0.06473214285714286 0.09151785714285714
13 0.7310267857142857 0.7767857142857143 0.06473214285714286 0.07924107142857142
13 0.7667410714285714 0.7064732142857143 0.060267857142857144 0.08370535714285714
13 0.7053571428571429 0.7008928571428571 0.06696428571428571 0.08705357142857142
13 0.6194196428571429 0.7087053571428571 0.06696428571428571 0.10044642857142858
13 0.7087053571428571 0.6127232142857143 0.07254464285714286 0.09151785714285714
13 0.640625 0.625 0.06696428571428571 0.08147321428571429
13 0.5491071428571429 0.6930803571428571 0.05803571428571429 0.08705357142857142
13 0.546875 0.7845982142857143 0.060267857142857144 0.08147321428571429
13 0.4810267857142857 0.7455357142857143 0.07477678571428571 0.09151785714285714
13 0.47879464285714285 0.8381696428571429 0.06919642857142858 0.09151785714285714
13 0.42745535714285715 0.9497767857142857 0.07254464285714286 0.08370535714285714
13 0.5435267857142857 0.9631696428571429 0.06919642857142858 0.07366071428571429
15 0.546875 0.9162946428571429 0.06919642857142858 0.08705357142857142
13 0.3549107142857143 0.8850446428571429 0.07254464285714286 0.09151785714285714
13 0.3169642857142857 0.9520089285714286 0.06919642857142858 0.08147321428571429
13 0.29129464285714285 0.7790178571428571 0.07254464285714286 0.09598214285714286
13 0.42299107142857145 0.7912946428571429 0.06473214285714286 0.09151785714285714
13 0.41183035714285715 0.703125 0.060267857142857144 0.09598214285714286
15 0.34486607142857145 0.6852678571428571 0.06919642857142858 0.08705357142857142
13 0.2767857142857143 0.6863839285714286 0.06696428571428571 0.09598214285714286
13 0.23660714285714285 0.7354910714285714 0.06696428571428571 0.08705357142857142
13 0.18526785714285715 0.8002232142857143 0.06919642857142858 0.08928571428571429
13 0.22433035714285715 0.8694196428571429 0.06919642857142858 0.08705357142857142
13 0.15066964285714285 0.8738839285714286 0.06473214285714286 0.08147321428571429
13 0.21986607142857142 0.9508928571428571 0.07700892857142858 0.09598214285714286
15 0.15848214285714285 0.9497767857142857 0.06473214285714286 0.07700892857142858
13 0.09151785714285714 0.8470982142857143 0.06696428571428571 0.08928571428571429
13 0.08816964285714286 0.7935267857142857 0.06473214285714286 0.08705357142857142
13 0.03236607142857143 0.7589285714285714 0.0625 0.08147321428571429
13 0.14174107142857142 0.7165178571428571 0.06473214285714286 0.08705357142857142
13 0.19642857142857142 0.6662946428571429 0.06696428571428571 0.09151785714285714
13 0.21428571428571427 0.5814732142857143 0.07254464285714286 0.08370535714285714
13 0.140625 0.6138392857142857 0.0625 0.08705357142857142
13 0.05133928571428571 0.6428571428571429 0.07254464285714286 0.09151785714285714
13 0.08816964285714286 0.5669642857142857 0.0625 0.08705357142857142
13 0.03125 0.5412946428571429 0.0625 0.09598214285714286
13 0.08370535714285714 0.47098214285714285 0.07254464285714286 0.07700892857142858
11 0.15401785714285715 0.5 0.07477678571428571 0.08705357142857142
13 0.2700892857142857 0.5345982142857143 0.0625 0.09151785714285714
13 0.25223214285714285 0.45200892857142855 0.060267857142857144 0.08147321428571429
13 0.328125 0.43191964285714285 0.06919642857142858 0.08370535714285714
13 0.36830357142857145 0.5133928571428571 0.07254464285714286 0.09821428571428571
11 0.42410714285714285 0.46316964285714285 0.05803571428571429 0.09151785714285714
13 0.4654017857142857 0.5457589285714286 0.06696428571428571 0.08147321428571429
13 0.47544642857142855 0.6395089285714286 0.0625 0.08705357142857142
13 0.546875 0.5848214285714286 0.06919642857142858 0.09151785714285714
13 0.5345982142857143 0.48995535714285715 0.0625 0.08928571428571429
13 0.6026785714285714 0.48660714285714285 0.06473214285714286 0.08147321428571429
13 0.6618303571428571 0.5479910714285714 0.06473214285714286 0.08928571428571429
13 0.6975446428571429 0.47433035714285715 0.07700892857142858 0.09375
13 0.7477678571428571 0.5502232142857143 0.06473214285714286 0.09151785714285714
13 0.8080357142857143 0.5256696428571429 0.06696428571428571 0.08147321428571429
13 0.8694196428571429 0.5926339285714286 0.06696428571428571 0.08370535714285714
13 0.9308035714285714 0.6283482142857143 0.0625 0.08705357142857142
13 0.9006696428571429 0.5133928571428571 0.06919642857142858 0.08928571428571429
5 0.9676339285714286 0.5457589285714286 0.06473214285714286 0.09151785714285714
13 0.9207589285714286 0.4185267857142857 0.06696428571428571 0.08928571428571429
13 0.8571428571428571 0.4408482142857143 0.06696428571428571 0.09151785714285714
13 0.9709821428571429 0.3861607142857143 0.05803571428571429 0.08928571428571429
13 0.9162946428571429 0.3158482142857143 0.07254464285714286 0.09598214285714286
15 0.8482142857142857 0.29575892857142855 0.06919642857142858 0.09598214285714286
13 0.6473214285714286 0.390625 0.06696428571428571 0.08147321428571429
13 0.6975446428571429 0.30357142857142855 0.07254464285714286 0.08705357142857142
13 0.75 0.24441964285714285 0.06919642857142858 0.09598214285714286
1 0.6830357142857143 0.22209821428571427 0.07254464285714286 0.08705357142857142
13 0.625 0.26674107142857145 0.060267857142857144 0.08147321428571429
13 0.5892857142857143 0.3560267857142857 0.0625 0.08928571428571429
13 0.5401785714285714 0.40401785714285715 0.06696428571428571 0.08705357142857142
13 0.47544642857142855 0.40848214285714285 0.06696428571428571 0.08705357142857142
11 0.5323660714285714 0.26674107142857145 0.07477678571428571 0.08705357142857142
13 0.40848214285714285 0.36830357142857145 0.07254464285714286 0.08928571428571429
15 0.4263392857142857 0.28348214285714285 0.06696428571428571 0.08928571428571429
15 0.39955357142857145 0.2533482142857143 0.06919642857142858 0.08705357142857142
13 0.32142857142857145 0.3482142857142857 0.07254464285714286 0.08705357142857142
15 0.29575892857142855 0.2689732142857143 0.07254464285714286 0.08705357142857142
13 0.30245535714285715 0.19977678571428573 0.07700892857142858 0.08928571428571429
13 0.22879464285714285 0.28348214285714285 0.06696428571428571 0.08928571428571429
13 0.18080357142857142 0.4174107142857143 0.06919642857142858 0.08928571428571429
13 0.17299107142857142 0.3314732142857143 0.06696428571428571 0.09151785714285714
13 0.08928571428571429 0.38839285714285715 0.07254464285714286 0.09151785714285714
13 0.07700892857142858 0.32924107142857145 0.0625 0.08705357142857142
15 0.09709821428571429 0.2767857142857143 0.06696428571428571 0.09151785714285714
13 0.14955357142857142 0.26450892857142855 0.07700892857142858 0.11272321428571429
13 0.027901785714285716 0.3705357142857143 0.05580357142857143 0.08705357142857142
13 0.08147321428571429 0.16964285714285715 0.06696428571428571 0.09151785714285714
13 0.16183035714285715 0.16741071428571427 0.0625 0.07700892857142858
13 0.10602678571428571 0.06138392857142857 0.06696428571428571 0.09151785714285714
13 0.9174107142857143 0.21316964285714285 0.0625 0.08147321428571429
13 0.9720982142857143 0.14955357142857142 0.05580357142857143 0.08705357142857142
13 0.9676339285714286 0.07924107142857142 0.06473214285714286 0.08705357142857142
13 0.8794642857142857 0.14508928571428573 0.06696428571428571 0.08928571428571429
13 0.8415178571428571 0.20982142857142858 0.0625 0.07924107142857142
13 0.7712053571428571 0.09040178571428571 0.07254464285714286 0.08705357142857142
13 0.6629464285714286 0.07142857142857142 0.0625 0.08147321428571429
8 0.6819196428571429 0.14620535714285715 0.052455357142857144 0.07254464285714286
15 0.6205357142857143 0.171875 0.06473214285714286 0.08147321428571429
13 0.6138392857142857 0.12276785714285714 0.07700892857142858 0.11272321428571429
13 0.5558035714285714 0.19084821428571427 0.0625 0.08705357142857142
13 0.5011160714285714 0.15513392857142858 0.07254464285714286 0.07924107142857142
13 0.5446428571428571 0.08816964285714286 0.0625 0.09151785714285714
13 0.5881696428571429 0.03571428571428571 0.06919642857142858 0.07142857142857142
15 0.47879464285714285 0.07366071428571429 0.06919642857142858 0.10044642857142858
15 0.4263392857142857 0.07700892857142858 0.07254464285714286 0.09151785714285714
13 0.36049107142857145 0.05803571428571429 0.06696428571428571 0.09151785714285714
13 0.3013392857142857 0.041294642857142856 0.06696428571428571 0.08147321428571429
13 0.04017857142857143 0.03125 0.06696428571428571 0.0625
15 0.024553571428571428 0.09375 0.04799107142857143 0.09151785714285714