5 0.375 0.6439732142857143 0.07924107142857142 0.11272321428571429
5 0.32254464285714285 0.5825892857142857 0.07700892857142858 0.11272321428571429
5 0.24888392857142858 0.3470982142857143 0.07924107142857142 0.11272321428571429
5 0.11495535714285714 0.5334821428571429 0.07924107142857142 0.11272321428571429
5 0.31138392857142855 0.16852678571428573 0.07924107142857142 0.11272321428571429
5 0.36495535714285715 0.15401785714285715 0.07924107142857142 0.11272321428571429
5 0.171875 0.21875 0.07924107142857142 0.11272321428571429
5 0.6618303571428571 0.07477678571428571 0.07924107142857142 0.11272321428571429
5 0.7243303571428571 0.08147321428571429 0.07924107142857142 0.11272321428571429
5 0.703125 0.40625 0.07924107142857142 0.11272321428571429
5 0.5747767857142857 0.5189732142857143 0.07924107142857142 0.11272321428571429
5 0.44419642857142855 0.44308035714285715 0.07924107142857142 0.11272321428571429
5 0.42075892857142855 0.34375 0.07924107142857142 0.11272321428571429
5 0.43638392857142855 0.7064732142857143 0.07924107142857142 0.11272321428571429
5 0.453125 0.9207589285714286 0.07924107142857142 0.11272321428571429
5 0.2779017857142857 0.8292410714285714 0.07924107142857142 0.11272321428571429
5 0.09933035714285714 0.8772321428571429 0.07924107142857142 0.11272321428571429
5 0.3794642857142857 0.9520089285714286 0.07924107142857142 0.09598214285714286
5 0.42075892857142855 0.8292410714285714 0.07924107142857142 0.11272321428571429
5 0.7879464285714286 0.9174107142857143 0.07924107142857142 0.11272321428571429
18 0.7767857142857143 0.3560267857142857 0.07924107142857142 0.11272321428571429
8 0.8537946428571429 0.35267857142857145 0.07924107142857142 0.11272321428571429
11 0.4732142857142857 0.59375 0.07924107142857142 0.11272321428571429
13 0.43080357142857145 0.5401785714285714 0.07924107142857142 0.11272321428571429
8 0.11495535714285714 0.07366071428571429 0.06473214285714286 0.06919642857142858
12 0.4252232142857143 0.6651785714285714 0.026785714285714284 0.024553571428571428
12 0.16964285714285715 0.5491071428571429 0.03125 0.05803571428571429
7 0.08928571428571429 0.11830357142857142 0.07254464285714286 0.08928571428571429