12 0.47767857142857145 0.2924107142857143 0.041294642857142856 0.04799107142857143
12 0.5345982142857143 0.07924107142857142 0.033482142857142856 0.04352678571428571
12 0.16517857142857142 0.19977678571428573 0.024553571428571428 0.029017857142857144
1 0.19308035714285715 0.23325892857142858 0.06696428571428571 0.09151785714285714
1 0.2924107142857143 0.11049107142857142 0.05803571428571429 0.07700892857142858
1 0.21428571428571427 0.15513392857142858 0.0625 0.08147321428571429
1 0.0625 0.12388392857142858 0.08147321428571429 0.08370535714285714
1 0.29017857142857145 0.029017857142857144 0.0625 0.05803571428571429
1 0.515625 0.12723214285714285 0.07700892857142858 0.10044642857142858
1 0.4575892857142857 0.16517857142857142 0.0625 0.08147321428571429
1 0.4419642857142857 0.25 0.06696428571428571 0.08705357142857142
1 0.7299107142857143 0.37723214285714285 0.06696428571428571 0.08147321428571429
1 0.7321428571428571 0.6975446428571429 0.07254464285714286 0.07700892857142858
1 0.6941964285714286 0.890625 0.06919642857142858 0.07924107142857142
1 0.28125 0.9441964285714286 0.0625 0.08147321428571429
1 0.6138392857142857 0.6830357142857143 0.07924107142857142 0.10044642857142858
1 0.5502232142857143 0.6372767857142857 0.06473214285714286 0.08147321428571429
1 0.6763392857142857 0.5513392857142857 0.06473214285714286 0.09598214285714286
1 0.10825892857142858 0.43638392857142855 0.0625 0.10825892857142858
17 0.7466517857142857 0.18973214285714285 0.0625 0.08147321428571429
17 0.96875 0.12723214285714285 0.060267857142857144 0.08705357142857142
17 0.38169642857142855 0.5357142857142857 0.0625 0.07700892857142858
1 0.12276785714285714 0.6473214285714286 0.07254464285714286 0.08370535714285714
1 0.11607142857142858 0.7667410714285714 0.0625 0.08147321428571429
16 0.43526785714285715 0.08816964285714286 0.06696428571428571 0.07700892857142858
1 0.7555803571428571 0.46316964285714285 0.06696428571428571 0.09151785714285714
12 0.9620535714285714 0.43080357142857145 0.03125 0.04352678571428571
12 0.921875 0.46205357142857145 0.03125 0.04799107142857143
12 0.8482142857142857 0.6886160714285714 0.033482142857142856 0.03794642857142857
12 0.7723214285714286 0.39620535714285715 0.029017857142857144 0.033482142857142856
1 0.5145089285714286 0.40736607142857145 0.07254464285714286 0.07924107142857142
1 0.6339285714285714 0.6060267857142857 0.07254464285714286 0.09598214285714286
1 0.5736607142857143 0.7611607142857143 0.05803571428571429 0.08705357142857142