2 0.9520089285714286 0.5892857142857143 0.09598214285714286 0.08705357142857142
2 0.9464285714285714 0.6830357142857143 0.10714285714285714 0.08035714285714286
2 0.90625 0.23102678571428573 0.11272321428571429 0.07700892857142858
2 0.84375 0.4095982142857143 0.11272321428571429 0.07700892857142858
2 0.8381696428571429 0.5613839285714286 0.11272321428571429 0.07700892857142858
2 0.8091517857142857 0.10825892857142858 0.11272321428571429 0.07700892857142858
2 0.7845982142857143 0.4263392857142857 0.11830357142857142 0.08705357142857142
2 0.7589285714285714 0.2924107142857143 0.11272321428571429 0.07700892857142858
2 0.7276785714285714 0.6930803571428571 0.11272321428571429 0.07924107142857142
2 0.7354910714285714 0.5569196428571429 0.11272321428571429 0.07700892857142858
2 0.6707589285714286 0.22321428571428573 0.11272321428571429 0.07700892857142858
2 0.6339285714285714 0.7823660714285714 0.11272321428571429 0.07700892857142858
2 0.625 0.671875 0.11272321428571429 0.07700892857142858
2 0.5970982142857143 0.3794642857142857 0.11272321428571429 0.07700892857142858
2 0.6037946428571429 0.71875 0.12723214285714285 0.08705357142857142
2 0.5848214285714286 0.9118303571428571 0.11272321428571429 0.07700892857142858
2 0.5658482142857143 0.11495535714285714 0.11272321428571429 0.07700892857142858
2 0.5279017857142857 0.30691964285714285 0.13504464285714285 0.10602678571428571
2 0.47767857142857145 0.5457589285714286 0.11272321428571429 0.07700892857142858
2 0.46875 0.9274553571428571 0.11272321428571429 0.07700892857142858
2 0.37723214285714285 0.16071428571428573 0.11272321428571429 0.07700892857142858
2 0.375 0.37388392857142855 0.11272321428571429 0.07700892857142858
2 0.34933035714285715 0.5725446428571429 0.11272321428571429 0.07700892857142858
2 0.3549107142857143 0.29129464285714285 0.11272321428571429 0.07700892857142858
2 0.32142857142857145 0.8169642857142857 0.11272321428571429 0.07700892857142858
2 0.33705357142857145 0.036830357142857144 0.11160714285714286 0.07366071428571429
2 0.2622767857142857 0.22544642857142858 0.11272321428571429 0.07700892857142858
2 0.20647321428571427 0.5714285714285714 0.12053571428571429 0.09151785714285714
2 0.20647321428571427 0.33705357142857145 0.11272321428571429 0.07700892857142858
2 0.19977678571428573 0.09486607142857142 0.11272321428571429 0.07700892857142858
2 0.17857142857142858 0.9363839285714286 0.11272321428571429 0.07700892857142858
2 0.11383928571428571 0.12388392857142858 0.12276785714285714 0.08705357142857142
2 0.12165178571428571 0.6707589285714286 0.11272321428571429 0.07700892857142858
2 0.06584821428571429 0.04575892857142857 0.11272321428571429 0.07700892857142858
14 0.26450892857142855 0.5178571428571429 0.08705357142857142 0.06919642857142858
12 0.12053571428571429 0.6205357142857143 0.04799107142857143 0.03571428571428571
12 0.6729910714285714 0.13058035714285715 0.05803571428571429 0.04352678571428571
12 0.7979910714285714 0.20200892857142858 0.029017857142857144 0.024553571428571428
1 0.28683035714285715 0.9330357142857143 0.12053571428571429 0.08705357142857142