7 0.36607142857142855 0.09375 0.09598214285714286 0.13169642857142858
7 0.45535714285714285 0.13169642857142858 0.09151785714285714 0.11049107142857142
7 0.22098214285714285 0.6964285714285714 0.09151785714285714 0.13727678571428573
13 0.9319196428571429 0.22767857142857142 0.06919642857142858 0.10044642857142858
7 0.5424107142857143 0.5502232142857143 0.08705357142857142 0.11272321428571429
13 0.6060267857142857 0.7533482142857143 0.07477678571428571 0.10044642857142858
13 0.27566964285714285 0.8526785714285714 0.07700892857142858 0.11272321428571429
8 0.43191964285714285 0.5011160714285714 0.0625 0.09151785714285714
8 0.15066964285714285 0.10714285714285714 0.06919642857142858 0.08928571428571429
11 0.28125 0.5647321428571429 0.07924107142857142 0.11272321428571429
13 0.9386160714285714 0.33370535714285715 0.08370535714285714 0.10602678571428571
1 0.8392857142857143 0.7790178571428571 0.08147321428571429 0.11272321428571429
1 0.9464285714285714 0.5424107142857143 0.10044642857142858 0.09598214285714286
1 0.26339285714285715 0.42075892857142855 0.09375 0.07924107142857142
1 0.5 0.7879464285714286 0.10602678571428571 0.08370535714285714
1 0.14620535714285715 0.8716517857142857 0.07477678571428571 0.12053571428571429
1 0.296875 0.7176339285714286 0.060267857142857144 0.12053571428571429