13 0.33705357142857145 0.13950892857142858 0.3560267857142857 0.27901785714285715
13 0.06696428571428571 0.15513392857142858 0.13392857142857142 0.234375
3 0.40401785714285715 0.052455357142857144 0.46875 0.10491071428571429
13 0.2779017857142857 0.21428571428571427 0.25223214285714285 0.12946428571428573
13 0.18526785714285715 0.04575892857142857 0.23995535714285715 0.09151785714285714
13 0.5435267857142857 0.13058035714285715 0.18973214285714285 0.2611607142857143
0 0.8180803571428571 0.05133928571428571 0.359375 0.10267857142857142
13 0.890625 0.060267857142857144 0.21875 0.12053571428571429
13 0.9229910714285714 0.171875 0.15401785714285715 0.19419642857142858
10 0.3169642857142857 0.609375 0.5290178571428571 0.5022321428571429
10 0.7756696428571429 0.7120535714285714 0.27120535714285715 0.4564732142857143