9 0.22321428571428573 0.35825892857142855 0.40848214285714285 0.36049107142857145
13 0.9631696428571429 0.37611607142857145 0.07366071428571429 0.3236607142857143
13 0.6595982142857143 0.08370535714285714 0.23883928571428573 0.16741071428571427
13 0.5033482142857143 0.09598214285714286 0.15178571428571427 0.19196428571428573
0 0.7790178571428571 0.2700892857142857 0.43080357142857145 0.46205357142857145
13 0.46763392857142855 0.2845982142857143 0.07924107142857142 0.2857142857142857
0 0.17410714285714285 0.859375 0.3482142857142857 0.28125
13 0.7075892857142857 0.9620535714285714 0.21651785714285715 0.07254464285714286
13 0.5033482142857143 0.9051339285714286 0.15178571428571427 0.09821428571428571
0 0.8415178571428571 0.6618303571428571 0.3169642857142857 0.24776785714285715
13 0.6149553571428571 0.6439732142857143 0.2544642857142857 0.21205357142857142
13 0.6618303571428571 0.8303571428571429 0.2767857142857143 0.25669642857142855
13 0.921875 0.8984375 0.15625 0.203125