18 0.7299107142857143 0.17075892857142858 0.08370535714285714 0.09151785714285714
18 0.21986607142857142 0.38058035714285715 0.052455357142857144 0.10044642857142858
18 0.17857142857142858 0.24107142857142858 0.08705357142857142 0.07254464285714286
18 0.3861607142857143 0.30357142857142855 0.07254464285714286 0.08705357142857142
18 0.23660714285714285 0.6618303571428571 0.052455357142857144 0.11272321428571429
18 0.10825892857142858 0.5580357142857143 0.07700892857142858 0.09598214285714286
18 0.6082589285714286 0.2689732142857143 0.08705357142857142 0.08705357142857142
18 0.6361607142857143 0.5011160714285714 0.05022321428571429 0.13950892857142858
18 0.8314732142857143 0.5625 0.08370535714285714 0.08370535714285714
18 0.31361607142857145 0.7488839285714286 0.060267857142857144 0.08705357142857142
18 0.6930803571428571 0.47767857142857145 0.09598214285714286 0.09598214285714286
11 0.8638392857142857 0.41517857142857145 0.07477678571428571 0.11272321428571429