16 0.14174107142857142 0.03125 0.09598214285714286 0.0625
16 0.18415178571428573 0.09821428571428571 0.08705357142857142 0.06919642857142858
15 0.3002232142857143 0.07254464285714286 0.10044642857142858 0.06696428571428571
15 0.26004464285714285 0.06696428571428571 0.08928571428571429 0.07924107142857142
16 0.39955357142857145 0.24665178571428573 0.08147321428571429 0.07254464285714286
16 0.40625 0.31808035714285715 0.08705357142857142 0.0625
16 0.48325892857142855 0.3638392857142857 0.11049107142857142 0.07477678571428571
16 0.4017857142857143 0.06473214285714286 0.09598214285714286 0.06696428571428571
16 0.48325892857142855 0.13169642857142858 0.11272321428571429 0.07700892857142858
16 0.04017857142857143 0.3950892857142857 0.07924107142857142 0.07254464285714286
16 0.10379464285714286 0.5245535714285714 0.08705357142857142 0.06696428571428571
16 0.20870535714285715 0.5133928571428571 0.08928571428571429 0.06696428571428571
16 0.35825892857142855 0.6372767857142857 0.09151785714285714 0.06919642857142858
16 0.08705357142857142 0.6037946428571429 0.08370535714285714 0.06696428571428571
11 0.27455357142857145 0.6863839285714286 0.10044642857142858 0.07254464285714286
11 0.41629464285714285 0.4107142857142857 0.09151785714285714 0.0625
16 0.16741071428571427 0.8839285714285714 0.10379464285714286 0.07254464285714286
16 0.2544642857142857 0.8448660714285714 0.09151785714285714 0.07254464285714286
16 0.5011160714285714 0.6428571428571429 0.10044642857142858 0.06696428571428571
16 0.5212053571428571 0.7131696428571429 0.09151785714285714 0.06696428571428571
16 0.7488839285714286 0.14620535714285715 0.09151785714285714 0.07254464285714286
16 0.8504464285714286 0.2622767857142857 0.10044642857142858 0.06919642857142858
16 0.7935267857142857 0.46875 0.09151785714285714 0.06696428571428571
16 0.8024553571428571 0.6529017857142857 0.08705357142857142 0.0625
17 0.7098214285714286 0.6450892857142857 0.09151785714285714 0.07477678571428571
16 0.05133928571428571 0.96875 0.08147321428571429 0.0625
16 0.44419642857142855 0.9375 0.08928571428571429 0.07254464285714286
16 0.6194196428571429 0.875 0.09598214285714286 0.07254464285714286
16 0.9118303571428571 0.8236607142857143 0.09375 0.07254464285714286
16 0.6785714285714286 0.4107142857142857 0.09151785714285714 0.07254464285714286
11 0.7020089285714286 0.4888392857142857 0.08928571428571429 0.07254464285714286
13 0.8560267857142857 0.7477678571428571 0.09151785714285714 0.06696428571428571
11 0.7243303571428571 0.8660714285714286 0.10602678571428571 0.06919642857142858
13 0.8191964285714286 0.8917410714285714 0.09375 0.07254464285714286
13 0.6183035714285714 0.5055803571428571 0.08928571428571429 0.07254464285714286
13 0.8303571428571429 0.5323660714285714 0.09598214285714286 0.06696428571428571
13 0.8995535714285714 0.6830357142857143 0.09598214285714286 0.07477678571428571
13 0.8917410714285714 0.34486607142857145 0.08705357142857142 0.06473214285714286
13 0.9676339285714286 0.328125 0.0625 0.07254464285714286
13 0.9419642857142857 0.16629464285714285 0.08705357142857142 0.06919642857142858
13 0.5948660714285714 0.06696428571428571 0.08928571428571429 0.06473214285714286
11 0.5736607142857143 0.13392857142857142 0.09151785714285714 0.07477678571428571
13 0.28683035714285715 0.16183035714285715 0.10044642857142858 0.07254464285714286
13 0.09486607142857142 0.3392857142857143 0.08705357142857142 0.06473214285714286
13 0.18191964285714285 0.37723214285714285 0.08705357142857142 0.06696428571428571
16 0.2924107142857143 0.3872767857142857 0.09151785714285714 0.07254464285714286
13 0.1875 0.6417410714285714 0.08928571428571429 0.06696428571428571
13 0.24776785714285715 0.5870535714285714 0.11272321428571429 0.07700892857142858
13 0.29464285714285715 0.49441964285714285 0.08928571428571429 0.06919642857142858
19 0.8883928571428571 0.10044642857142858 0.13950892857142858 0.09598214285714286
12 0.7087053571428571 0.10602678571428571 0.052455357142857144 0.033482142857142856
12 0.12611607142857142 0.45089285714285715 0.03794642857142857 0.024553571428571428
12 0.9921875 0.18526785714285715 0.015625 0.017857142857142856