9 0.26339285714285715 0.12053571428571429 0.5267857142857143 0.23995535714285715
13 0.8247767857142857 0.03236607142857143 0.1875 0.06473214285714286
6 0.8113839285714286 0.31919642857142855 0.37723214285714285 0.19754464285714285
13 0.9029017857142857 0.13504464285714285 0.19419642857142858 0.23102678571428573
13 0.6138392857142857 0.24888392857142858 0.15178571428571427 0.22879464285714285
13 0.6395089285714286 0.06473214285714286 0.20200892857142858 0.12946428571428573
13 0.09040178571428571 0.45200892857142855 0.18080357142857142 0.06696428571428571
13 0.47433035714285715 0.8136160714285714 0.12723214285714285 0.23772321428571427
6 0.21651785714285715 0.7410714285714286 0.4330357142857143 0.5167410714285714
13 0.44308035714285715 0.5379464285714286 0.18973214285714285 0.23995535714285715
13 0.31919642857142855 0.47098214285714285 0.20647321428571427 0.10602678571428571
10 0.8415178571428571 0.5669642857142857 0.3169642857142857 0.29799107142857145