10 0.24553571428571427 0.3091517857142857 0.46651785714285715 0.28125
13 0.9497767857142857 0.265625 0.10044642857142858 0.21428571428571427
13 0.9464285714285714 0.046875 0.10379464285714286 0.09375
9 0.640625 0.22433035714285715 0.20535714285714285 0.4486607142857143
13 0.8091517857142857 0.06808035714285714 0.22991071428571427 0.13616071428571427
3 0.37611607142857145 0.6540178571428571 0.3247767857142857 0.40848214285714285
13 0.6183035714285714 0.8325892857142857 0.15848214285714285 0.22321428571428573
13 0.9419642857142857 0.8582589285714286 0.11495535714285714 0.25
0 0.8035714285714286 0.6529017857142857 0.39174107142857145 0.40625
13 0.7667410714285714 0.9252232142857143 0.2544642857142857 0.14955357142857142
12 0.9776785714285714 0.5502232142857143 0.044642857142857144 0.109375