17 0.33482142857142855 0.24776785714285715 0.11049107142857142 0.07477678571428571
17 0.6395089285714286 0.5926339285714286 0.08705357142857142 0.0625
17 0.12834821428571427 0.5814732142857143 0.09151785714285714 0.08705357142857142
17 0.28348214285714285 0.4720982142857143 0.08928571428571429 0.06473214285714286
12 0.04017857142857143 0.40625 0.03794642857142857 0.029017857142857144
12 0.36941964285714285 0.38392857142857145 0.033482142857142856 0.024553571428571428
12 0.4497767857142857 0.3950892857142857 0.04799107142857143 0.029017857142857144
12 0.7533482142857143 0.265625 0.03794642857142857 0.018973214285714284
12 0.8180803571428571 0.12946428571428573 0.041294642857142856 0.024553571428571428
12 0.9587053571428571 0.46763392857142855 0.041294642857142856 0.029017857142857144
12 0.9095982142857143 0.5658482142857143 0.033482142857142856 0.024553571428571428
12 0.5133928571428571 0.6127232142857143 0.03125 0.024553571428571428
12 0.32142857142857145 0.7600446428571429 0.033482142857142856 0.024553571428571428
17 0.8761160714285714 0.5301339285714286 0.09151785714285714 0.06696428571428571
17 0.08147321428571429 0.32589285714285715 0.08705357142857142 0.07700892857142858
11 0.4408482142857143 0.8214285714285714 0.125 0.07254464285714286