0 0.23772321428571427 0.3716517857142857 0.47544642857142855 0.33370535714285715
9 0.7098214285714286 0.33370535714285715 0.38169642857142855 0.40848214285714285
0 0.3013392857142857 0.7834821428571429 0.43526785714285715 0.4330357142857143
13 0.07142857142857142 0.9508928571428571 0.14174107142857142 0.09821428571428571
13 0.13950892857142858 0.6506696428571429 0.27901785714285715 0.22321428571428573
13 0.07589285714285714 0.8069196428571429 0.15178571428571427 0.23772321428571427
12 0.6037946428571429 0.9720982142857143 0.09598214285714286 0.05580357142857143
13 0.8883928571428571 0.6316964285714286 0.22321428571428573 0.1875
13 0.9598214285714286 0.8560267857142857 0.07924107142857142 0.23102678571428573
3 0.6584821428571429 0.6428571428571429 0.27901785714285715 0.20870535714285715
13 0.8258928571428571 0.8426339285714286 0.24330357142857142 0.25223214285714285