13 0.35825892857142855 0.375 0.09151785714285714 0.07700892857142858
17 0.6763392857142857 0.041294642857142856 0.11272321428571429 0.07700892857142858
17 0.45200892857142855 0.15178571428571427 0.11272321428571429 0.07700892857142858
7 0.34375 0.5267857142857143 0.12053571428571429 0.09821428571428571
7 0.17075892857142858 0.21428571428571427 0.11272321428571429 0.07700892857142858
7 0.20647321428571427 0.34933035714285715 0.11272321428571429 0.07700892857142858
1 0.27120535714285715 0.6116071428571429 0.12946428571428573 0.052455357142857144
11 0.33035714285714285 0.5926339285714286 0.033482142857142856 0.024553571428571428
1 0.30580357142857145 0.8158482142857143 0.10044642857142858 0.08928571428571429
1 0.9107142857142857 0.2845982142857143 0.125 0.08705357142857142
1 0.703125 0.7566964285714286 0.11049107142857142 0.08928571428571429
1 0.6339285714285714 0.5814732142857143 0.09598214285714286 0.07254464285714286
1 0.8214285714285714 0.20870535714285715 0.10602678571428571 0.07700892857142858
1 0.5323660714285714 0.31473214285714285 0.10602678571428571 0.09375
17 0.32700892857142855 0.27901785714285715 0.11495535714285714 0.07700892857142858
1 0.9084821428571429 0.4330357142857143 0.11049107142857142 0.07254464285714286
7 0.2935267857142857 0.6986607142857143 0.11495535714285714 0.09151785714285714
17 0.6060267857142857 0.9241071428571429 0.11049107142857142 0.08147321428571429
1 0.8035714285714286 0.39732142857142855 0.11049107142857142 0.07254464285714286
1 0.8816964285714286 0.8113839285714286 0.11049107142857142 0.08147321428571429
1 0.6975446428571429 0.24107142857142858 0.09821428571428571 0.08147321428571429