14 0.9620535714285714 0.453125 0.060267857142857144 0.05022321428571429
14 0.6529017857142857 0.5479910714285714 0.06696428571428571 0.07700892857142858
14 0.6462053571428571 0.6194196428571429 0.06696428571428571 0.05803571428571429
14 0.6618303571428571 0.6774553571428571 0.06696428571428571 0.052455357142857144
14 0.5647321428571429 0.7600446428571429 0.06696428571428571 0.0625
11 0.7868303571428571 0.7622767857142857 0.10602678571428571 0.07477678571428571
11 0.7287946428571429 0.8002232142857143 0.08705357142857142 0.07700892857142858
11 0.6194196428571429 0.30245535714285715 0.09151785714285714 0.07700892857142858
11 0.5747767857142857 0.36049107142857145 0.08705357142857142 0.07700892857142858
11 0.5267857142857143 0.421875 0.09375 0.07700892857142858
11 0.35714285714285715 0.7946428571428571 0.10044642857142858 0.07254464285714286
11 0.3560267857142857 0.8794642857142857 0.09151785714285714 0.07254464285714286
11 0.2924107142857143 0.9720982142857143 0.11272321428571429 0.05580357142857143
11 0.23214285714285715 0.8950892857142857 0.08147321428571429 0.07700892857142858
11 0.12611607142857142 0.8549107142857143 0.09151785714285714 0.07700892857142858
11 0.15736607142857142 0.9497767857142857 0.10602678571428571 0.06696428571428571
11 0.05580357142857143 0.9107142857142857 0.11049107142857142 0.060267857142857144
11 0.17522321428571427 0.7823660714285714 0.09151785714285714 0.06696428571428571
11 0.15290178571428573 0.6997767857142857 0.08147321428571429 0.07700892857142858
11 0.5569196428571429 0.6685267857142857 0.08147321428571429 0.08705357142857142
11 0.515625 0.8638392857142857 0.07700892857142858 0.07700892857142858
11 0.4955357142857143 0.9620535714285714 0.10602678571428571 0.0625
11 0.6227678571428571 0.9341517857142857 0.10602678571428571 0.06919642857142858
11 0.9174107142857143 0.9207589285714286 0.08147321428571429 0.08928571428571429
11 0.8627232142857143 0.19196428571428573 0.08147321428571429 0.09375
11 0.5167410714285714 0.044642857142857144 0.11272321428571429 0.052455357142857144
11 0.16294642857142858 0.35714285714285715 0.09151785714285714 0.08147321428571429
11 0.21428571428571427 0.2779017857142857 0.07700892857142858 0.08705357142857142
11 0.15290178571428573 0.15066964285714285 0.0625 0.12053571428571429
11 0.07924107142857142 0.13950892857142858 0.08705357142857142 0.07700892857142858
11 0.07142857142857142 0.21316964285714285 0.08147321428571429 0.07700892857142858