13 0.7589285714285714 0.07254464285714286 0.21651785714285715 0.14174107142857142
13 0.9430803571428571 0.41517857142857145 0.10379464285714286 0.21205357142857142
13 0.06584821428571429 0.12053571428571429 0.13169642857142858 0.21651785714285715
13 0.9319196428571429 0.6294642857142857 0.13169642857142858 0.22879464285714285
13 0.9375 0.06919642857142858 0.125 0.13504464285714285
13 0.7745535714285714 0.8560267857142857 0.23102678571428573 0.25223214285714285
12 0.6049107142857143 0.7957589285714286 0.08705357142857142 0.07700892857142858
13 0.9441964285714286 0.8549107142857143 0.10602678571428571 0.24776785714285715
13 0.4453125 0.03571428571428571 0.22544642857142858 0.07142857142857142
13 0.8236607142857143 0.9363839285714286 0.24330357142857142 0.12276785714285714
13 0.7555803571428571 0.16183035714285715 0.21651785714285715 0.22098214285714285
13 0.5513392857142857 0.9475446428571429 0.22544642857142858 0.10044642857142858
3 0.44419642857142855 0.5111607142857143 0.4017857142857143 0.38950892857142855
13 0.5647321428571429 0.24776785714285715 0.24330357142857142 0.22098214285714285
13 0.4810267857142857 0.7946428571428571 0.22879464285714285 0.22879464285714285
13 0.7689732142857143 0.38950892857142855 0.25 0.21205357142857142
13 0.21316964285714285 0.8247767857142857 0.22544642857142858 0.20647321428571427
13 0.109375 0.6194196428571429 0.21875 0.23325892857142858
13 0.14955357142857142 0.38950892857142855 0.2689732142857143 0.22879464285714285
13 0.33370535714285715 0.17075892857142858 0.23102678571428573 0.23325892857142858