14 0.5770089285714286 0.3404017857142857 0.07254464285714286 0.05803571428571429
14 0.36607142857142855 0.5011160714285714 0.11272321428571429 0.07700892857142858
8 0.19308035714285715 0.39620535714285715 0.07924107142857142 0.05803571428571429
13 0.7220982142857143 0.34263392857142855 0.08705357142857142 0.06919642857142858
13 0.7790178571428571 0.29017857142857145 0.09598214285714286 0.06919642857142858
13 0.609375 0.2533482142857143 0.08705357142857142 0.06696428571428571
13 0.640625 0.31808035714285715 0.08147321428571429 0.06696428571428571
13 0.45089285714285715 0.24888392857142858 0.09375 0.06696428571428571
13 0.37611607142857145 0.4017857142857143 0.09375 0.07254464285714286
13 0.48995535714285715 0.42745535714285715 0.08705357142857142 0.0625
13 0.5323660714285714 0.7834821428571429 0.08705357142857142 0.0625
8 0.8325892857142857 0.33705357142857145 0.08147321428571429 0.05803571428571429
12 0.6227678571428571 0.5334821428571429 0.03794642857142857 0.03125
12 0.6194196428571429 0.6316964285714286 0.033482142857142856 0.021205357142857144
12 0.5066964285714286 0.6808035714285714 0.03125 0.026785714285714284
12 0.018973214285714284 0.7935267857142857 0.033482142857142856 0.024553571428571428
12 0.9575892857142857 0.04017857142857143 0.03794642857142857 0.029017857142857144
12 0.8928571428571429 0.8571428571428571 0.03794642857142857 0.029017857142857144
12 0.9375 0.8660714285714286 0.024553571428571428 0.018973214285714284
12 0.2779017857142857 0.5457589285714286 0.029017857142857144 0.024553571428571428
1 0.36160714285714285 0.6875 0.08705357142857142 0.0625
12 0.09040178571428571 0.19196428571428573 0.029017857142857144 0.024553571428571428
12 0.12276785714285714 0.39285714285714285 0.024553571428571428 0.024553571428571428
12 0.7645089285714286 0.16183035714285715 0.03794642857142857 0.026785714285714284
12 0.9654017857142857 0.203125 0.029017857142857144 0.021205357142857144
12 0.4497767857142857 0.29464285714285715 0.024553571428571428 0.018973214285714284
12 0.53125 0.125 0.029017857142857144 0.021205357142857144
12 0.6919642857142857 0.8839285714285714 0.024553571428571428 0.016741071428571428
13 0.5814732142857143 0.40066964285714285 0.08147321428571429 0.0625
13 0.8035714285714286 0.3950892857142857 0.08705357142857142 0.06473214285714286
13 0.7790178571428571 0.47433035714285715 0.08705357142857142 0.060267857142857144
13 0.07477678571428571 0.14285714285714285 0.08147321428571429 0.0625
13 0.45535714285714285 0.12946428571428573 0.08705357142857142 0.07700892857142858
13 0.2924107142857143 0.43861607142857145 0.08147321428571429 0.05803571428571429
13 0.10602678571428571 0.45424107142857145 0.08147321428571429 0.06696428571428571
13 0.08147321428571429 0.6138392857142857 0.07924107142857142 0.06473214285714286
13 0.4564732142857143 0.5602678571428571 0.07254464285714286 0.0625
13 0.3950892857142857 0.6049107142857143 0.07477678571428571 0.052455357142857144
13 0.5446428571428571 0.6316964285714286 0.08705357142857142 0.0625
1 0.07477678571428571 0.8058035714285714 0.09375 0.05803571428571429
13 0.44419642857142855 0.7622767857142857 0.09151785714285714 0.07254464285714286
13 0.19084821428571427 0.04352678571428571 0.08705357142857142 0.07700892857142858
13 0.31026785714285715 0.12388392857142858 0.09151785714285714 0.06696428571428571
13 0.5825892857142857 0.05915178571428571 0.08705357142857142 0.0625
13 0.6729910714285714 0.13616071428571427 0.08705357142857142 0.06696428571428571
13 0.6897321428571429 0.19866071428571427 0.08147321428571429 0.06919642857142858
13 0.7410714285714286 0.09821428571428571 0.07477678571428571 0.06473214285714286
13 0.8091517857142857 0.12611607142857142 0.08147321428571429 0.06696428571428571
13 0.9252232142857143 0.23883928571428573 0.07924107142857142 0.0625
1 0.9185267857142857 0.11941964285714286 0.08705357142857142 0.06696428571428571
13 0.921875 0.5758928571428571 0.08705357142857142 0.06696428571428571
13 0.9475446428571429 0.6383928571428571 0.08705357142857142 0.06696428571428571
13 0.9319196428571429 0.7154017857142857 0.08147321428571429 0.06473214285714286
13 0.8504464285714286 0.7165178571428571 0.08705357142857142 0.06696428571428571
1 0.5881696428571429 0.7232142857142857 0.07924107142857142 0.07700892857142858
13 0.23325892857142858 0.3392857142857143 0.08147321428571429 0.06473214285714286
13 0.15290178571428573 0.12388392857142858 0.08705357142857142 0.07254464285714286
1 0.2779017857142857 0.7354910714285714 0.06696428571428571 0.08705357142857142
13 0.22098214285714285 0.6785714285714286 0.08705357142857142 0.06696428571428571
13 0.20535714285714285 0.7433035714285714 0.08705357142857142 0.06473214285714286
13 0.17857142857142858 0.8169642857142857 0.08705357142857142 0.06696428571428571
13 0.2622767857142857 0.8370535714285714 0.08147321428571429 0.0625
1 0.27901785714285715 0.9017857142857143 0.10044642857142858 0.07700892857142858
13 0.18638392857142858 0.921875 0.08705357142857142 0.06696428571428571
12 0.6875 0.5881696428571429 0.029017857142857144 0.024553571428571428