11 0.31808035714285715 0.30691964285714285 0.09151785714285714 0.07700892857142858
2 0.38950892857142855 0.36941964285714285 0.13504464285714285 0.04799107142857143
12 0.7488839285714286 0.2700892857142857 0.03125 0.024553571428571428
12 0.43973214285714285 0.8080357142857143 0.029017857142857144 0.018973214285714284
14 0.45200892857142855 0.10602678571428571 0.11495535714285714 0.08147321428571429
2 0.052455357142857144 0.7901785714285714 0.08705357142857142 0.07924107142857142
11 0.4564732142857143 0.5145089285714286 0.10602678571428571 0.0625
2 0.39620535714285715 0.6205357142857143 0.10044642857142858 0.07700892857142858
1 0.7209821428571429 0.9095982142857143 0.11049107142857142 0.06919642857142858
2 0.29017857142857145 0.9441964285714286 0.09151785714285714 0.08147321428571429
11 0.30691964285714285 0.7790178571428571 0.09598214285714286 0.07254464285714286
15 0.20200892857142858 0.7678571428571429 0.08147321428571429 0.07254464285714286
12 0.06138392857142857 0.10491071428571429 0.033482142857142856 0.024553571428571428
2 0.11607142857142858 0.546875 0.10044642857142858 0.07700892857142858
11 0.15178571428571427 0.8348214285714286 0.08147321428571429 0.08370535714285714
2 0.9095982142857143 0.6205357142857143 0.10602678571428571 0.05803571428571429
11 0.5747767857142857 0.9308035714285714 0.10602678571428571 0.06696428571428571
5 0.7645089285714286 0.3705357142857143 0.10044642857142858 0.06696428571428571