15 0.08482142857142858 0.7064732142857143 0.052455357142857144 0.06473214285714286
15 0.16183035714285715 0.20535714285714285 0.060267857142857144 0.07700892857142858
15 0.5491071428571429 0.234375 0.052455357142857144 0.06696428571428571
15 0.5580357142857143 0.30691964285714285 0.052455357142857144 0.06696428571428571
15 0.40513392857142855 0.5089285714285714 0.060267857142857144 0.08370535714285714
15 0.35267857142857145 0.4575892857142857 0.05803571428571429 0.07700892857142858
15 0.5200892857142857 0.5993303571428571 0.060267857142857144 0.07924107142857142
15 0.578125 0.5011160714285714 0.05580357142857143 0.06919642857142858
15 0.7611607142857143 0.6886160714285714 0.05580357142857143 0.06473214285714286
15 0.3482142857142857 0.9497767857142857 0.05803571428571429 0.06696428571428571
12 0.390625 0.140625 0.026785714285714284 0.03794642857142857
12 0.6205357142857143 0.6339285714285714 0.024553571428571428 0.033482142857142856
12 0.6428571428571429 0.6060267857142857 0.021205357142857144 0.03125
12 0.6350446428571429 0.5569196428571429 0.029017857142857144 0.03794642857142857
12 0.5881696428571429 0.8883928571428571 0.024553571428571428 0.03125
12 0.41183035714285715 0.9933035714285714 0.024553571428571428 0.013392857142857142
12 0.7935267857142857 0.49888392857142855 0.018973214285714284 0.024553571428571428
12 0.9888392857142857 0.38392857142857145 0.021205357142857144 0.026785714285714284
12 0.9196428571428571 0.060267857142857144 0.018973214285714284 0.033482142857142856