13 0.21763392857142858 0.029017857142857144 0.22879464285714285 0.05803571428571429
13 0.3470982142857143 0.26339285714285715 0.18526785714285715 0.2622767857142857
13 0.08258928571428571 0.27566964285714285 0.16517857142857142 0.22991071428571427
0 0.19419642857142858 0.37388392857142855 0.38839285714285715 0.2700892857142857
13 0.046875 0.10267857142857142 0.09375 0.20424107142857142
13 0.7075892857142857 0.041294642857142856 0.26674107142857145 0.08147321428571429
13 0.48214285714285715 0.04352678571428571 0.08370535714285714 0.08147321428571429
13 0.8515625 0.36941964285714285 0.296875 0.27901785714285715
13 0.5044642857142857 0.078125 0.12946428571428573 0.15625
13 0.6729910714285714 0.10825892857142858 0.2689732142857143 0.21651785714285715
3 0.5959821428571429 0.3627232142857143 0.3125 0.2935267857142857
13 0.9073660714285714 0.15178571428571427 0.18526785714285715 0.25
9 0.25669642857142855 0.7544642857142857 0.36495535714285715 0.48995535714285715
3 0.6183035714285714 0.7377232142857143 0.3560267857142857 0.4564732142857143