18 0.24776785714285715 0.8805803571428571 0.07924107142857142 0.07924107142857142
18 0.5446428571428571 0.5256696428571429 0.07254464285714286 0.09151785714285714
14 0.8058035714285714 0.19419642857142858 0.07254464285714286 0.07254464285714286
14 0.16517857142857142 0.23325892857142858 0.0625 0.052455357142857144
18 0.8426339285714286 0.5970982142857143 0.08147321428571429 0.07700892857142858
12 0.7332589285714286 0.4263392857142857 0.04352678571428571 0.029017857142857144
12 0.5792410714285714 0.46205357142857145 0.033482142857142856 0.029017857142857144
12 0.46875 0.36495535714285715 0.033482142857142856 0.029017857142857144
14 0.6618303571428571 0.29910714285714285 0.08705357142857142 0.0625
14 0.5580357142857143 0.7522321428571429 0.07700892857142858 0.07254464285714286
14 0.40848214285714285 0.38058035714285715 0.07477678571428571 0.05803571428571429