13 0.027901785714285716 0.375 0.05580357142857143 0.21651785714285715
13 0.36160714285714285 0.07254464285714286 0.24776785714285715 0.14397321428571427
13 0.43191964285714285 0.13950892857142858 0.13727678571428573 0.27901785714285715
13 0.060267857142857144 0.4095982142857143 0.12053571428571429 0.22321428571428573
0 0.19866071428571427 0.19977678571428573 0.39620535714285715 0.39955357142857145
13 0.2533482142857143 0.390625 0.24776785714285715 0.24553571428571427
13 0.35379464285714285 0.5524553571428571 0.27455357142857145 0.12946428571428573
13 0.4419642857142857 0.4375 0.11495535714285714 0.23549107142857142
10 0.7165178571428571 0.21986607142857142 0.4330357142857143 0.43973214285714285
3 0.31808035714285715 0.8091517857142857 0.3627232142857143 0.38169642857142855
10 0.671875 0.8091517857142857 0.34375 0.38169642857142855