10 0.14397321428571427 0.3013392857142857 0.28794642857142855 0.13169642857142858
13 0.9308035714285714 0.3247767857142857 0.13839285714285715 0.08705357142857142
13 0.890625 0.03236607142857143 0.21875 0.06473214285714286
13 0.7299107142857143 0.03125 0.18080357142857142 0.0625
3 0.6875 0.20089285714285715 0.44754464285714285 0.33370535714285715
0 0.359375 0.6071428571428571 0.18080357142857142 0.47879464285714285
13 0.7879464285714286 0.41629464285714285 0.29799107142857145 0.09598214285714286
13 0.9185267857142857 0.9252232142857143 0.16294642857142858 0.14955357142857142
13 0.7410714285714286 0.8895089285714286 0.24776785714285715 0.22098214285714285
13 0.5792410714285714 0.6272321428571429 0.24553571428571427 0.25669642857142855
13 0.5524553571428571 0.4263392857142857 0.20647321428571427 0.11830357142857142
3 0.8359375 0.6529017857142857 0.328125 0.5066964285714286