2 0.13616071428571427 0.03125 0.07477678571428571 0.0625
7 0.7834821428571429 0.9408482142857143 0.08928571428571429 0.11830357142857142
11 0.6506696428571429 0.3939732142857143 0.0625 0.09821428571428571
13 0.5256696428571429 0.5111607142857143 0.07700892857142858 0.11272321428571429
8 0.39732142857142855 0.3950892857142857 0.06696428571428571 0.08705357142857142
8 0.049107142857142856 0.47767857142857145 0.05803571428571429 0.08147321428571429
13 0.43861607142857145 0.6316964285714286 0.06696428571428571 0.08928571428571429
13 0.5279017857142857 0.6395089285714286 0.060267857142857144 0.09151785714285714
13 0.6573660714285714 0.7555803571428571 0.07700892857142858 0.11272321428571429
13 0.9040178571428571 0.4174107142857143 0.0625 0.07700892857142858
13 0.8348214285714286 0.6819196428571429 0.06696428571428571 0.09151785714285714
13 0.7935267857142857 0.7589285714285714 0.07254464285714286 0.09598214285714286
15 0.27566964285714285 0.7857142857142857 0.05803571428571429 0.08928571428571429
13 0.2767857142857143 0.7098214285714286 0.07700892857142858 0.11272321428571429
13 0.8091517857142857 0.42857142857142855 0.07700892857142858 0.11272321428571429
13 0.890625 0.9609375 0.07589285714285714 0.078125
13 0.20982142857142858 0.8895089285714286 0.06696428571428571 0.09151785714285714
13 0.6283482142857143 0.8537946428571429 0.06473214285714286 0.09821428571428571
13 0.42410714285714285 0.8236607142857143 0.07254464285714286 0.09151785714285714
13 0.96875 0.8136160714285714 0.0625 0.08705357142857142
13 0.20647321428571427 0.7924107142857143 0.07700892857142858 0.10044642857142858
13 0.015625 0.7477678571428571 0.03125 0.09151785714285714
13 0.5948660714285714 0.7243303571428571 0.07700892857142858 0.11272321428571429
13 0.7310267857142857 0.6875 0.06919642857142858 0.10379464285714286
13 0.8973214285714286 0.6104910714285714 0.07700892857142858 0.09598214285714286
13 0.03571428571428571 0.5524553571428571 0.07142857142857142 0.11383928571428571
13 0.39620535714285715 0.5513392857142857 0.07700892857142858 0.11272321428571429
13 0.21763392857142858 0.5446428571428571 0.06696428571428571 0.09598214285714286
13 0.9274553571428571 0.5189732142857143 0.06696428571428571 0.08928571428571429
13 0.7366071428571429 0.5122767857142857 0.06919642857142858 0.08928571428571429
13 0.6495535714285714 0.49330357142857145 0.07700892857142858 0.09821428571428571
13 0.28125 0.45982142857142855 0.07700892857142858 0.11272321428571429
13 0.4732142857142857 0.45424107142857145 0.07254464285714286 0.09598214285714286
13 0.5569196428571429 0.42857142857142855 0.06696428571428571 0.09598214285714286
13 0.5145089285714286 0.3638392857142857 0.07700892857142858 0.11272321428571429
13 0.96875 0.3638392857142857 0.0625 0.09821428571428571
13 0.4029017857142857 0.31026785714285715 0.07700892857142858 0.11272321428571429
13 0.3169642857142857 0.31026785714285715 0.07254464285714286 0.08928571428571429
13 0.21540178571428573 0.27901785714285715 0.07700892857142858 0.11272321428571429
13 0.9107142857142857 0.2689732142857143 0.07700892857142858 0.11272321428571429
13 0.5189732142857143 0.27566964285714285 0.07700892857142858 0.11272321428571429
13 0.7600446428571429 0.27232142857142855 0.06696428571428571 0.09151785714285714
13 0.8426339285714286 0.27232142857142855 0.07700892857142858 0.08705357142857142
13 0.15513392857142858 0.24888392857142858 0.06919642857142858 0.09598214285714286
13 0.4497767857142857 0.22767857142857142 0.07700892857142858 0.11272321428571429
13 0.29017857142857145 0.17745535714285715 0.07700892857142858 0.08928571428571429
13 0.3939732142857143 0.17299107142857142 0.06696428571428571 0.10044642857142858
13 0.09151785714285714 0.06584821428571429 0.07700892857142858 0.10044642857142858
13 0.030133928571428572 0.049107142857142856 0.060267857142857144 0.09821428571428571
13 0.5022321428571429 0.03459821428571429 0.07700892857142858 0.06919642857142858
13 0.6618303571428571 0.03794642857142857 0.078125 0.07589285714285714
13 0.7868303571428571 0.036830357142857144 0.078125 0.07366071428571429
16 0.6975446428571429 0.09040178571428571 0.07700892857142858 0.11272321428571429
16 0.8214285714285714 0.11495535714285714 0.06696428571428571 0.09151785714285714
16 0.6674107142857143 0.5837053571428571 0.07700892857142858 0.09598214285714286
16 0.34151785714285715 0.5212053571428571 0.07700892857142858 0.11272321428571429
16 0.029017857142857144 0.328125 0.05803571428571429 0.09598214285714286
13 0.12834821428571427 0.6964285714285714 0.07700892857142858 0.11272321428571429
13 0.078125 0.6205357142857143 0.06919642857142858 0.09598214285714286
13 0.13058035714285715 0.5647321428571429 0.07700892857142858 0.11272321428571429
13 0.11383928571428571 0.46651785714285715 0.07254464285714286 0.09598214285714286
13 0.06696428571428571 0.7455357142857143 0.07254464285714286 0.07700892857142858
13 0.06919642857142858 0.8247767857142857 0.07700892857142858 0.11272321428571429
13 0.11049107142857142 0.8995535714285714 0.06696428571428571 0.10044642857142858
13 0.16183035714285715 0.9497767857142857 0.07700892857142858 0.10044642857142858
13 0.3236607142857143 0.6160714285714286 0.07700892857142858 0.11272321428571429
11 0.2689732142857143 0.6283482142857143 0.07700892857142858 0.07254464285714286
13 0.34263392857142855 0.6897321428571429 0.07700892857142858 0.11272321428571429
13 0.36830357142857145 0.7845982142857143 0.07700892857142858 0.11272321428571429
13 0.40625 0.7142857142857143 0.060267857142857144 0.08370535714285714
13 0.08370535714285714 0.16071428571428573 0.06696428571428571 0.10044642857142858
13 0.23772321428571427 0.10044642857142858 0.07254464285714286 0.09598214285714286
11 0.49441964285714285 0.09486607142857142 0.0625 0.09598214285714286
13 0.5145089285714286 0.15848214285714285 0.07700892857142858 0.11272321428571429
13 0.40736607142857145 0.03125 0.07700892857142858 0.0625
13 0.5011160714285714 0.7131696428571429 0.07700892857142858 0.11272321428571429
13 0.5323660714285714 0.7756696428571429 0.07254464285714286 0.11049107142857142
13 0.6629464285714286 0.6595982142857143 0.07700892857142858 0.11272321428571429
13 0.9017857142857143 0.8113839285714286 0.07477678571428571 0.09151785714285714
13 0.8035714285714286 0.5223214285714286 0.05803571428571429 0.07924107142857142
13 0.8705357142857143 0.34598214285714285 0.07700892857142858 0.11272321428571429
13 0.5993303571428571 0.03459821428571429 0.07924107142857142 0.06919642857142858
13 0.6060267857142857 0.10491071428571429 0.06696428571428571 0.09151785714285714
13 0.6808035714285714 0.20758928571428573 0.0625 0.08705357142857142
13 0.6216517857142857 0.23214285714285715 0.06473214285714286 0.09598214285714286
13 0.2857142857142857 0.9564732142857143 0.06696428571428571 0.08370535714285714
13 0.7053571428571429 0.9598214285714286 0.07700892857142858 0.07924107142857142
8 0.7444196428571429 0.078125 0.06919642857142858 0.07700892857142858
8 0.9118303571428571 0.03125 0.06919642857142858 0.0625
8 0.14955357142857142 0.33482142857142855 0.060267857142857144 0.07254464285714286
5 0.03236607142857143 0.21986607142857142 0.0625 0.08928571428571429
13 0.19754464285714285 0.6339285714285714 0.07254464285714286 0.09598214285714286
13 0.08705357142857142 0.3013392857142857 0.06473214285714286 0.10044642857142858
15 0.24441964285714285 0.04017857142857143 0.07254464285714286 0.07924107142857142