13 0.10602678571428571 0.14732142857142858 0.21205357142857142 0.24776785714285715
3 0.21428571428571427 0.3314732142857143 0.40848214285714285 0.375
13 0.046875 0.06361607142857142 0.09375 0.12723214285714285
13 0.030133928571428572 0.31473214285714285 0.060267857142857144 0.26004464285714285
13 0.31361607142857145 0.017857142857142856 0.22879464285714285 0.03571428571428571
13 0.32589285714285715 0.12723214285714285 0.23102678571428573 0.22098214285714285
13 0.45200892857142855 0.17410714285714285 0.09598214285714286 0.25669642857142855
3 0.8526785714285714 0.29575892857142855 0.29464285714285715 0.44419642857142855
13 0.37276785714285715 0.9363839285714286 0.2544642857142857 0.12723214285714285
13 0.4888392857142857 0.7979910714285714 0.021205357142857144 0.19754464285714285
6 0.14174107142857142 0.7723214285714286 0.28348214285714285 0.3872767857142857
13 0.3794642857142857 0.7488839285714286 0.23325892857142858 0.3002232142857143
13 0.41294642857142855 0.5636160714285714 0.17299107142857142 0.08928571428571429
0 0.6819196428571429 0.7779017857142857 0.3627232142857143 0.44419642857142855