13 0.9776785714285714 0.23325892857142858 0.044642857142857144 0.203125
13 0.17299107142857142 0.3169642857142857 0.2857142857142857 0.20424107142857142
13 0.04799107142857143 0.5111607142857143 0.09598214285714286 0.18973214285714285
6 0.4966517857142857 0.5055803571428571 0.375 0.36049107142857145
13 0.7533482142857143 0.9575892857142857 0.24776785714285715 0.08370535714285714
13 0.20424107142857142 0.5502232142857143 0.21428571428571427 0.2857142857142857
13 0.6529017857142857 0.7220982142857143 0.18973214285714285 0.17075892857142858
13 0.39174107142857145 0.9430803571428571 0.22879464285714285 0.11272321428571429
13 0.8493303571428571 0.8024553571428571 0.22321428571428573 0.22321428571428573
13 0.7689732142857143 0.38392857142857145 0.21651785714285715 0.22544642857142858
13 0.44308035714285715 0.18638392857142858 0.2767857142857143 0.19754464285714285
13 0.18191964285714285 0.11049107142857142 0.24330357142857142 0.19977678571428573
13 0.14508928571428573 0.8113839285714286 0.24330357142857142 0.21651785714285715
13 0.8660714285714286 0.13504464285714285 0.21205357142857142 0.19196428571428573