13 0.08258928571428571 0.234375 0.11272321428571429 0.07700892857142858
13 0.5881696428571429 0.5680803571428571 0.11272321428571429 0.07700892857142858
13 0.4877232142857143 0.6004464285714286 0.11272321428571429 0.07700892857142858
13 0.2689732142857143 0.4419642857142857 0.11272321428571429 0.07700892857142858
13 0.19308035714285715 0.8861607142857143 0.11272321428571429 0.07700892857142858
13 0.15848214285714285 0.8002232142857143 0.11272321428571429 0.07700892857142858
13 0.15959821428571427 0.5513392857142857 0.11272321428571429 0.07700892857142858
13 0.12276785714285714 0.5011160714285714 0.11272321428571429 0.07700892857142858
13 0.08147321428571429 0.43191964285714285 0.11272321428571429 0.07700892857142858
13 0.06808035714285714 0.31919642857142855 0.11272321428571429 0.07700892857142858
13 0.04799107142857143 0.7912946428571429 0.09598214285714286 0.07700892857142858
13 0.07924107142857142 0.8638392857142857 0.11272321428571429 0.07924107142857142
13 0.06138392857142857 0.9620535714285714 0.11383928571428571 0.07589285714285714
13 0.26674107142857145 0.7667410714285714 0.11272321428571429 0.07924107142857142
13 0.3872767857142857 0.7566964285714286 0.11272321428571429 0.07700892857142858
13 0.23772321428571427 0.6908482142857143 0.11272321428571429 0.07700892857142858
13 0.49776785714285715 0.6986607142857143 0.11272321428571429 0.07700892857142858
13 0.4341517857142857 0.6395089285714286 0.11272321428571429 0.07700892857142858
13 0.5223214285714286 0.7700892857142857 0.11272321428571429 0.07700892857142858
13 0.5647321428571429 0.8816964285714286 0.09151785714285714 0.07700892857142858
13 0.5345982142857143 0.8404017857142857 0.11272321428571429 0.07700892857142858
13 0.7667410714285714 0.8136160714285714 0.11272321428571429 0.07924107142857142
13 0.8404017857142857 0.8325892857142857 0.11272321428571429 0.07700892857142858
13 0.9118303571428571 0.9006696428571429 0.11272321428571429 0.07700892857142858
13 0.9408482142857143 0.8080357142857143 0.09598214285714286 0.07700892857142858
13 0.9564732142857143 0.9542410714285714 0.08705357142857142 0.07924107142857142
13 0.4720982142857143 0.9676339285714286 0.11272321428571429 0.06473214285714286
13 0.39732142857142855 0.9676339285714286 0.11272321428571429 0.06473214285714286
13 0.6439732142857143 0.6997767857142857 0.09151785714285714 0.07254464285714286
13 0.7466517857142857 0.5502232142857143 0.11272321428571429 0.07700892857142858
13 0.7667410714285714 0.4732142857142857 0.11272321428571429 0.07700892857142858
13 0.9609375 0.45200892857142855 0.078125 0.078125
13 0.9508928571428571 0.37611607142857145 0.09598214285714286 0.07700892857142858
13 0.6026785714285714 0.38504464285714285 0.11272321428571429 0.07700892857142858
13 0.6930803571428571 0.37611607142857145 0.11272321428571429 0.07700892857142858
13 0.7845982142857143 0.3627232142857143 0.11272321428571429 0.07700892857142858
13 0.08482142857142858 0.7243303571428571 0.11272321428571429 0.07700892857142858
13 0.5502232142857143 0.6316964285714286 0.11272321428571429 0.07700892857142858
13 0.8292410714285714 0.7645089285714286 0.11272321428571429 0.07924107142857142
11 0.8270089285714286 0.6841517857142857 0.11272321428571429 0.07924107142857142
13 0.9308035714285714 0.6941964285714286 0.10602678571428571 0.07924107142857142
13 0.9553571428571429 0.6004464285714286 0.08928571428571429 0.07700892857142858
13 0.45200892857142855 0.5245535714285714 0.11272321428571429 0.07700892857142858
13 0.5033482142857143 0.4564732142857143 0.11272321428571429 0.07700892857142858
13 0.4263392857142857 0.4486607142857143 0.11272321428571429 0.07700892857142858
13 0.5479910714285714 0.5033482142857143 0.11272321428571429 0.07700892857142858
13 0.4966517857142857 0.36049107142857145 0.11272321428571429 0.07700892857142858
13 0.625 0.16741071428571427 0.11272321428571429 0.07700892857142858
13 0.7957589285714286 0.17745535714285715 0.11272321428571429 0.07700892857142858
13 0.9352678571428571 0.2767857142857143 0.11272321428571429 0.07700892857142858
13 0.9118303571428571 0.13058035714285715 0.11272321428571429 0.07700892857142858
13 0.953125 0.08370535714285714 0.09375 0.07700892857142858
13 0.8381696428571429 0.09263392857142858 0.11272321428571429 0.07700892857142858
13 0.7410714285714286 0.08370535714285714 0.11272321428571429 0.07700892857142858
13 0.7243303571428571 0.14620535714285715 0.11272321428571429 0.07700892857142858
13 0.3125 0.14508928571428573 0.11272321428571429 0.07700892857142858
13 0.38058035714285715 0.09040178571428571 0.11272321428571429 0.07700892857142858
13 0.22991071428571427 0.21986607142857142 0.10602678571428571 0.07700892857142858
13 0.12834821428571427 0.14508928571428573 0.11272321428571429 0.07700892857142858
13 0.9598214285714286 0.21986607142857142 0.07924107142857142 0.07700892857142858
13 0.45535714285714285 0.03125 0.11272321428571429 0.0625
13 0.38058035714285715 0.033482142857142856 0.11272321428571429 0.06696428571428571
13 0.29799107142857145 0.8995535714285714 0.11272321428571429 0.07700892857142858
13 0.036830357142857144 0.2689732142857143 0.07366071428571429 0.078125
8 0.041294642857142856 0.4720982142857143 0.08147321428571429 0.07700892857142858
13 0.03794642857142857 0.5267857142857143 0.07589285714285714 0.07589285714285714
13 0.03125 0.9051339285714286 0.0625 0.07700892857142858
13 0.04352678571428571 0.11160714285714286 0.08705357142857142 0.07924107142857142
13 0.04352678571428571 0.19196428571428573 0.08705357142857142 0.07700892857142858
13 0.27901785714285715 0.041294642857142856 0.11272321428571429 0.07700892857142858
13 0.40066964285714285 0.13727678571428573 0.11272321428571429 0.07700892857142858
13 0.5904017857142857 0.04017857142857143 0.11272321428571429 0.07924107142857142
13 0.6473214285714286 0.10044642857142858 0.11272321428571429 0.07700892857142858
13 0.5368303571428571 0.23102678571428573 0.11272321428571429 0.07700892857142858
13 0.7020089285714286 0.9709821428571429 0.11272321428571429 0.05803571428571429
8 0.7209821428571429 0.2533482142857143 0.11272321428571429 0.07700892857142858
13 0.7410714285714286 0.030133928571428572 0.11272321428571429 0.05803571428571429
13 0.8415178571428571 0.024553571428571428 0.11272321428571429 0.04799107142857143
13 0.9029017857142857 0.03459821428571429 0.11272321428571429 0.06696428571428571
13 0.8839285714285714 0.3794642857142857 0.11272321428571429 0.07700892857142858
11 0.8415178571428571 0.5636160714285714 0.11272321428571429 0.07700892857142858
13 0.6227678571428571 0.9553571428571429 0.09598214285714286 0.052455357142857144
13 0.8761160714285714 0.9743303571428571 0.11272321428571429 0.05022321428571429
13 0.7801339285714286 0.9720982142857143 0.11272321428571429 0.05580357142857143
13 0.7064732142857143 0.6261160714285714 0.11272321428571429 0.07700892857142858
14 0.3314732142857143 0.48214285714285715 0.11272321428571429 0.06696428571428571
11 0.6774553571428571 0.7991071428571429 0.07700892857142858 0.07700892857142858
2 0.3247767857142857 0.9508928571428571 0.09821428571428571 0.06919642857142858
11 0.4185267857142857 0.8292410714285714 0.11272321428571429 0.07700892857142858
13 0.28125 0.5881696428571429 0.11272321428571429 0.07700892857142858
13 0.17522321428571427 0.6417410714285714 0.11272321428571429 0.07700892857142858
11 0.6540178571428571 0.4497767857142857 0.11272321428571429 0.07700892857142858
13 0.24107142857142858 0.5122767857142857 0.11272321428571429 0.07700892857142858
14 0.16517857142857142 0.42410714285714285 0.09151785714285714 0.07924107142857142
14 0.19754464285714285 0.37611607142857145 0.09375 0.07477678571428571
8 0.39732142857142855 0.36830357142857145 0.11272321428571429 0.07700892857142858
13 0.33816964285714285 0.31808035714285715 0.11272321428571429 0.07700892857142858
11 0.48660714285714285 0.12611607142857142 0.08928571428571429 0.07700892857142858
11 0.5435267857142857 0.09486607142857142 0.11272321428571429 0.07700892857142858
13 0.8638392857142857 0.4486607142857143 0.11272321428571429 0.07700892857142858
13 0.8582589285714286 0.30691964285714285 0.11272321428571429 0.07700892857142858
13 0.8716517857142857 0.23995535714285715 0.11272321428571429 0.07700892857142858
13 0.22767857142857142 0.15625 0.11272321428571429 0.07700892857142858
13 0.20647321428571427 0.07924107142857142 0.11272321428571429 0.07700892857142858
13 0.3861607142857143 0.8805803571428571 0.11272321428571429 0.07700892857142858
13 0.8772321428571429 0.6395089285714286 0.11272321428571429 0.07700892857142858
18 0.23214285714285715 0.31919642857142855 0.11272321428571429 0.07700892857142858
11 0.6305803571428571 0.24441964285714285 0.09821428571428571 0.07700892857142858
13 0.46763392857142855 0.27120535714285715 0.09598214285714286 0.06696428571428571