15 0.7935267857142857 0.8314732142857143 0.08705357142857142 0.06473214285714286
11 0.22098214285714285 0.8604910714285714 0.11272321428571429 0.07924107142857142
13 0.5178571428571429 0.9073660714285714 0.09598214285714286 0.07254464285714286
8 0.29575892857142855 0.04575892857142857 0.11272321428571429 0.07700892857142858
16 0.8035714285714286 0.4419642857142857 0.09598214285714286 0.06919642857142858
16 0.6339285714285714 0.24776785714285715 0.10044642857142858 0.07254464285714286
16 0.42075892857142855 0.4174107142857143 0.10044642857142858 0.07254464285714286
16 0.43526785714285715 0.32589285714285715 0.10044642857142858 0.07700892857142858
16 0.5446428571428571 0.5290178571428571 0.10044642857142858 0.08928571428571429
11 0.6127232142857143 0.5680803571428571 0.0625 0.07924107142857142
16 0.8325892857142857 0.6149553571428571 0.09151785714285714 0.07700892857142858
16 0.9598214285714286 0.5770089285714286 0.07924107142857142 0.06919642857142858
16 0.84375 0.7756696428571429 0.11272321428571429 0.07700892857142858
16 0.9319196428571429 0.7600446428571429 0.09151785714285714 0.07700892857142858
16 0.8158482142857143 0.5279017857142857 0.10602678571428571 0.07700892857142858
16 0.7075892857142857 0.5245535714285714 0.09598214285714286 0.07254464285714286
16 0.45200892857142855 0.7165178571428571 0.09598214285714286 0.07254464285714286
16 0.359375 0.7589285714285714 0.10044642857142858 0.06919642857142858
16 0.27120535714285715 0.6595982142857143 0.09151785714285714 0.06696428571428571
16 0.19196428571428573 0.6875 0.09598214285714286 0.06473214285714286
16 0.24330357142857142 0.7433035714285714 0.09598214285714286 0.06919642857142858
16 0.578125 0.6595982142857143 0.08928571428571429 0.0625
16 0.28348214285714285 0.44642857142857145 0.09151785714285714 0.0625
16 0.18861607142857142 0.53125 0.08928571428571429 0.06473214285714286
16 0.18080357142857142 0.6037946428571429 0.09151785714285714 0.06696428571428571
16 0.13504464285714285 0.4799107142857143 0.07700892857142858 0.06696428571428571
16 0.13392857142857142 0.16294642857142858 0.09598214285714286 0.0625
16 0.3404017857142857 0.10602678571428571 0.09598214285714286 0.07700892857142858
16 0.125 0.08035714285714286 0.09598214285714286 0.06919642857142858
13 0.9241071428571429 0.671875 0.09598214285714286 0.06919642857142858
13 0.44419642857142855 0.7857142857142857 0.09151785714285714 0.07254464285714286
5 0.6852678571428571 0.8258928571428571 0.09151785714285714 0.07254464285714286
13 0.36941964285714285 0.6852678571428571 0.09151785714285714 0.06696428571428571
13 0.37388392857142855 0.5111607142857143 0.08147321428571429 0.06696428571428571
13 0.6205357142857143 0.4810267857142857 0.08705357142857142 0.07254464285714286
13 0.8024553571428571 0.3560267857142857 0.10602678571428571 0.07700892857142858
13 0.7332589285714286 0.18303571428571427 0.08705357142857142 0.07254464285714286
13 0.7924107142857143 0.12946428571428573 0.08928571428571429 0.06696428571428571
13 0.3950892857142857 0.16964285714285715 0.09598214285714286 0.06696428571428571
13 0.5424107142857143 0.27120535714285715 0.08370535714285714 0.06696428571428571
13 0.052455357142857144 0.21875 0.09598214285714286 0.07254464285714286
13 0.03459821428571429 0.09933035714285714 0.06696428571428571 0.07477678571428571
13 0.07254464285714286 0.8973214285714286 0.09151785714285714 0.06919642857142858
15 0.05915178571428571 0.7857142857142857 0.09151785714285714 0.06919642857142858
13 0.04799107142857143 0.7477678571428571 0.09598214285714286 0.06919642857142858
13 0.9252232142857143 0.9229910714285714 0.09598214285714286 0.06696428571428571
13 0.9665178571428571 0.828125 0.06696428571428571 0.06696428571428571
16 0.8404017857142857 0.8917410714285714 0.09598214285714286 0.07477678571428571
12 0.6607142857142857 0.5803571428571429 0.029017857142857144 0.024553571428571428
12 0.703125 0.2611607142857143 0.029017857142857144 0.018973214285714284