15 0.11941964285714286 0.7533482142857143 0.07700892857142858 0.11272321428571429
15 0.23325892857142858 0.5881696428571429 0.06696428571428571 0.07700892857142858
15 0.46875 0.5904017857142857 0.07700892857142858 0.11272321428571429
15 0.5412946428571429 0.5591517857142857 0.07700892857142858 0.11272321428571429
15 0.40513392857142855 0.4810267857142857 0.07700892857142858 0.11272321428571429
15 0.2779017857142857 0.6674107142857143 0.07700892857142858 0.11272321428571429
15 0.8180803571428571 0.20982142857142858 0.07700892857142858 0.11272321428571429
15 0.9051339285714286 0.31026785714285715 0.07700892857142858 0.11272321428571429
15 0.48549107142857145 0.34375 0.07700892857142858 0.11272321428571429
15 0.5558035714285714 0.2622767857142857 0.07700892857142858 0.11272321428571429
15 0.40736607142857145 0.10825892857142858 0.07700892857142858 0.11272321428571429
15 0.23772321428571427 0.12723214285714285 0.07700892857142858 0.11272321428571429
15 0.23325892857142858 0.0625 0.07700892857142858 0.11272321428571429
15 0.03236607142857143 0.15178571428571427 0.0625 0.08705357142857142
15 0.12611607142857142 0.16517857142857142 0.07700892857142858 0.11272321428571429
15 0.9709821428571429 0.5323660714285714 0.05803571428571429 0.11272321428571429
15 0.6138392857142857 0.8493303571428571 0.07700892857142858 0.11272321428571429
15 0.5 0.8236607142857143 0.07700892857142858 0.11272321428571429
15 0.13950892857142858 0.8404017857142857 0.07700892857142858 0.11272321428571429
15 0.17633928571428573 0.7165178571428571 0.07700892857142858 0.11272321428571429
15 0.20758928571428573 0.6495535714285714 0.06919642857142858 0.08705357142857142
15 0.39955357142857145 0.5770089285714286 0.07700892857142858 0.11272321428571429
15 0.5245535714285714 0.40848214285714285 0.07700892857142858 0.11272321428571429
15 0.8002232142857143 0.5680803571428571 0.07700892857142858 0.11272321428571429
15 0.8136160714285714 0.6964285714285714 0.07700892857142858 0.11272321428571429
15 0.7600446428571429 0.6897321428571429 0.07700892857142858 0.11272321428571429
15 0.6462053571428571 0.6439732142857143 0.07700892857142858 0.11272321428571429
15 0.7220982142857143 0.7622767857142857 0.07700892857142858 0.11272321428571429
15 0.921875 0.13058035714285715 0.07700892857142858 0.11272321428571429
15 0.046875 0.23102678571428573 0.07700892857142858 0.11272321428571429
15 0.10825892857142858 0.38950892857142855 0.07700892857142858 0.11272321428571429
15 0.33816964285714285 0.9040178571428571 0.07700892857142858 0.11272321428571429
15 0.15513392857142858 0.9520089285714286 0.07700892857142858 0.09598214285714286
15 0.23995535714285715 0.9319196428571429 0.07700892857142858 0.11272321428571429
15 0.390625 0.8526785714285714 0.07700892857142858 0.11272321428571429
15 0.3627232142857143 0.20982142857142858 0.07700892857142858 0.11272321428571429
15 0.5982142857142857 0.22209821428571427 0.07700892857142858 0.11272321428571429
15 0.6986607142857143 0.5848214285714286 0.07700892857142858 0.11272321428571429
15 0.5892857142857143 0.5435267857142857 0.07700892857142858 0.11272321428571429
15 0.33705357142857145 0.6473214285714286 0.07700892857142858 0.11272321428571429
15 0.7142857142857143 0.10602678571428571 0.07700892857142858 0.11272321428571429
15 0.42075892857142855 0.22098214285714285 0.07254464285714286 0.08370535714285714
15 0.06696428571428571 0.7276785714285714 0.07700892857142858 0.11272321428571429
15 0.078125 0.6160714285714286 0.07700892857142858 0.11272321428571429
15 0.052455357142857144 0.44308035714285715 0.07700892857142858 0.11272321428571429
15 0.12053571428571429 0.29575892857142855 0.07700892857142858 0.11272321428571429
15 0.18638392857142858 0.20200892857142858 0.07700892857142858 0.11272321428571429
15 0.13950892857142858 0.09375 0.07700892857142858 0.11272321428571429
15 0.4174107142857143 0.05022321428571429 0.07700892857142858 0.10044642857142858
15 0.5892857142857143 0.40848214285714285 0.07700892857142858 0.11272321428571429
15 0.43191964285714285 0.6897321428571429 0.07700892857142858 0.11272321428571429
15 0.49888392857142855 0.6785714285714286 0.07700892857142858 0.11272321428571429
15 0.8683035714285714 0.6729910714285714 0.07700892857142858 0.11272321428571429
15 0.9095982142857143 0.75 0.07700892857142858 0.11272321428571429
15 0.6037946428571429 0.7444196428571429 0.07700892857142858 0.11272321428571429
15 0.6819196428571429 0.8270089285714286 0.07700892857142858 0.11272321428571429
15 0.7254464285714286 0.9263392857142857 0.07700892857142858 0.11272321428571429
15 0.7689732142857143 0.42857142857142855 0.07700892857142858 0.11272321428571429
15 0.7879464285714286 0.3470982142857143 0.07700892857142858 0.11272321428571429
15 0.7444196428571429 0.2935267857142857 0.07700892857142858 0.11272321428571429
15 0.6674107142857143 0.3236607142857143 0.07700892857142858 0.11272321428571429
15 0.828125 0.40848214285714285 0.07700892857142858 0.11272321428571429
15 0.9274553571428571 0.36607142857142855 0.07700892857142858 0.11272321428571429
15 0.9520089285714286 0.2622767857142857 0.07700892857142858 0.11272321428571429
15 0.9732142857142857 0.3638392857142857 0.052455357142857144 0.11272321428571429
15 0.8549107142857143 0.049107142857142856 0.07700892857142858 0.09598214285714286
15 0.9631696428571429 0.09040178571428571 0.07254464285714286 0.11272321428571429
15 0.6506696428571429 0.044642857142857144 0.07924107142857142 0.08928571428571429
15 0.5167410714285714 0.11941964285714286 0.07700892857142858 0.11272321428571429
15 0.5167410714285714 0.04352678571428571 0.07700892857142858 0.08705357142857142
15 0.7120535714285714 0.19084821428571427 0.07700892857142858 0.11272321428571429
15 0.6462053571428571 0.14508928571428573 0.07700892857142858 0.11272321428571429
15 0.8493303571428571 0.12834821428571427 0.07700892857142858 0.11272321428571429
15 0.23549107142857142 0.36495535714285715 0.07700892857142858 0.11272321428571429
15 0.11941964285714286 0.4888392857142857 0.07700892857142858 0.11272321428571429
15 0.16629464285714285 0.39732142857142855 0.07700892857142858 0.11272321428571429
15 0.03236607142857143 0.6127232142857143 0.0625 0.11272321428571429
15 0.31361607142857145 0.17075892857142858 0.07700892857142858 0.11272321428571429
15 0.41183035714285715 0.3716517857142857 0.07700892857142858 0.11272321428571429
15 0.9587053571428571 0.9341517857142857 0.07700892857142858 0.11272321428571429
15 0.8571428571428571 0.9542410714285714 0.07924107142857142 0.09151785714285714
19 0.06696428571428571 0.9319196428571429 0.11160714285714286 0.13616071428571427