3 0.296875 0.328125 0.44419642857142855 0.5602678571428571
13 0.12611607142857142 0.48995535714285715 0.25223214285714285 0.23549107142857142
13 0.17745535714285715 0.09933035714285714 0.27455357142857145 0.19866071428571427
13 0.08258928571428571 0.2767857142857143 0.16517857142857142 0.26785714285714285
13 0.38392857142857145 0.05357142857142857 0.26785714285714285 0.10714285714285714
0 0.7589285714285714 0.3046875 0.48214285714285715 0.578125
13 0.4107142857142857 0.6941964285714286 0.21651785714285715 0.17299107142857142
0 0.16741071428571427 0.8794642857142857 0.33370535714285715 0.23995535714285715
13 0.47879464285714285 0.8939732142857143 0.08147321428571429 0.21205357142857142
13 0.052455357142857144 0.7712053571428571 0.10491071428571429 0.25669642857142855
13 0.9620535714285714 0.8716517857142857 0.07589285714285714 0.24776785714285715
13 0.8013392857142857 0.8381696428571429 0.3247767857142857 0.31919642857142855
0 0.6662946428571429 0.7622767857142857 0.2935267857142857 0.3080357142857143
13 0.8872767857142857 0.9609375 0.22544642857142858 0.078125
13 0.8761160714285714 0.6819196428571429 0.24776785714285715 0.14620535714285715