9 0.5223214285714286 0.4877232142857143 0.4810267857142857 0.4497767857142857
13 0.8816964285714286 0.18191964285714285 0.22098214285714285 0.21875
13 0.8660714285714286 0.42299107142857145 0.17745535714285715 0.20200892857142858
13 0.18638392857142858 0.4185267857142857 0.25 0.16071428571428573
13 0.9363839285714286 0.6238839285714286 0.12723214285714285 0.20424107142857142
13 0.09598214285714286 0.6316964285714286 0.16629464285714285 0.19196428571428573
13 0.21986607142857142 0.7611607142857143 0.20200892857142858 0.22321428571428573
13 0.4654017857142857 0.13727678571428573 0.1875 0.19196428571428573
13 0.060267857142857144 0.18526785714285715 0.10379464285714286 0.21875
13 0.21651785714285715 0.06696428571428571 0.32700892857142855 0.11272321428571429
13 0.43638392857142855 0.765625 0.21205357142857142 0.23549107142857142
13 0.6395089285714286 0.8917410714285714 0.16852678571428573 0.20870535714285715
13 0.8683035714285714 0.8917410714285714 0.26339285714285715 0.20758928571428573
13 0.4341517857142857 0.9464285714285714 0.234375 0.10714285714285714
13 0.17522321428571427 0.9129464285714286 0.21205357142857142 0.17299107142857142