13 0.234375 0.140625 0.30245535714285715 0.24330357142857142
13 0.078125 0.09933035714285714 0.15625 0.19196428571428573
13 0.9475446428571429 0.9341517857142857 0.10491071428571429 0.13169642857142858
13 0.09933035714285714 0.9274553571428571 0.19866071428571427 0.140625
13 0.06808035714285714 0.78125 0.13504464285714285 0.21205357142857142
13 0.12165178571428571 0.5379464285714286 0.24330357142857142 0.24553571428571427
13 0.8459821428571429 0.44308035714285715 0.21428571428571427 0.22544642857142858
13 0.9207589285714286 0.22991071428571427 0.15401785714285715 0.25223214285714285
13 0.9174107142857143 0.7287946428571429 0.16071428571428573 0.19419642857142858
3 0.5055803571428571 0.5055803571428571 0.4564732142857143 0.47098214285714285
13 0.7232142857142857 0.20200892857142858 0.19754464285714285 0.21205357142857142
13 0.43638392857142855 0.9263392857142857 0.21651785714285715 0.14620535714285715
13 0.4888392857142857 0.15959821428571427 0.22098214285714285 0.20424107142857142
13 0.8091517857142857 0.8895089285714286 0.19419642857142858 0.19977678571428573