8 0.21428571428571427 0.24330357142857142 0.05803571428571429 0.07477678571428571
8 0.29575892857142855 0.05915178571428571 0.05803571428571429 0.07700892857142858
8 0.39955357142857145 0.8705357142857143 0.05803571428571429 0.07700892857142858
17 0.453125 0.3091517857142857 0.06696428571428571 0.08147321428571429
17 0.07142857142857142 0.8470982142857143 0.06696428571428571 0.09151785714285714
8 0.8415178571428571 0.12276785714285714 0.052455357142857144 0.07700892857142858
5 0.07254464285714286 0.1875 0.06473214285714286 0.09151785714285714
1 0.9006696428571429 0.09709821428571429 0.06919642857142858 0.09151785714285714
1 0.7845982142857143 0.05133928571428571 0.0625 0.09151785714285714
1 0.734375 0.37723214285714285 0.07254464285714286 0.08370535714285714
12 0.7410714285714286 0.46986607142857145 0.033482142857142856 0.052455357142857144
12 0.7533482142857143 0.6841517857142857 0.026785714285714284 0.03571428571428571
12 0.84375 0.8069196428571429 0.03794642857142857 0.052455357142857144
12 0.22879464285714285 0.8325892857142857 0.024553571428571428 0.033482142857142856
12 0.15513392857142858 0.6584821428571429 0.018973214285714284 0.029017857142857144
12 0.22879464285714285 0.5825892857142857 0.018973214285714284 0.024553571428571428
12 0.43191964285714285 0.5881696428571429 0.014508928571428572 0.026785714285714284
12 0.029017857142857144 0.20870535714285715 0.018973214285714284 0.029017857142857144
12 0.11383928571428571 0.08816964285714286 0.018973214285714284 0.024553571428571428
12 0.4888392857142857 0.04241071428571429 0.021205357142857144 0.018973214285714284
12 0.5401785714285714 0.3169642857142857 0.024553571428571428 0.029017857142857144
1 0.9732142857142857 0.5680803571428571 0.052455357142857144 0.09151785714285714
1 0.7075892857142857 0.9497767857142857 0.06919642857142858 0.09598214285714286
1 0.6473214285714286 0.8761160714285714 0.0625 0.08370535714285714
15 0.625 0.9542410714285714 0.05580357142857143 0.07254464285714286
1 0.9665178571428571 0.6830357142857143 0.06473214285714286 0.09821428571428571
1 0.5401785714285714 0.9397321428571429 0.07254464285714286 0.08370535714285714
1 0.43973214285714285 0.9620535714285714 0.0625 0.07589285714285714
1 0.3013392857142857 0.9587053571428571 0.0625 0.08147321428571429
1 0.13392857142857142 0.47544642857142855 0.06696428571428571 0.09598214285714286
1 0.8772321428571429 0.3325892857142857 0.06696428571428571 0.09151785714285714