16 0.875 0.6205357142857143 0.06696428571428571 0.09151785714285714
16 0.8348214285714286 0.3950892857142857 0.07700892857142858 0.10602678571428571
16 0.6060267857142857 0.14285714285714285 0.06696428571428571 0.09598214285714286
16 0.31808035714285715 0.5301339285714286 0.08147321428571429 0.09598214285714286
16 0.8191964285714286 0.7154017857142857 0.0625 0.08928571428571429
13 0.6004464285714286 0.390625 0.060267857142857144 0.07254464285714286
14 0.7287946428571429 0.19866071428571427 0.05803571428571429 0.06696428571428571
13 0.5256696428571429 0.06696428571428571 0.05803571428571429 0.07700892857142858
11 0.3125 0.17857142857142858 0.0625 0.09151785714285714
11 0.07589285714285714 0.31361607142857145 0.07700892857142858 0.07700892857142858
15 0.7243303571428571 0.6272321428571429 0.0625 0.08147321428571429
13 0.025669642857142856 0.10714285714285714 0.05022321428571429 0.08928571428571429
13 0.15513392857142858 0.04241071428571429 0.06696428571428571 0.08147321428571429
13 0.22433035714285715 0.03236607142857143 0.07254464285714286 0.06473214285714286
13 0.22321428571428573 0.12723214285714285 0.06696428571428571 0.09151785714285714
13 0.15625 0.18526785714285715 0.06919642857142858 0.09151785714285714
13 0.029017857142857144 0.38058035714285715 0.05803571428571429 0.08928571428571429
13 0.10044642857142858 0.44754464285714285 0.07700892857142858 0.08928571428571429
13 0.04017857142857143 0.48214285714285715 0.0625 0.08705357142857142
13 0.14732142857142858 0.3794642857142857 0.07254464285714286 0.09375
13 0.21540178571428573 0.41294642857142855 0.06696428571428571 0.09598214285714286
13 0.2779017857142857 0.45089285714285715 0.0625 0.09151785714285714
13 0.2544642857142857 0.22879464285714285 0.06696428571428571 0.09151785714285714
5 0.32254464285714285 0.27232142857142855 0.06696428571428571 0.08705357142857142
13 0.3325892857142857 0.09821428571428571 0.0625 0.08705357142857142
7 0.3950892857142857 0.07589285714285714 0.08705357142857142 0.11049107142857142
15 0.4017857142857143 0.16741071428571427 0.052455357142857144 0.07254464285714286
13 0.3549107142857143 0.3794642857142857 0.06473214285714286 0.08147321428571429
13 0.3939732142857143 0.30245535714285715 0.05803571428571429 0.09151785714285714
13 0.3950892857142857 0.22544642857142858 0.060267857142857144 0.08370535714285714
13 0.4810267857142857 0.22209821428571427 0.0625 0.08705357142857142
13 0.47098214285714285 0.12165178571428571 0.0625 0.08705357142857142
13 0.5223214285714286 0.33816964285714285 0.05580357142857143 0.08147321428571429
13 0.5602678571428571 0.265625 0.06473214285714286 0.10044642857142858
8 0.6227678571428571 0.30691964285714285 0.05803571428571429 0.07254464285714286
13 0.4642857142857143 0.48549107142857145 0.07254464285714286 0.08705357142857142
13 0.6696428571428571 0.16964285714285715 0.0625 0.09598214285714286
13 0.5870535714285714 0.05357142857142857 0.05803571428571429 0.08928571428571429
13 0.8493303571428571 0.15959821428571427 0.05803571428571429 0.08147321428571429
13 0.7946428571428571 0.22098214285714285 0.08147321428571429 0.08705357142857142
13 0.8247767857142857 0.29575892857142855 0.06919642857142858 0.09151785714285714
13 0.8995535714285714 0.28348214285714285 0.07700892857142858 0.08928571428571429
13 0.90625 0.19419642857142858 0.06696428571428571 0.08705357142857142
13 0.9720982142857143 0.12165178571428571 0.052455357142857144 0.10044642857142858
13 0.9698660714285714 0.32924107142857145 0.060267857142857144 0.09598214285714286
15 0.703125 0.4095982142857143 0.05803571428571429 0.07700892857142858
13 0.7689732142857143 0.3794642857142857 0.0625 0.07700892857142858
13 0.7667410714285714 0.46875 0.06696428571428571 0.08705357142857142
13 0.8136160714285714 0.5368303571428571 0.07254464285714286 0.08705357142857142
13 0.5892857142857143 0.47544642857142855 0.07254464285714286 0.08147321428571429
13 0.5357142857142857 0.4732142857142857 0.0625 0.07700892857142858
13 0.3783482142857143 0.46986607142857145 0.05803571428571429 0.07254464285714286
13 0.46986607142857145 0.5736607142857143 0.0625 0.08147321428571429
13 0.5479910714285714 0.5814732142857143 0.0625 0.09151785714285714
13 0.6607142857142857 0.5535714285714286 0.06696428571428571 0.09598214285714286
13 0.6104910714285714 0.6149553571428571 0.06696428571428571 0.07700892857142858
13 0.5167410714285714 0.6651785714285714 0.060267857142857144 0.08705357142857142
13 0.45982142857142855 0.75 0.06696428571428571 0.08147321428571429
13 0.6049107142857143 0.6986607142857143 0.07254464285714286 0.08147321428571429
13 0.5591517857142857 0.7645089285714286 0.06696428571428571 0.09151785714285714
13 0.6138392857142857 0.8392857142857143 0.07254464285714286 0.09598214285714286
13 0.5290178571428571 0.8448660714285714 0.07254464285714286 0.08928571428571429
13 0.6517857142857143 0.7633928571428571 0.07700892857142858 0.09598214285714286
13 0.6975446428571429 0.703125 0.07254464285714286 0.09598214285714286
13 0.7321428571428571 0.8370535714285714 0.07254464285714286 0.08928571428571429
11 0.8069196428571429 0.8404017857142857 0.07254464285714286 0.07700892857142858
15 0.8705357142857143 0.8080357142857143 0.06696428571428571 0.07700892857142858
13 0.9196428571428571 0.5345982142857143 0.07700892857142858 0.10379464285714286
13 0.9698660714285714 0.6595982142857143 0.060267857142857144 0.09375
13 0.9185267857142857 0.7098214285714286 0.06696428571428571 0.09151785714285714
13 0.9520089285714286 0.7946428571428571 0.060267857142857144 0.09151785714285714
13 0.8058035714285714 0.6227678571428571 0.06473214285714286 0.09598214285714286
13 0.7522321428571429 0.5825892857142857 0.06473214285714286 0.07700892857142858
13 0.8225446428571429 0.9598214285714286 0.07254464285714286 0.07924107142857142
13 0.8683035714285714 0.9408482142857143 0.05803571428571429 0.08705357142857142
16 0.3482142857142857 0.8426339285714286 0.07700892857142858 0.09375
13 0.28013392857142855 0.6863839285714286 0.06696428571428571 0.09151785714285714
13 0.31808035714285715 0.7611607142857143 0.0625 0.07700892857142858
13 0.19196428571428573 0.7522321428571429 0.07254464285714286 0.09598214285714286
13 0.10379464285714286 0.7522321428571429 0.07254464285714286 0.09821428571428571
8 0.27901785714285715 0.5970982142857143 0.052455357142857144 0.07254464285714286
8 0.33705357142857145 0.6138392857142857 0.05580357142857143 0.06473214285714286
13 0.12053571428571429 0.8392857142857143 0.0625 0.08370535714285714
13 0.10044642857142858 0.6372767857142857 0.07254464285714286 0.09598214285714286
13 0.16071428571428573 0.5736607142857143 0.0625 0.09151785714285714
13 0.09040178571428571 0.5345982142857143 0.0625 0.08705357142857142
13 0.027901785714285716 0.24776785714285715 0.05580357142857143 0.08705357142857142
13 0.23883928571428573 0.8950892857142857 0.07477678571428571 0.09598214285714286
13 0.06473214285714286 0.9274553571428571 0.06919642857142858 0.08147321428571429
13 0.7555803571428571 0.7522321428571429 0.06473214285714286 0.08705357142857142
13 0.6997767857142857 0.34375 0.07254464285714286 0.08705357142857142
13 0.40513392857142855 0.6685267857142857 0.0625 0.08370535714285714
13 0.6986607142857143 0.06473214285714286 0.07700892857142858 0.11272321428571429
13 0.7756696428571429 0.04352678571428571 0.07924107142857142 0.08705357142857142