7 0.7053571428571429 0.40848214285714285 0.09821428571428571 0.11495535714285714
7 0.45535714285714285 0.6852678571428571 0.10044642857142858 0.12946428571428573
13 0.6216517857142857 0.8002232142857143 0.07924107142857142 0.11049107142857142
13 0.6707589285714286 0.27901785714285715 0.06919642857142858 0.09598214285714286
17 0.12165178571428571 0.8381696428571429 0.07924107142857142 0.10602678571428571
17 0.08928571428571429 0.9285714285714286 0.07924107142857142 0.11272321428571429
17 0.6919642857142857 0.125 0.08370535714285714 0.12946428571428573
17 0.7946428571428571 0.10714285714285714 0.07924107142857142 0.10825892857142858
14 0.18638392857142858 0.5680803571428571 0.0625 0.09821428571428571
13 0.8337053571428571 0.36049107142857145 0.06696428571428571 0.09821428571428571
17 0.6919642857142857 0.6316964285714286 0.08147321428571429 0.11272321428571429
16 0.07254464285714286 0.15848214285714285 0.07254464285714286 0.09151785714285714
17 0.35714285714285715 0.41964285714285715 0.08705357142857142 0.12723214285714285
17 0.9397321428571429 0.7020089285714286 0.09151785714285714 0.11049107142857142
11 0.48214285714285715 0.18526785714285715 0.08370535714285714 0.09375
11 0.3169642857142857 0.8426339285714286 0.10379464285714286 0.10044642857142858