13 0.9151785714285714 0.24553571428571427 0.11272321428571429 0.07700892857142858
13 0.8939732142857143 0.32924107142857145 0.11272321428571429 0.07700892857142858
11 0.8325892857142857 0.36495535714285715 0.08928571428571429 0.07700892857142858
13 0.8236607142857143 0.22991071428571427 0.11272321428571429 0.07700892857142858
13 0.7756696428571429 0.13727678571428573 0.09598214285714286 0.07254464285714286
13 0.6372767857142857 0.21875 0.11272321428571429 0.07700892857142858
1 0.48325892857142855 0.6729910714285714 0.11272321428571429 0.07700892857142858
11 0.6997767857142857 0.7176339285714286 0.11272321428571429 0.07700892857142858
2 0.9006696428571429 0.8370535714285714 0.11272321428571429 0.07700892857142858
2 0.33482142857142855 0.8783482142857143 0.11272321428571429 0.07700892857142858
11 0.90625 0.7399553571428571 0.11272321428571429 0.07700892857142858
13 0.9162946428571429 0.0625 0.09151785714285714 0.06696428571428571
13 0.6729910714285714 0.05915178571428571 0.11272321428571429 0.07700892857142858
13 0.5803571428571429 0.041294642857142856 0.08705357142857142 0.0625
13 0.4955357142857143 0.140625 0.11272321428571429 0.07700892857142858
13 0.43973214285714285 0.06361607142857142 0.11272321428571429 0.07700892857142858
13 0.38950892857142855 0.026785714285714284 0.11272321428571429 0.052455357142857144
13 0.30245535714285715 0.056919642857142856 0.08928571428571429 0.07700892857142858
13 0.046875 0.06584821428571429 0.09375 0.07700892857142858
13 0.09486607142857142 0.13727678571428573 0.08370535714285714 0.07700892857142858
13 0.20758928571428573 0.13169642857142858 0.11272321428571429 0.07700892857142858
13 0.24665178571428573 0.16294642857142858 0.11272321428571429 0.07700892857142858
13 0.33482142857142855 0.1875 0.11272321428571429 0.07700892857142858
13 0.24107142857142858 0.23549107142857142 0.11272321428571429 0.07700892857142858
13 0.18415178571428573 0.21875 0.11272321428571429 0.07700892857142858
13 0.05803571428571429 0.31361607142857145 0.09151785714285714 0.07700892857142858
13 0.056919642857142856 0.37388392857142855 0.11272321428571429 0.07700892857142858
13 0.11272321428571429 0.4029017857142857 0.11272321428571429 0.07700892857142858
13 0.04241071428571429 0.42299107142857145 0.08147321428571429 0.07700892857142858
13 0.17522321428571427 0.38058035714285715 0.11272321428571429 0.07700892857142858
13 0.28348214285714285 0.36049107142857145 0.11272321428571429 0.07700892857142858
13 0.3470982142857143 0.31808035714285715 0.11272321428571429 0.07700892857142858
13 0.3325892857142857 0.25111607142857145 0.11272321428571429 0.07700892857142858
13 0.41183035714285715 0.22991071428571427 0.11272321428571429 0.07700892857142858
13 0.5345982142857143 0.25223214285714285 0.11272321428571429 0.07700892857142858
13 0.5725446428571429 0.19196428571428573 0.11272321428571429 0.07700892857142858
11 0.3939732142857143 0.44308035714285715 0.08705357142857142 0.07700892857142858
13 0.18415178571428573 0.5256696428571429 0.11272321428571429 0.07700892857142858
13 0.13727678571428573 0.5345982142857143 0.11272321428571429 0.07700892857142858
13 0.06473214285714286 0.5680803571428571 0.11272321428571429 0.07700892857142858
13 0.07924107142857142 0.6261160714285714 0.11272321428571429 0.07700892857142858
13 0.15401785714285715 0.6763392857142857 0.11272321428571429 0.07700892857142858
13 0.15290178571428573 0.7544642857142857 0.11272321428571429 0.07700892857142858
13 0.17857142857142858 0.7555803571428571 0.11272321428571429 0.07924107142857142
13 0.12165178571428571 0.8638392857142857 0.11272321428571429 0.07924107142857142
13 0.07924107142857142 0.9174107142857143 0.11272321428571429 0.07700892857142858
1 0.19419642857142858 0.9229910714285714 0.09598214285714286 0.07700892857142858
13 0.11160714285714286 0.96875 0.11272321428571429 0.0625
13 0.3560267857142857 0.9542410714285714 0.11272321428571429 0.07924107142857142
11 0.2689732142857143 0.7399553571428571 0.11272321428571429 0.07924107142857142
13 0.2935267857142857 0.6830357142857143 0.11272321428571429 0.07700892857142858
13 0.3716517857142857 0.6283482142857143 0.11272321428571429 0.07700892857142858
13 0.21651785714285715 0.5825892857142857 0.11272321428571429 0.07700892857142858
13 0.4252232142857143 0.484375 0.11272321428571429 0.07700892857142858
13 0.5870535714285714 0.3470982142857143 0.08147321428571429 0.07700892857142858
13 0.6741071428571429 0.33035714285714285 0.09598214285714286 0.0625
13 0.6529017857142857 0.39174107142857145 0.09598214285714286 0.06696428571428571
13 0.5513392857142857 0.5345982142857143 0.11272321428571429 0.07700892857142858
13 0.6473214285714286 0.5245535714285714 0.11272321428571429 0.07700892857142858
13 0.5747767857142857 0.6450892857142857 0.11272321428571429 0.07700892857142858
13 0.5111607142857143 0.6662946428571429 0.11272321428571429 0.07700892857142858
13 0.42075892857142855 0.7801339285714286 0.11272321428571429 0.07700892857142858
13 0.5401785714285714 0.7745535714285714 0.11272321428571429 0.07700892857142858
13 0.5279017857142857 0.8247767857142857 0.11272321428571429 0.07700892857142858
13 0.4720982142857143 0.9107142857142857 0.11272321428571429 0.07700892857142858
13 0.45200892857142855 0.9542410714285714 0.11272321428571429 0.07700892857142858
13 0.5279017857142857 0.9620535714285714 0.11383928571428571 0.07589285714285714
13 0.6127232142857143 0.9620535714285714 0.11383928571428571 0.07589285714285714
13 0.6651785714285714 0.8716517857142857 0.11272321428571429 0.07924107142857142
13 0.6674107142857143 0.7756696428571429 0.11272321428571429 0.07700892857142858
13 0.7243303571428571 0.6662946428571429 0.11272321428571429 0.07924107142857142
13 0.7667410714285714 0.6941964285714286 0.11272321428571429 0.07924107142857142
13 0.7924107142857143 0.6082589285714286 0.11272321428571429 0.07700892857142858
13 0.7834821428571429 0.515625 0.11272321428571429 0.07700892857142858
13 0.9620535714285714 0.42410714285714285 0.07589285714285714 0.07589285714285714
13 0.9553571428571429 0.30691964285714285 0.08928571428571429 0.07924107142857142
13 0.8158482142857143 0.7466517857142857 0.11272321428571429 0.07924107142857142
13 0.8314732142857143 0.8069196428571429 0.11272321428571429 0.07924107142857142
13 0.7388392857142857 0.8325892857142857 0.11272321428571429 0.07924107142857142
11 0.8113839285714286 0.8950892857142857 0.11272321428571429 0.07700892857142858
13 0.8939732142857143 0.9129464285714286 0.11272321428571429 0.07700892857142858
13 0.9475446428571429 0.7901785714285714 0.10491071428571429 0.07589285714285714
13 0.7299107142857143 0.9162946428571429 0.11272321428571429 0.07700892857142858
13 0.6930803571428571 0.9520089285714286 0.11272321428571429 0.07924107142857142
13 0.6852678571428571 0.9754464285714286 0.11272321428571429 0.04799107142857143
13 0.9542410714285714 0.15959821428571427 0.09151785714285714 0.07700892857142858
13 0.8526785714285714 0.025669642857142856 0.07924107142857142 0.05022321428571429
11 0.9229910714285714 0.6573660714285714 0.11272321428571429 0.07924107142857142
8 0.12165178571428571 0.484375 0.08370535714285714 0.06696428571428571
13 0.6651785714285714 0.6450892857142857 0.11272321428571429 0.07700892857142858
11 0.3002232142857143 0.8125 0.09375 0.07924107142857142
11 0.5770089285714286 0.10379464285714286 0.11272321428571429 0.07700892857142858
13 0.6272321428571429 0.59375 0.11272321428571429 0.07700892857142858
11 0.8694196428571429 0.48995535714285715 0.09821428571428571 0.07700892857142858
13 0.8169642857142857 0.9620535714285714 0.11160714285714286 0.07589285714285714
13 0.7522321428571429 0.19866071428571427 0.11272321428571429 0.07700892857142858
13 0.11941964285714286 0.24888392857142858 0.11272321428571429 0.07700892857142858
13 0.43526785714285715 0.28794642857142855 0.11272321428571429 0.07700892857142858
13 0.5133928571428571 0.38058035714285715 0.08928571428571429 0.05803571428571429
13 0.3939732142857143 0.5457589285714286 0.11272321428571429 0.07700892857142858
13 0.47433035714285715 0.5669642857142857 0.11272321428571429 0.07700892857142858
13 0.28125 0.953125 0.11272321428571429 0.07700892857142858
13 0.71875 0.546875 0.11272321428571429 0.07700892857142858
11 0.7622767857142857 0.3091517857142857 0.11272321428571429 0.07700892857142858
15 0.40066964285714285 0.8493303571428571 0.07700892857142858 0.060267857142857144
13 0.13727678571428573 0.13839285714285715 0.07700892857142858 0.07700892857142858
13 0.17075892857142858 0.05022321428571429 0.09375 0.06473214285714286
15 0.5591517857142857 0.7377232142857143 0.09821428571428571 0.07254464285714286