17 0.44642857142857145 0.7979910714285714 0.11830357142857142 0.08147321428571429
17 0.8638392857142857 0.24888392857142858 0.11495535714285714 0.09151785714285714
13 0.43638392857142855 0.4419642857142857 0.10044642857142858 0.08147321428571429
17 0.8493303571428571 0.6629464285714286 0.11272321428571429 0.08147321428571429
13 0.4966517857142857 0.8694196428571429 0.11049107142857142 0.08147321428571429
13 0.29910714285714285 0.9520089285714286 0.10602678571428571 0.07700892857142858
13 0.16517857142857142 0.9040178571428571 0.11272321428571429 0.08147321428571429
13 0.7868303571428571 0.9285714285714286 0.10044642857142858 0.08147321428571429
13 0.056919642857142856 0.9408482142857143 0.11272321428571429 0.08370535714285714
13 0.5334821428571429 0.6875 0.10044642857142858 0.08147321428571429
7 0.7008928571428571 0.6305803571428571 0.12276785714285714 0.09151785714285714
13 0.6852678571428571 0.11383928571428571 0.10602678571428571 0.07254464285714286
12 0.8872767857142857 0.9151785714285714 0.052455357142857144 0.041294642857142856
11 0.9308035714285714 0.04575892857142857 0.13839285714285715 0.078125
7 0.7053571428571429 0.30580357142857145 0.125 0.09151785714285714