14 0.7935267857142857 0.14955357142857142 0.07254464285714286 0.05580357142857143
14 0.5714285714285714 0.47098214285714285 0.06696428571428571 0.04799107142857143
8 0.45982142857142855 0.8125 0.09151785714285714 0.060267857142857144
5 0.5189732142857143 0.09933035714285714 0.11272321428571429 0.07700892857142858
5 0.6752232142857143 0.12834821428571427 0.11272321428571429 0.07700892857142858
12 0.8939732142857143 0.24441964285714285 0.04799107142857143 0.024553571428571428
12 0.796875 0.25892857142857145 0.04352678571428571 0.024553571428571428
12 0.6506696428571429 0.24888392857142858 0.03794642857142857 0.029017857142857144
12 0.625 0.5323660714285714 0.03571428571428571 0.029017857142857144
12 0.8058035714285714 0.6517857142857143 0.04352678571428571 0.029017857142857144
12 0.8783482142857143 0.8381696428571429 0.052455357142857144 0.03571428571428571
12 0.17299107142857142 0.7477678571428571 0.052455357142857144 0.04352678571428571
12 0.06808035714285714 0.48660714285714285 0.04575892857142857 0.029017857142857144
16 0.18861607142857142 0.5747767857142857 0.10044642857142858 0.06919642857142858
16 0.5412946428571429 0.6584821428571429 0.12053571428571429 0.09151785714285714
18 0.30580357142857145 0.38504464285714285 0.12946428571428573 0.10044642857142858
18 0.39732142857142855 0.43191964285714285 0.13504464285714285 0.08928571428571429
11 0.8459821428571429 0.8950892857142857 0.09821428571428571 0.08705357142857142
16 0.8950892857142857 0.5212053571428571 0.11049107142857142 0.08147321428571429
8 0.8035714285714286 0.5066964285714286 0.06919642857142858 0.05580357142857143
14 0.8247767857142857 0.42410714285714285 0.09151785714285714 0.09151785714285714