2 0.033482142857142856 0.9665178571428571 0.06696428571428571 0.06696428571428571
2 0.2779017857142857 0.7477678571428571 0.08705357142857142 0.07700892857142858
2 0.3404017857142857 0.7544642857142857 0.06696428571428571 0.07700892857142858
2 0.27120535714285715 0.22433035714285715 0.11830357142857142 0.04799107142857143
2 0.4575892857142857 0.328125 0.08147321428571429 0.08705357142857142
2 0.16517857142857142 0.17299107142857142 0.06696428571428571 0.09598214285714286
2 0.4419642857142857 0.025669642857142856 0.12053571428571429 0.05022321428571429
2 0.5513392857142857 0.8415178571428571 0.11049107142857142 0.04575892857142857
2 0.6227678571428571 0.8973214285714286 0.13950892857142858 0.05803571428571429
2 0.7745535714285714 0.5323660714285714 0.11495535714285714 0.04575892857142857
2 0.8370535714285714 0.41517857142857145 0.09151785714285714 0.06919642857142858
2 0.06473214285714286 0.4174107142857143 0.08928571428571429 0.08147321428571429
2 0.16852678571428573 0.7912946428571429 0.07700892857142858 0.08705357142857142
2 0.6060267857142857 0.5379464285714286 0.09821428571428571 0.05803571428571429
2 0.3627232142857143 0.13169642857142858 0.10602678571428571 0.07477678571428571
11 0.06138392857142857 0.109375 0.10602678571428571 0.08147321428571429
11 0.8325892857142857 0.22767857142857142 0.08370535714285714 0.07700892857142858
11 0.7790178571428571 0.31473214285714285 0.09151785714285714 0.08147321428571429
11 0.625 0.34486607142857145 0.08147321428571429 0.07700892857142858
11 0.6272321428571429 0.19084821428571427 0.09821428571428571 0.07700892857142858
11 0.6651785714285714 0.060267857142857144 0.09151785714285714 0.06696428571428571
15 0.07254464285714286 0.6785714285714286 0.09151785714285714 0.0625