2 0.23772321428571427 0.18080357142857142 0.06696428571428571 0.06696428571428571
2 0.8872767857142857 0.5837053571428571 0.07254464285714286 0.09151785714285714
17 0.34486607142857145 0.25558035714285715 0.05803571428571429 0.09151785714285714
17 0.30357142857142855 0.10379464285714286 0.0625 0.08928571428571429
17 0.32924107142857145 0.9196428571428571 0.07254464285714286 0.08705357142857142
17 0.07700892857142858 0.6584821428571429 0.05803571428571429 0.08147321428571429
17 0.7991071428571429 0.2700892857142857 0.0625 0.08147321428571429
11 0.8872767857142857 0.45535714285714285 0.060267857142857144 0.09598214285714286
17 0.36160714285714285 0.7790178571428571 0.060267857142857144 0.08370535714285714
14 0.7790178571428571 0.7522321428571429 0.05803571428571429 0.06696428571428571
14 0.6774553571428571 0.9241071428571429 0.05803571428571429 0.07254464285714286
14 0.29799107142857145 0.7790178571428571 0.0625 0.04799107142857143
14 0.17299107142857142 0.6674107142857143 0.07700892857142858 0.08147321428571429
14 0.056919642857142856 0.04017857142857143 0.0625 0.07924107142857142
1 0.4497767857142857 0.26339285714285715 0.0625 0.09151785714285714
1 0.9330357142857143 0.3939732142857143 0.06473214285714286 0.10044642857142858
1 0.8939732142857143 0.9118303571428571 0.06473214285714286 0.07700892857142858
1 0.7689732142857143 0.6785714285714286 0.06696428571428571 0.09151785714285714
15 0.8325892857142857 0.6763392857142857 0.052455357142857144 0.06696428571428571
17 0.9174107142857143 0.7042410714285714 0.05803571428571429 0.10044642857142858
2 0.6316964285714286 0.8158482142857143 0.07924107142857142 0.09151785714285714
17 0.5948660714285714 0.6283482142857143 0.060267857142857144 0.09151785714285714
15 0.09709821428571429 0.7488839285714286 0.06473214285714286 0.08147321428571429
15 0.17633928571428573 0.8404017857142857 0.05022321428571429 0.07477678571428571
1 0.4888392857142857 0.8225446428571429 0.06696428571428571 0.08705357142857142
13 0.33482142857142855 0.5055803571428571 0.05803571428571429 0.07700892857142858
8 0.5669642857142857 0.09263392857142858 0.05580357142857143 0.07254464285714286
13 0.05022321428571429 0.8102678571428571 0.06919642857142858 0.09151785714285714
13 0.11495535714285714 0.8370535714285714 0.06473214285714286 0.08705357142857142
13 0.23102678571428573 0.8035714285714286 0.0625 0.07700892857142858
13 0.21986607142857142 0.7254464285714286 0.0625 0.08147321428571429
13 0.09263392857142858 0.5569196428571429 0.06696428571428571 0.08147321428571429
13 0.13616071428571427 0.47433035714285715 0.06473214285714286 0.09375
11 0.05915178571428571 0.42857142857142855 0.06473214285714286 0.08147321428571429
13 0.23102678571428573 0.515625 0.0625 0.08147321428571429
15 0.27120535714285715 0.5837053571428571 0.06473214285714286 0.08705357142857142
13 0.296875 0.6808035714285714 0.06696428571428571 0.08147321428571429
13 0.40066964285714285 0.8571428571428571 0.0625 0.07924107142857142
13 0.42410714285714285 0.7801339285714286 0.060267857142857144 0.07700892857142858
11 0.49776785714285715 0.9419642857142857 0.0625 0.10044642857142858
13 0.5814732142857143 0.8660714285714286 0.0625 0.08370535714285714
13 0.5658482142857143 0.7611607142857143 0.0625 0.08705357142857142
13 0.41964285714285715 0.6417410714285714 0.05580357142857143 0.08147321428571429
13 0.3627232142857143 0.6037946428571429 0.0625 0.08147321428571429
15 0.15848214285714285 0.59375 0.06696428571428571 0.08705357142857142
13 0.05580357142857143 0.2689732142857143 0.0625 0.08370535714285714
13 0.11941964285714286 0.15401785714285715 0.0625 0.08705357142857142
13 0.16964285714285715 0.22991071428571427 0.06696428571428571 0.08147321428571429
13 0.19419642857142858 0.38839285714285715 0.06696428571428571 0.08705357142857142
15 0.25558035714285715 0.34263392857142855 0.06919642857142858 0.09151785714285714
13 0.2533482142857143 0.24441964285714285 0.0625 0.08147321428571429
13 0.34598214285714285 0.42410714285714285 0.06473214285714286 0.08705357142857142
11 0.3783482142857143 0.3549107142857143 0.0625 0.08928571428571429
13 0.39955357142857145 0.19308035714285715 0.07477678571428571 0.09598214285714286
13 0.46763392857142855 0.3470982142857143 0.0625 0.08147321428571429
13 0.5636160714285714 0.5323660714285714 0.06696428571428571 0.09151785714285714
13 0.6997767857142857 0.4497767857142857 0.0625 0.08705357142857142
13 0.6529017857142857 0.36495535714285715 0.06919642857142858 0.09151785714285714
13 0.7154017857142857 0.3236607142857143 0.0625 0.08147321428571429
13 0.5770089285714286 0.32700892857142855 0.060267857142857144 0.08147321428571429
1 0.59375 0.18303571428571427 0.07254464285714286 0.08147321428571429
13 0.8158482142857143 0.07589285714285714 0.0625 0.08928571428571429
13 0.8537946428571429 0.21428571428571427 0.0625 0.08705357142857142
13 0.8917410714285714 0.2845982142857143 0.0625 0.09151785714285714
15 0.7979910714285714 0.16741071428571427 0.060267857142857144 0.09151785714285714
13 0.8158482142857143 0.515625 0.06473214285714286 0.08705357142857142
13 0.8102678571428571 0.6071428571428571 0.06696428571428571 0.08147321428571429
13 0.6339285714285714 0.6841517857142857 0.06473214285714286 0.08147321428571429
13 0.6584821428571429 0.7600446428571429 0.0625 0.07924107142857142
13 0.7087053571428571 0.7120535714285714 0.05803571428571429 0.08705357142857142
13 0.8627232142857143 0.8404017857142857 0.06696428571428571 0.08928571428571429
13 0.7946428571428571 0.9162946428571429 0.060267857142857144 0.08147321428571429
13 0.8002232142857143 0.8125 0.06473214285714286 0.08705357142857142
15 0.7220982142857143 0.8649553571428571 0.07700892857142858 0.08705357142857142
13 0.9698660714285714 0.6618303571428571 0.060267857142857144 0.08370535714285714
1 0.9430803571428571 0.4955357142857143 0.06696428571428571 0.09375
13 0.9542410714285714 0.19196428571428573 0.06473214285714286 0.08705357142857142
13 0.9252232142857143 0.04575892857142857 0.06696428571428571 0.08705357142857142