17 0.11941964285714286 0.30691964285714285 0.08705357142857142 0.060267857142857144
13 0.052455357142857144 0.84375 0.07700892857142858 0.06473214285714286
5 0.45089285714285715 0.5747767857142857 0.08705357142857142 0.06473214285714286
5 0.5424107142857143 0.5691964285714286 0.09151785714285714 0.06696428571428571
5 0.203125 0.4955357142857143 0.08705357142857142 0.07254464285714286
5 0.17410714285714285 0.8426339285714286 0.08370535714285714 0.06919642857142858
5 0.3560267857142857 0.8370535714285714 0.09151785714285714 0.07254464285714286
5 0.14955357142857142 0.9263392857142857 0.09151785714285714 0.06919642857142858
5 0.9375 0.3638392857142857 0.09598214285714286 0.0625
5 0.8002232142857143 0.8537946428571429 0.08370535714285714 0.07254464285714286
5 0.9174107142857143 0.6238839285714286 0.10044642857142858 0.07700892857142858
5 0.22433035714285715 0.6450892857142857 0.08147321428571429 0.06696428571428571
5 0.06361607142857142 0.7299107142857143 0.09598214285714286 0.06696428571428571
5 0.3794642857142857 0.234375 0.08147321428571429 0.060267857142857144
5 0.5892857142857143 0.11495535714285714 0.08928571428571429 0.06473214285714286
5 0.39732142857142855 0.046875 0.09598214285714286 0.06696428571428571
5 0.23995535714285715 0.20424107142857142 0.09151785714285714 0.06473214285714286
5 0.15513392857142858 0.23660714285714285 0.08705357142857142 0.07254464285714286
1 0.4720982142857143 0.34375 0.08705357142857142 0.07254464285714286
5 0.6674107142857143 0.21540178571428573 0.08147321428571429 0.06919642857142858
5 0.7053571428571429 0.27232142857142855 0.08705357142857142 0.06919642857142858
5 0.6651785714285714 0.35825892857142855 0.09821428571428571 0.07700892857142858
12 0.5591517857142857 0.6238839285714286 0.029017857142857144 0.016741071428571428
12 0.5881696428571429 0.35825892857142855 0.0625 0.03794642857142857
12 0.6506696428571429 0.2924107142857143 0.029017857142857144 0.026785714285714284