9 0.3247767857142857 0.09933035714285714 0.4263392857142857 0.19866071428571427
3 0.8191964285714286 0.24441964285714285 0.36049107142857145 0.17075892857142858
13 0.6473214285714286 0.06919642857142858 0.21875 0.13839285714285715
13 0.5982142857142857 0.21986607142857142 0.12053571428571429 0.21875
13 0.9397321428571429 0.04352678571428571 0.12053571428571429 0.08705357142857142
9 0.2689732142857143 0.6774553571428571 0.5379464285714286 0.5479910714285714
13 0.6037946428571429 0.7566964285714286 0.12946428571428573 0.26450892857142855
13 0.7377232142857143 0.8761160714285714 0.25 0.24776785714285715
13 0.9263392857142857 0.7120535714285714 0.14620535714285715 0.30245535714285715
6 0.7209821428571429 0.5803571428571429 0.3482142857142857 0.33705357142857145
13 0.6473214285714286 0.39955357142857145 0.21875 0.13950892857142858