13 0.9564732142857143 0.6863839285714286 0.08147321428571429 0.22544642857142858
13 0.6584821428571429 0.9754464285714286 0.20647321428571427 0.04799107142857143
13 0.19419642857142858 0.025669642857142856 0.32254464285714285 0.05022321428571429
13 0.9542410714285714 0.21651785714285715 0.08705357142857142 0.22321428571428573
13 0.44642857142857145 0.90625 0.2689732142857143 0.18303571428571427
13 0.6975446428571429 0.9564732142857143 0.27901785714285715 0.08705357142857142
12 0.17299107142857142 0.49888392857142855 0.08147321428571429 0.08370535714285714
13 0.4575892857142857 0.05357142857142857 0.25892857142857145 0.10714285714285714
3 0.5022321428571429 0.49776785714285715 0.4564732142857143 0.48325892857142855
13 0.7678571428571429 0.10491071428571429 0.21428571428571427 0.19977678571428573
13 0.22098214285714285 0.7566964285714286 0.20424107142857142 0.22098214285714285
13 0.11049107142857142 0.26339285714285715 0.21651785714285715 0.25669642857142855
13 0.28348214285714285 0.125 0.21205357142857142 0.22879464285714285
13 0.7756696428571429 0.6964285714285714 0.28348214285714285 0.22879464285714285
13 0.9084821428571429 0.9319196428571429 0.16964285714285715 0.13616071428571427
13 0.6149553571428571 0.18638392857142858 0.23102678571428573 0.20647321428571427
13 0.22098214285714285 0.9084821428571429 0.20870535714285715 0.18303571428571427
13 0.8537946428571429 0.38504464285714285 0.21651785714285715 0.18973214285714285