17 0.31361607142857145 0.9408482142857143 0.06919642857142858 0.09375
17 0.90625 0.5200892857142857 0.07254464285714286 0.10044642857142858
17 0.9832589285714286 0.5881696428571429 0.033482142857142856 0.07924107142857142
16 0.05803571428571429 0.6272321428571429 0.0625 0.08705357142857142
17 0.5200892857142857 0.3939732142857143 0.07477678571428571 0.09151785714285714
17 0.38839285714285715 0.15401785714285715 0.0625 0.08928571428571429
17 0.6071428571428571 0.26339285714285715 0.0625 0.07700892857142858
17 0.6104910714285714 0.14955357142857142 0.07254464285714286 0.09598214285714286
17 0.7511160714285714 0.21651785714285715 0.07477678571428571 0.09151785714285714
17 0.6707589285714286 0.33370535714285715 0.06919642857142858 0.11049107142857142
17 0.6361607142857143 0.5100446428571429 0.06696428571428571 0.09821428571428571
12 0.8950892857142857 0.23214285714285715 0.03794642857142857 0.04352678571428571
12 0.9319196428571429 0.30691964285714285 0.029017857142857144 0.04352678571428571
12 0.5145089285714286 0.14620535714285715 0.029017857142857144 0.033482142857142856