2 0.8191964285714286 0.23772321428571427 0.06696428571428571 0.06696428571428571
2 0.41629464285714285 0.8872767857142857 0.09151785714285714 0.07254464285714286
17 0.7444196428571429 0.34486607142857145 0.09151785714285714 0.05803571428571429
17 0.8962053571428571 0.30357142857142855 0.08928571428571429 0.0625
17 0.08035714285714286 0.32924107142857145 0.08705357142857142 0.07254464285714286
17 0.34151785714285715 0.07700892857142858 0.08147321428571429 0.05803571428571429
17 0.7299107142857143 0.7991071428571429 0.08147321428571429 0.0625
11 0.5446428571428571 0.8872767857142857 0.09598214285714286 0.060267857142857144
17 0.22098214285714285 0.36160714285714285 0.08370535714285714 0.060267857142857144
14 0.24776785714285715 0.7790178571428571 0.06696428571428571 0.05803571428571429
14 0.07589285714285714 0.6774553571428571 0.07254464285714286 0.05803571428571429
14 0.22098214285714285 0.29799107142857145 0.04799107142857143 0.0625
14 0.3325892857142857 0.17299107142857142 0.08147321428571429 0.07700892857142858
14 0.9598214285714286 0.056919642857142856 0.07924107142857142 0.0625
1 0.7366071428571429 0.4497767857142857 0.09151785714285714 0.0625
1 0.6060267857142857 0.9330357142857143 0.10044642857142858 0.06473214285714286
1 0.08816964285714286 0.8939732142857143 0.07700892857142858 0.06473214285714286
1 0.32142857142857145 0.7689732142857143 0.09151785714285714 0.06696428571428571
15 0.3236607142857143 0.8325892857142857 0.06696428571428571 0.052455357142857144
17 0.29575892857142855 0.9174107142857143 0.10044642857142858 0.05803571428571429
2 0.18415178571428573 0.6316964285714286 0.09151785714285714 0.07924107142857142
17 0.3716517857142857 0.5948660714285714 0.09151785714285714 0.060267857142857144
15 0.25111607142857145 0.09709821428571429 0.08147321428571429 0.06473214285714286
15 0.15959821428571427 0.17633928571428573 0.07477678571428571 0.05022321428571429
1 0.17745535714285715 0.4888392857142857 0.08705357142857142 0.06696428571428571
13 0.49441964285714285 0.33482142857142855 0.07700892857142858 0.05803571428571429
8 0.9073660714285714 0.5669642857142857 0.07254464285714286 0.05580357142857143
13 0.18973214285714285 0.05022321428571429 0.09151785714285714 0.06919642857142858
13 0.16294642857142858 0.11495535714285714 0.08705357142857142 0.06473214285714286
13 0.19642857142857142 0.23102678571428573 0.07700892857142858 0.0625
13 0.27455357142857145 0.21986607142857142 0.08147321428571429 0.0625
13 0.44308035714285715 0.09263392857142858 0.08147321428571429 0.06696428571428571
13 0.5256696428571429 0.13616071428571427 0.09375 0.06473214285714286
11 0.5714285714285714 0.05915178571428571 0.08147321428571429 0.06473214285714286
13 0.484375 0.23102678571428573 0.08147321428571429 0.0625
15 0.41629464285714285 0.27120535714285715 0.08705357142857142 0.06473214285714286
13 0.31919642857142855 0.296875 0.08147321428571429 0.06696428571428571
13 0.14285714285714285 0.40066964285714285 0.07924107142857142 0.0625
13 0.21986607142857142 0.42410714285714285 0.07700892857142858 0.060267857142857144
11 0.05803571428571429 0.49776785714285715 0.10044642857142858 0.0625
13 0.13392857142857142 0.5814732142857143 0.08370535714285714 0.0625
13 0.23883928571428573 0.5658482142857143 0.08705357142857142 0.0625
13 0.35825892857142855 0.41964285714285715 0.08147321428571429 0.05580357142857143
13 0.39620535714285715 0.3627232142857143 0.08147321428571429 0.0625
15 0.40625 0.15848214285714285 0.08705357142857142 0.06696428571428571
13 0.7310267857142857 0.05580357142857143 0.08370535714285714 0.0625
13 0.8459821428571429 0.11941964285714286 0.08705357142857142 0.0625
13 0.7700892857142857 0.16964285714285715 0.08147321428571429 0.06696428571428571
13 0.6116071428571429 0.19419642857142858 0.08705357142857142 0.06696428571428571
15 0.6573660714285714 0.25558035714285715 0.09151785714285714 0.06919642857142858
13 0.7555803571428571 0.2533482142857143 0.08147321428571429 0.0625
13 0.5758928571428571 0.34598214285714285 0.08705357142857142 0.06473214285714286
11 0.6450892857142857 0.3783482142857143 0.08928571428571429 0.0625
13 0.8069196428571429 0.39955357142857145 0.09598214285714286 0.07477678571428571
13 0.6529017857142857 0.46763392857142855 0.08147321428571429 0.0625
13 0.46763392857142855 0.5636160714285714 0.09151785714285714 0.06696428571428571
13 0.5502232142857143 0.6997767857142857 0.08705357142857142 0.0625
13 0.6350446428571429 0.6529017857142857 0.09151785714285714 0.06919642857142858
13 0.6763392857142857 0.7154017857142857 0.08147321428571429 0.0625
13 0.6729910714285714 0.5770089285714286 0.08147321428571429 0.060267857142857144
1 0.8169642857142857 0.59375 0.08147321428571429 0.07254464285714286
13 0.9241071428571429 0.8158482142857143 0.08928571428571429 0.0625
13 0.7857142857142857 0.8537946428571429 0.08705357142857142 0.0625
13 0.7154017857142857 0.8917410714285714 0.09151785714285714 0.0625
15 0.8325892857142857 0.7979910714285714 0.09151785714285714 0.060267857142857144
13 0.484375 0.8158482142857143 0.08705357142857142 0.06473214285714286
13 0.39285714285714285 0.8102678571428571 0.08147321428571429 0.06696428571428571
13 0.3158482142857143 0.6339285714285714 0.08147321428571429 0.06473214285714286
13 0.23995535714285715 0.6584821428571429 0.07924107142857142 0.0625
13 0.28794642857142855 0.7087053571428571 0.08705357142857142 0.05803571428571429
13 0.15959821428571427 0.8627232142857143 0.08928571428571429 0.06696428571428571
13 0.08370535714285714 0.7946428571428571 0.08147321428571429 0.060267857142857144
13 0.1875 0.8002232142857143 0.08705357142857142 0.06473214285714286
15 0.13504464285714285 0.7220982142857143 0.08705357142857142 0.07700892857142858
13 0.33816964285714285 0.9698660714285714 0.08370535714285714 0.060267857142857144
1 0.5044642857142857 0.9430803571428571 0.09375 0.06696428571428571
13 0.8080357142857143 0.9542410714285714 0.08705357142857142 0.06473214285714286
13 0.9542410714285714 0.9252232142857143 0.08705357142857142 0.06696428571428571