13 0.049107142857142856 0.8738839285714286 0.07700892857142858 0.11272321428571429
13 0.7790178571428571 0.4720982142857143 0.07700892857142858 0.10602678571428571
13 0.16183035714285715 0.15066964285714285 0.07700892857142858 0.11272321428571429
7 0.38950892857142855 0.5591517857142857 0.09598214285714286 0.125
17 0.7287946428571429 0.7689732142857143 0.08705357142857142 0.12276785714285714
12 0.6026785714285714 0.3638392857142857 0.026785714285714284 0.033482142857142856
17 0.8191964285714286 0.6930803571428571 0.07700892857142858 0.12053571428571429
7 0.48995535714285715 0.05803571428571429 0.08705357142857142 0.11495535714285714
13 0.5290178571428571 0.7924107142857143 0.07254464285714286 0.10044642857142858
5 0.5412946428571429 0.44308035714285715 0.09598214285714286 0.10379464285714286
17 0.6127232142857143 0.8616071428571429 0.09151785714285714 0.11272321428571429
12 0.31919642857142855 0.9709821428571429 0.024553571428571428 0.03794642857142857
7 0.8337053571428571 0.9497767857142857 0.07700892857142858 0.10044642857142858