7 0.734375 0.31473214285714285 0.10602678571428571 0.07700892857142858
7 0.609375 0.3169642857142857 0.10044642857142858 0.09151785714285714
15 0.5323660714285714 0.7901785714285714 0.10825892857142858 0.08705357142857142
7 0.36495535714285715 0.7220982142857143 0.11495535714285714 0.09151785714285714
7 0.07700892857142858 0.4888392857142857 0.11495535714285714 0.08705357142857142
7 0.5513392857142857 0.08258928571428571 0.11049107142857142 0.08370535714285714
11 0.39620535714285715 0.40625 0.11272321428571429 0.08705357142857142
11 0.4966517857142857 0.34151785714285715 0.11830357142857142 0.07700892857142858
7 0.5714285714285714 0.4642857142857143 0.11049107142857142 0.08705357142857142
7 0.8950892857142857 0.8169642857142857 0.11049107142857142 0.08705357142857142
15 0.21205357142857142 0.6662946428571429 0.10379464285714286 0.07700892857142858
13 0.29910714285714285 0.08147321428571429 0.10044642857142858 0.07477678571428571
15 0.640625 0.11941964285714286 0.09375 0.07700892857142858
7 0.29017857142857145 0.4330357142857143 0.10602678571428571 0.08370535714285714
7 0.12611607142857142 0.7232142857142857 0.11272321428571429 0.07700892857142858
15 0.48549107142857145 0.9430803571428571 0.09151785714285714 0.07254464285714286
7 0.7979910714285714 0.765625 0.10602678571428571 0.08147321428571429
16 0.78125 0.6830357142857143 0.10602678571428571 0.09151785714285714
17 0.48660714285714285 0.5379464285714286 0.11495535714285714 0.08705357142857142