17 0.45535714285714285 0.33705357142857145 0.08705357142857142 0.06473214285714286
17 0.5435267857142857 0.20870535714285715 0.09151785714285714 0.06696428571428571
17 0.17745535714285715 0.18861607142857142 0.08147321428571429 0.05803571428571429
17 0.7678571428571429 0.18638392857142858 0.08928571428571429 0.06696428571428571
17 0.34263392857142855 0.640625 0.09598214285714286 0.0625
17 0.28348214285714285 0.6919642857142857 0.08705357142857142 0.06473214285714286
17 0.07254464285714286 0.38839285714285715 0.08928571428571429 0.06473214285714286
17 0.7165178571428571 0.6417410714285714 0.08370535714285714 0.0625
17 0.8069196428571429 0.7779017857142857 0.09598214285714286 0.06919642857142858
17 0.5345982142857143 0.8772321428571429 0.09598214285714286 0.07254464285714286
17 0.9252232142857143 0.21205357142857142 0.08705357142857142 0.07254464285714286
17 0.1875 0.7466517857142857 0.09151785714285714 0.06473214285714286
17 0.09821428571428571 0.7600446428571429 0.08705357142857142 0.06696428571428571
17 0.14955357142857142 0.4575892857142857 0.09151785714285714 0.06696428571428571
17 0.08258928571428571 0.6908482142857143 0.08705357142857142 0.06919642857142858
17 0.25558035714285715 0.34375 0.08147321428571429 0.06696428571428571
17 0.7310267857142857 0.09263392857142858 0.08928571428571429 0.07477678571428571
17 0.5 0.46763392857142855 0.08705357142857142 0.06696428571428571
17 0.4408482142857143 0.8683035714285714 0.08147321428571429 0.0625
17 0.6439732142857143 0.6808035714285714 0.07924107142857142 0.0625
17 0.8158482142857143 0.9553571428571429 0.08370535714285714 0.06919642857142858
17 0.9029017857142857 0.9542410714285714 0.08147321428571429 0.06473214285714286
17 0.9486607142857143 0.8962053571428571 0.08147321428571429 0.0625
17 0.9207589285714286 0.6160714285714286 0.07924107142857142 0.07477678571428571
17 0.8080357142857143 0.041294642857142856 0.08928571428571429 0.06473214285714286
17 0.8370535714285714 0.14508928571428573 0.09375 0.06919642857142858
1 0.46875 0.09263392857142858 0.09375 0.06696428571428571
17 0.28794642857142855 0.03794642857142857 0.09375 0.06473214285714286
17 0.11607142857142858 0.05803571428571429 0.08705357142857142 0.06696428571428571
17 0.04241071428571429 0.47433035714285715 0.08147321428571429 0.07477678571428571
17 0.10491071428571429 0.5357142857142857 0.08928571428571429 0.06696428571428571
17 0.19642857142857142 0.5948660714285714 0.08705357142857142 0.06919642857142858
11 0.36160714285714285 0.48995535714285715 0.07924107142857142 0.07254464285714286
17 0.5926339285714286 0.41183035714285715 0.09598214285714286 0.0625
12 0.5133928571428571 0.42299107142857145 0.024553571428571428 0.014508928571428572
12 0.8024553571428571 0.9051339285714286 0.024553571428571428 0.018973214285714284
12 0.8080357142857143 0.7321428571428571 0.026785714285714284 0.018973214285714284
17 0.3482142857142857 0.7433035714285714 0.07924107142857142 0.0625