2 0.17633928571428573 0.9352678571428571 0.07700892857142858 0.11272321428571429
2 0.9040178571428571 0.9196428571428571 0.06696428571428571 0.10602678571428571
2 0.20758928571428573 0.8895089285714286 0.07700892857142858 0.11272321428571429
2 0.6875 0.8604910714285714 0.07254464285714286 0.12946428571428573
2 0.45870535714285715 0.8091517857142857 0.07700892857142858 0.11272321428571429
2 0.10379464285714286 0.8102678571428571 0.07700892857142858 0.11272321428571429
2 0.9542410714285714 0.7991071428571429 0.07700892857142858 0.125
2 0.18973214285714285 0.7488839285714286 0.11049107142857142 0.07254464285714286
2 0.05803571428571429 0.7600446428571429 0.07700892857142858 0.11272321428571429
2 0.4877232142857143 0.7209821428571429 0.07700892857142858 0.11272321428571429
2 0.19866071428571427 0.6841517857142857 0.08928571428571429 0.08147321428571429
2 0.5401785714285714 0.6540178571428571 0.09598214285714286 0.06919642857142858
2 0.30245535714285715 0.6305803571428571 0.07700892857142858 0.11272321428571429
2 0.05915178571428571 0.625 0.07700892857142858 0.11272321428571429
2 0.671875 0.5926339285714286 0.07700892857142858 0.12723214285714285
2 0.125 0.5401785714285714 0.07700892857142858 0.11272321428571429
2 0.421875 0.46875 0.07700892857142858 0.11272321428571429
2 0.7533482142857143 0.4341517857142857 0.05803571428571429 0.11049107142857142
2 0.5357142857142857 0.42299107142857145 0.08147321428571429 0.09598214285714286
2 0.15066964285714285 0.41964285714285715 0.05022321428571429 0.125
2 0.46205357142857145 0.3470982142857143 0.09151785714285714 0.08705357142857142
2 0.19308035714285715 0.32924107142857145 0.08928571428571429 0.08370535714285714
2 0.33816964285714285 0.3247767857142857 0.07700892857142858 0.11272321428571429
2 0.10044642857142858 0.32589285714285715 0.06696428571428571 0.11830357142857142
2 0.5647321428571429 0.29017857142857145 0.06473214285714286 0.10044642857142858
2 0.28125 0.24776785714285715 0.07700892857142858 0.11272321428571429
2 0.9006696428571429 0.22209821428571427 0.09598214285714286 0.07924107142857142
2 0.3783482142857143 0.22209821428571427 0.07700892857142858 0.11272321428571429
2 0.7075892857142857 0.18080357142857142 0.10044642857142858 0.08705357142857142
2 0.24776785714285715 0.16852678571428573 0.09151785714285714 0.08928571428571429
2 0.9564732142857143 0.11607142857142858 0.06473214285714286 0.09375
2 0.8761160714285714 0.09151785714285714 0.10044642857142858 0.07700892857142858
2 0.7522321428571429 0.10825892857142858 0.05803571428571429 0.11495535714285714
14 0.32254464285714285 0.9241071428571429 0.07254464285714286 0.060267857142857144
14 0.41629464285714285 0.8783482142857143 0.0625 0.10602678571428571
14 0.8136160714285714 0.07142857142857142 0.0625 0.04799107142857143
2 0.2935267857142857 0.40625 0.08370535714285714 0.0625
14 0.24776785714285715 0.6194196428571429 0.060267857142857144 0.0625
14 0.7209821428571429 0.4810267857142857 0.05803571428571429 0.11495535714285714
14 0.8683035714285714 0.7455357142857143 0.04799107142857143 0.060267857142857144