6 0.15848214285714285 0.2845982142857143 0.23995535714285715 0.08928571428571429
13 0.17857142857142858 0.06361607142857142 0.19977678571428573 0.12723214285714285
13 0.3314732142857143 0.09821428571428571 0.109375 0.19642857142857142
13 0.3325892857142857 0.20982142857142858 0.10825892857142858 0.23772321428571427
13 0.5881696428571429 0.26004464285714285 0.28125 0.13950892857142858
12 0.41183035714285715 0.26339285714285715 0.10379464285714286 0.09821428571428571
13 0.7857142857142857 0.16741071428571427 0.23102678571428573 0.22321428571428573
13 0.3169642857142857 0.22991071428571427 0.07700892857142858 0.19977678571428573
0 0.5591517857142857 0.11383928571428571 0.41294642857142855 0.22767857142857142
12 0.08928571428571429 0.6841517857142857 0.08370535714285714 0.07700892857142858
0 0.18303571428571427 0.7176339285714286 0.19196428571428573 0.41629464285714285
13 0.21986607142857142 0.4330357142857143 0.11830357142857142 0.20647321428571427
13 0.21316964285714285 0.9430803571428571 0.13169642857142858 0.11272321428571429
13 0.09933035714285714 0.43861607142857145 0.19866071428571427 0.22098214285714285
6 0.7377232142857143 0.7834821428571429 0.3939732142857143 0.41629464285714285