14 0.31473214285714285 0.16071428571428573 0.09151785714285714 0.06696428571428571
14 0.06919642857142858 0.5658482142857143 0.06696428571428571 0.05803571428571429
1 0.6517857142857143 0.5580357142857143 0.09375 0.07254464285714286
1 0.6997767857142857 0.6506696428571429 0.09151785714285714 0.07477678571428571
1 0.17633928571428573 0.5658482142857143 0.08705357142857142 0.0625
1 0.29575892857142855 0.24330357142857142 0.10044642857142858 0.06919642857142858
1 0.5926339285714286 0.43191964285714285 0.08705357142857142 0.07254464285714286
1 0.46986607142857145 0.13169642857142858 0.09598214285714286 0.07254464285714286
1 0.45535714285714285 0.8560267857142857 0.09821428571428571 0.07700892857142858
1 0.78125 0.7198660714285714 0.09375 0.07700892857142858
1 0.7935267857142857 0.6529017857142857 0.10044642857142858 0.06919642857142858
1 0.9107142857142857 0.7544642857142857 0.08147321428571429 0.06696428571428571
1 0.9241071428571429 0.84375 0.08705357142857142 0.07700892857142858
1 0.9397321428571429 0.6651785714285714 0.09151785714285714 0.07477678571428571
1 0.7075892857142857 0.21986607142857142 0.09151785714285714 0.06919642857142858
1 0.8024553571428571 0.25 0.08370535714285714 0.0625
1 0.8136160714285714 0.17745535714285715 0.08928571428571429 0.0625
1 0.7957589285714286 0.9174107142857143 0.09151785714285714 0.06473214285714286
1 0.22433035714285715 0.32924107142857145 0.09151785714285714 0.060267857142857144
1 0.05022321428571429 0.328125 0.08705357142857142 0.06473214285714286
1 0.23995535714285715 0.9029017857142857 0.09151785714285714 0.0625
1 0.14397321428571427 0.6774553571428571 0.09151785714285714 0.07254464285714286
1 0.8526785714285714 0.40848214285714285 0.09598214285714286 0.06696428571428571
1 0.06808035714285714 0.3939732142857143 0.07700892857142858 0.0625
1 0.4497767857142857 0.30357142857142855 0.09598214285714286 0.06919642857142858
1 0.4330357142857143 0.44754464285714285 0.09598214285714286 0.07254464285714286
1 0.4966517857142857 0.5658482142857143 0.09151785714285714 0.07477678571428571
1 0.5133928571428571 0.46205357142857145 0.08705357142857142 0.07700892857142858
1 0.9676339285714286 0.24441964285714285 0.06473214285714286 0.07254464285714286
1 0.9609375 0.5022321428571429 0.078125 0.07589285714285714
17 0.8962053571428571 0.5558035714285714 0.09598214285714286 0.06473214285714286
12 0.10044642857142858 0.020089285714285716 0.03794642857142857 0.029017857142857144
12 0.03459821428571429 0.8783482142857143 0.03794642857142857 0.03571428571428571
12 0.024553571428571428 0.6004464285714286 0.041294642857142856 0.029017857142857144
12 0.15513392857142858 0.35379464285714285 0.04799107142857143 0.024553571428571428
12 0.15513392857142858 0.2924107142857143 0.052455357142857144 0.03794642857142857
12 0.4810267857142857 0.23102678571428573 0.041294642857142856 0.026785714285714284
12 0.40066964285714285 0.5 0.04352678571428571 0.021205357142857144
12 0.34486607142857145 0.796875 0.052455357142857144 0.04799107142857143
12 0.26450892857142855 0.9341517857142857 0.03794642857142857 0.024553571428571428
12 0.5345982142857143 0.8482142857142857 0.04799107142857143 0.03125
12 0.5089285714285714 0.7533482142857143 0.03571428571428571 0.029017857142857144
12 0.9877232142857143 0.9051339285714286 0.024553571428571428 0.03571428571428571
12 0.9330357142857143 0.35825892857142855 0.03571428571428571 0.024553571428571428
1 0.43861607142857145 0.7700892857142857 0.10044642857142858 0.06696428571428571
17 0.15401785714285715 0.9196428571428571 0.09151785714285714 0.06919642857142858