13 0.9832589285714286 0.4375 0.033482142857142856 0.23102678571428573
13 0.06808035714285714 0.7745535714285714 0.13504464285714285 0.2857142857142857
12 0.7979910714285714 0.7299107142857143 0.060267857142857144 0.07254464285714286
13 0.8861607142857143 0.027901785714285716 0.21651785714285715 0.05580357142857143
13 0.4107142857142857 0.9631696428571429 0.26339285714285715 0.07366071428571429
3 0.49776785714285715 0.5066964285714286 0.44419642857142855 0.4732142857142857
13 0.09486607142857142 0.953125 0.18973214285714285 0.09375
13 0.9419642857142857 0.7053571428571429 0.11495535714285714 0.22879464285714285
13 0.27901785714285715 0.7433035714285714 0.2689732142857143 0.26674107142857145
13 0.8627232142857143 0.8604910714285714 0.24776785714285715 0.19977678571428573
13 0.7678571428571429 0.31919642857142855 0.25223214285714285 0.22544642857142858
13 0.18638392857142858 0.41183035714285715 0.24553571428571427 0.2622767857142857
13 0.11049107142857142 0.171875 0.22098214285714285 0.25223214285714285
13 0.625 0.8950892857142857 0.24553571428571427 0.20424107142857142
13 0.8136160714285714 0.5691964285714286 0.22098214285714285 0.21651785714285715
13 0.6752232142857143 0.11495535714285714 0.25 0.22544642857142858