10 0.17857142857142858 0.22209821428571427 0.35714285714285715 0.37276785714285715
13 0.75 0.3325892857142857 0.22544642857142858 0.15178571428571427
13 0.43638392857142855 0.39620535714285715 0.15625 0.024553571428571428
13 0.9308035714285714 0.26004464285714285 0.13839285714285715 0.203125
6 0.7779017857142857 0.12834821428571427 0.44419642857142855 0.25669642857142855
13 0.5022321428571429 0.31138392857142855 0.26004464285714285 0.18973214285714285
3 0.17857142857142858 0.8314732142857143 0.35714285714285715 0.33705357142857145
13 0.7756696428571429 0.47544642857142855 0.22879464285714285 0.13504464285714285
13 0.7053571428571429 0.47098214285714285 0.18080357142857142 0.125
13 0.9207589285714286 0.4955357142857143 0.15848214285714285 0.17299107142857142
13 0.515625 0.8995535714285714 0.20089285714285715 0.20089285714285715
13 0.4419642857142857 0.6205357142857143 0.16852678571428573 0.22544642857142858
13 0.49330357142857145 0.4810267857142857 0.18303571428571427 0.14397321428571427
13 0.5591517857142857 0.5558035714285714 0.21875 0.21651785714285715
13 0.45424107142857145 0.9408482142857143 0.19196428571428573 0.11830357142857142
6 0.7834821428571429 0.7466517857142857 0.4330357142857143 0.5066964285714286