12 0.5 0.17522321428571427 0.08928571428571429 0.10379464285714286
12 0.47544642857142855 0.05803571428571429 0.08705357142857142 0.07700892857142858
12 0.6049107142857143 0.26450892857142855 0.10825892857142858 0.13950892857142858
13 0.8113839285714286 0.020089285714285716 0.19866071428571427 0.04017857142857143
13 0.44642857142857145 0.9832589285714286 0.22098214285714285 0.033482142857142856
13 0.9475446428571429 0.6026785714285714 0.10044642857142858 0.21205357142857142
13 0.9475446428571429 0.3080357142857143 0.10044642857142858 0.23772321428571427
9 0.5033482142857143 0.5602678571428571 0.47098214285714285 0.46651785714285715
13 0.6350446428571429 0.07924107142857142 0.21428571428571427 0.15401785714285715
13 0.46205357142857145 0.8683035714285714 0.24330357142857142 0.1875
13 0.2700892857142857 0.09486607142857142 0.22544642857142858 0.18526785714285715
13 0.12165178571428571 0.49776785714285715 0.23102678571428573 0.23549107142857142
13 0.8214285714285714 0.15959821428571427 0.21428571428571427 0.21651785714285715
13 0.8113839285714286 0.3705357142857143 0.22879464285714285 0.19754464285714285
13 0.125 0.9419642857142857 0.18973214285714285 0.11495535714285714
13 0.11607142857142858 0.7857142857142857 0.21205357142857142 0.18973214285714285
13 0.11495535714285714 0.25669642857142855 0.22098214285714285 0.21651785714285715
13 0.8180803571428571 0.9073660714285714 0.23549107142857142 0.18526785714285715