18 0.33705357142857145 0.28683035714285715 0.06473214285714286 0.13504464285714285
18 0.42299107142857145 0.07924107142857142 0.07700892857142858 0.11272321428571429
18 0.45870535714285715 0.6216517857142857 0.06696428571428571 0.11495535714285714
5 0.3560267857142857 0.6729910714285714 0.08147321428571429 0.11272321428571429
5 0.43638392857142855 0.5145089285714286 0.07700892857142858 0.11272321428571429
5 0.8236607142857143 0.8627232142857143 0.07700892857142858 0.11272321428571429
5 0.7544642857142857 0.6997767857142857 0.07700892857142858 0.11272321428571429
5 0.90625 0.28125 0.07700892857142858 0.11272321428571429
5 0.5669642857142857 0.28348214285714285 0.07700892857142858 0.11272321428571429
5 0.21205357142857142 0.5200892857142857 0.07700892857142858 0.11272321428571429
5 0.16852678571428573 0.6439732142857143 0.07700892857142858 0.11272321428571429
5 0.7511160714285714 0.9095982142857143 0.07700892857142858 0.11272321428571429
5 0.5926339285714286 0.9118303571428571 0.07700892857142858 0.11272321428571429
5 0.8370535714285714 0.7098214285714286 0.07700892857142858 0.11272321428571429
5 0.5814732142857143 0.5 0.08705357142857142 0.10602678571428571
5 0.10379464285714286 0.9006696428571429 0.07700892857142858 0.11272321428571429
5 0.5323660714285714 0.3861607142857143 0.07700892857142858 0.11272321428571429
14 0.9375 0.5401785714285714 0.05803571428571429 0.05803571428571429
14 0.8448660714285714 0.7689732142857143 0.07700892857142858 0.11272321428571429
14 0.3794642857142857 0.42075892857142855 0.07254464285714286 0.0625
5 0.9051339285714286 0.19084821428571427 0.07700892857142858 0.11272321428571429
12 0.28683035714285715 0.9330357142857143 0.03794642857142857 0.04799107142857143
12 0.5178571428571429 0.7477678571428571 0.03125 0.04352678571428571
18 0.9151785714285714 0.6227678571428571 0.06473214285714286 0.15178571428571427
8 0.29017857142857145 0.13058035714285715 0.06473214285714286 0.08147321428571429
2 0.44754464285714285 0.3627232142857143 0.08705357142857142 0.06696428571428571