7 0.5066964285714286 0.4877232142857143 0.11049107142857142 0.08147321428571429
7 0.5368303571428571 0.5792410714285714 0.11830357142857142 0.08705357142857142
7 0.42075892857142855 0.28794642857142855 0.11272321428571429 0.07700892857142858
7 0.7310267857142857 0.7488839285714286 0.11272321428571429 0.07924107142857142
7 0.765625 0.9017857142857143 0.12723214285714285 0.08705357142857142
7 0.40736607142857145 0.8024553571428571 0.11830357142857142 0.09598214285714286
15 0.6986607142857143 0.40401785714285715 0.08928571428571429 0.06696428571428571
7 0.5747767857142857 0.7399553571428571 0.11272321428571429 0.07700892857142858
14 0.6049107142857143 0.9274553571428571 0.16294642857142858 0.06919642857142858
12 0.9107142857142857 0.20535714285714285 0.04799107142857143 0.033482142857142856
7 0.16741071428571427 0.5022321428571429 0.10825892857142858 0.07700892857142858
17 0.38504464285714285 0.6462053571428571 0.11049107142857142 0.07700892857142858