7 0.4408482142857143 0.40401785714285715 0.11272321428571429 0.08705357142857142
7 0.53125 0.36607142857142855 0.11495535714285714 0.09151785714285714
7 0.8616071428571429 0.6685267857142857 0.12053571428571429 0.09598214285714286
17 0.9029017857142857 0.38839285714285715 0.125 0.08705357142857142
17 0.13839285714285715 0.06584821428571429 0.12053571428571429 0.09151785714285714
17 0.46763392857142855 0.052455357142857144 0.11049107142857142 0.08147321428571429
7 0.6941964285714286 0.16629464285714285 0.11830357142857142 0.09151785714285714
7 0.20758928571428573 0.8470982142857143 0.11272321428571429 0.07924107142857142
7 0.14174107142857142 0.7600446428571429 0.11272321428571429 0.07700892857142858
11 0.5345982142857143 0.49888392857142855 0.11272321428571429 0.09598214285714286
11 0.15290178571428573 0.6149553571428571 0.11272321428571429 0.09821428571428571
12 0.8582589285714286 0.328125 0.052455357142857144 0.03794642857142857
12 0.20870535714285715 0.4029017857142857 0.04352678571428571 0.024553571428571428
18 0.20200892857142858 0.7075892857142857 0.10602678571428571 0.05580357142857143
17 0.6897321428571429 0.48549107142857145 0.125 0.08928571428571429
18 0.38058035714285715 0.12276785714285714 0.12053571428571429 0.09151785714285714
11 0.5970982142857143 0.8794642857142857 0.10379464285714286 0.09821428571428571