13 0.4799107142857143 0.6662946428571429 0.34598214285714285 0.29799107142857145
13 0.984375 0.9129464285714286 0.03125 0.17299107142857142
13 0.21986607142857142 0.6149553571428571 0.24553571428571427 0.25223214285714285
13 0.7020089285714286 0.9564732142857143 0.33705357142857145 0.08705357142857142
13 0.5256696428571429 0.875 0.22879464285714285 0.24553571428571427
13 0.8883928571428571 0.3314732142857143 0.22321428571428573 0.27901785714285715
12 0.46986607142857145 0.7332589285714286 0.11049107142857142 0.09598214285714286
13 0.9631696428571429 0.20758928571428573 0.07366071428571429 0.21428571428571427
13 0.9654017857142857 0.5357142857142857 0.06919642857142858 0.22321428571428573
13 0.06473214285714286 0.056919642857142856 0.12946428571428573 0.10825892857142858
13 0.7120535714285714 0.32700892857142855 0.19419642857142858 0.20870535714285715
13 0.3002232142857143 0.17075892857142858 0.22879464285714285 0.18080357142857142
13 0.30245535714285715 0.060267857142857144 0.23325892857142858 0.12053571428571429
13 0.203125 0.35044642857142855 0.21651785714285715 0.22544642857142858
6 0.48995535714285715 0.48214285714285715 0.40401785714285715 0.42075892857142855
13 0.34151785714285715 0.9029017857142857 0.20647321428571427 0.19419642857142858
13 0.0625 0.5904017857142857 0.125 0.25223214285714285
13 0.5915178571428571 0.109375 0.25 0.21428571428571427
13 0.7745535714285714 0.6462053571428571 0.24330357142857142 0.23325892857142858
13 0.8917410714285714 0.10379464285714286 0.20647321428571427 0.20647321428571427
13 0.9029017857142857 0.7857142857142857 0.18973214285714285 0.21205357142857142
13 0.24107142857142858 0.7165178571428571 0.20647321428571427 0.20424107142857142
13 0.16964285714285715 0.8939732142857143 0.22879464285714285 0.21205357142857142