16 0.8738839285714286 0.22209821428571427 0.09151785714285714 0.07254464285714286
16 0.7555803571428571 0.09598214285714286 0.09151785714285714 0.06696428571428571
16 0.7901785714285714 0.03236607142857143 0.08147321428571429 0.0625
16 0.5915178571428571 0.046875 0.09151785714285714 0.06696428571428571
16 0.5435267857142857 0.10602678571428571 0.09598214285714286 0.07254464285714286
16 0.59375 0.36941964285714285 0.09598214285714286 0.06696428571428571
16 0.5256696428571429 0.30580357142857145 0.10044642857142858 0.06696428571428571
16 0.7477678571428571 0.23325892857142858 0.11272321428571429 0.07700892857142858
16 0.5870535714285714 0.6238839285714286 0.09821428571428571 0.07477678571428571
16 0.5145089285714286 0.7120535714285714 0.10379464285714286 0.07700892857142858
14 0.25558035714285715 0.6261160714285714 0.06696428571428571 0.06696428571428571
16 0.32924107142857145 0.29575892857142855 0.09598214285714286 0.06696428571428571
16 0.17299107142857142 0.046875 0.10602678571428571 0.07254464285714286
16 0.04352678571428571 0.060267857142857144 0.08147321428571429 0.07254464285714286
16 0.09598214285714286 0.16294642857142858 0.09151785714285714 0.07254464285714286
16 0.8270089285714286 0.45870535714285715 0.09598214285714286 0.07254464285714286
16 0.9508928571428571 0.45982142857142855 0.09151785714285714 0.07254464285714286
16 0.9073660714285714 0.39732142857142855 0.10379464285714286 0.07254464285714286
16 0.45200892857142855 0.9665178571428571 0.09375 0.06696428571428571
16 0.20647321428571427 0.9319196428571429 0.10379464285714286 0.07477678571428571
16 0.8582589285714286 0.10825892857142858 0.09375 0.07254464285714286
16 0.7020089285714286 0.16294642857142858 0.09598214285714286 0.06696428571428571
16 0.6529017857142857 0.09821428571428571 0.09821428571428571 0.06919642857142858
16 0.9095982142857143 0.6908482142857143 0.10044642857142858 0.06696428571428571
16 0.953125 0.7834821428571429 0.09375 0.07700892857142858
16 0.765625 0.8325892857142857 0.10044642857142858 0.07477678571428571
16 0.6339285714285714 0.6841517857142857 0.10602678571428571 0.07477678571428571
16 0.6506696428571429 0.7745535714285714 0.10044642857142858 0.06696428571428571