16 0.8861607142857143 0.38950892857142855 0.11272321428571429 0.07700892857142858
16 0.24107142857142858 0.6986607142857143 0.11272321428571429 0.07924107142857142
16 0.14174107142857142 0.7299107142857143 0.11272321428571429 0.07924107142857142
13 0.4408482142857143 0.4799107142857143 0.11272321428571429 0.07700892857142858
15 0.6283482142857143 0.6997767857142857 0.11272321428571429 0.07700892857142858
13 0.0625 0.9151785714285714 0.09151785714285714 0.06696428571428571
13 0.9542410714285714 0.8080357142857143 0.09151785714285714 0.07924107142857142
13 0.9542410714285714 0.39285714285714285 0.09151785714285714 0.07924107142857142
13 0.9497767857142857 0.8716517857142857 0.10044642857142858 0.06473214285714286
11 0.9341517857142857 0.08705357142857142 0.11272321428571429 0.07700892857142858
13 0.7678571428571429 0.03794642857142857 0.11160714285714286 0.07589285714285714
13 0.7310267857142857 0.29575892857142855 0.11272321428571429 0.07700892857142858
13 0.71875 0.8716517857142857 0.10044642857142858 0.0625
13 0.6785714285714286 0.9754464285714286 0.11272321428571429 0.04799107142857143
13 0.6607142857142857 0.5323660714285714 0.10044642857142858 0.07254464285714286
13 0.6082589285714286 0.9676339285714286 0.11272321428571429 0.06473214285714286
13 0.5647321428571429 0.7823660714285714 0.11272321428571429 0.07700892857142858
13 0.5602678571428571 0.060267857142857144 0.09598214285714286 0.07254464285714286
13 0.5223214285714286 0.22433035714285715 0.11272321428571429 0.07700892857142858
13 0.5 0.9732142857142857 0.11272321428571429 0.052455357142857144
13 0.5122767857142857 0.546875 0.11272321428571429 0.07700892857142858
13 0.49107142857142855 0.025669642857142856 0.11272321428571429 0.05022321428571429
13 0.47433035714285715 0.375 0.11272321428571429 0.07700892857142858
8 0.453125 0.06584821428571429 0.08147321428571429 0.06696428571428571
8 0.4486607142857143 0.12611607142857142 0.08147321428571429 0.052455357142857144
13 0.40736607142857145 0.96875 0.11272321428571429 0.0625
13 0.41183035714285715 0.32700892857142855 0.11272321428571429 0.07700892857142858
13 0.38839285714285715 0.18303571428571427 0.07254464285714286 0.06696428571428571
13 0.36607142857142855 0.45535714285714285 0.10602678571428571 0.07477678571428571
13 0.33816964285714285 0.96875 0.11272321428571429 0.0625
7 0.32254464285714285 0.13169642857142858 0.09821428571428571 0.07700892857142858
13 0.31026785714285715 0.6450892857142857 0.11272321428571429 0.07700892857142858
13 0.296875 0.5714285714285714 0.08705357142857142 0.07700892857142858
13 0.25892857142857145 0.5022321428571429 0.09598214285714286 0.0625
13 0.23549107142857142 0.43638392857142855 0.08705357142857142 0.07700892857142858
13 0.23883928571428573 0.6082589285714286 0.11272321428571429 0.07700892857142858
13 0.21763392857142858 0.9631696428571429 0.11383928571428571 0.07366071428571429
13 0.21540178571428573 0.33705357142857145 0.09598214285714286 0.07700892857142858
13 0.15066964285714285 0.12834821428571427 0.11272321428571429 0.07700892857142858
16 0.6897321428571429 0.6685267857142857 0.11272321428571429 0.07700892857142858
16 0.9095982142857143 0.5457589285714286 0.11272321428571429 0.07700892857142858
16 0.9084821428571429 0.27120535714285715 0.11272321428571429 0.07700892857142858
18 0.5714285714285714 0.28683035714285715 0.125 0.07700892857142858
18 0.43080357142857145 0.2611607142857143 0.11272321428571429 0.07700892857142858
14 0.16964285714285715 0.9107142857142857 0.09598214285714286 0.07700892857142858
11 0.6819196428571429 0.45200892857142855 0.11272321428571429 0.07700892857142858
8 0.08370535714285714 0.05915178571428571 0.08147321428571429 0.0625
13 0.044642857142857144 0.13839285714285715 0.08928571428571429 0.07924107142857142
8 0.07477678571428571 0.21205357142857142 0.07700892857142858 0.0625
13 0.19196428571428573 0.21651785714285715 0.09151785714285714 0.07254464285714286
13 0.24776785714285715 0.23549107142857142 0.11272321428571429 0.07700892857142858
8 0.23995535714285715 0.10044642857142858 0.07700892857142858 0.06696428571428571
13 0.04799107142857143 0.3392857142857143 0.09598214285714286 0.07700892857142858
13 0.0625 0.4888392857142857 0.09375 0.07700892857142858
13 0.08147321428571429 0.5613839285714286 0.09151785714285714 0.07254464285714286
13 0.08705357142857142 0.6395089285714286 0.09151785714285714 0.0625
13 0.13727678571428573 0.6205357142857143 0.11272321428571429 0.07700892857142858
13 0.0625 0.7834821428571429 0.10044642857142858 0.06696428571428571
13 0.11272321428571429 0.8694196428571429 0.11272321428571429 0.07700892857142858
13 0.17633928571428573 0.8325892857142857 0.11272321428571429 0.07924107142857142
13 0.23883928571428573 0.8627232142857143 0.11272321428571429 0.07924107142857142
13 0.29017857142857145 0.9207589285714286 0.11272321428571429 0.07700892857142858
13 0.3125 0.8069196428571429 0.11272321428571429 0.07700892857142858
13 0.3950892857142857 0.7868303571428571 0.11272321428571429 0.07700892857142858
13 0.46651785714285715 0.8024553571428571 0.11272321428571429 0.07700892857142858
13 0.45424107142857145 0.8716517857142857 0.11272321428571429 0.07700892857142858
13 0.4375 0.9073660714285714 0.11272321428571429 0.07700892857142858
13 0.5591517857142857 0.9319196428571429 0.11272321428571429 0.07700892857142858
13 0.6819196428571429 0.9375 0.11272321428571429 0.07700892857142858
13 0.7154017857142857 0.7912946428571429 0.11272321428571429 0.07700892857142858
13 0.6283482142857143 0.7600446428571429 0.11272321428571429 0.07700892857142858
13 0.31473214285714285 0.7087053571428571 0.11272321428571429 0.07700892857142858
13 0.47767857142857145 0.7120535714285714 0.09151785714285714 0.07924107142857142
13 0.5591517857142857 0.7198660714285714 0.11272321428571429 0.07700892857142858
13 0.6037946428571429 0.6517857142857143 0.11272321428571429 0.07700892857142858
7 0.7455357142857143 0.6149553571428571 0.11272321428571429 0.07700892857142858
13 0.875 0.7388392857142857 0.09151785714285714 0.07254464285714286
13 0.8660714285714286 0.8404017857142857 0.11272321428571429 0.07924107142857142
13 0.9319196428571429 0.9441964285714286 0.09151785714285714 0.07924107142857142
13 0.8839285714285714 0.4564732142857143 0.11272321428571429 0.07700892857142858
13 0.9229910714285714 0.4799107142857143 0.11272321428571429 0.07700892857142858
13 0.8214285714285714 0.5368303571428571 0.09151785714285714 0.07700892857142858
13 0.5881696428571429 0.43526785714285715 0.10602678571428571 0.07700892857142858
13 0.6127232142857143 0.3939732142857143 0.11272321428571429 0.07700892857142858
13 0.5792410714285714 0.5022321428571429 0.08705357142857142 0.06696428571428571
13 0.9006696428571429 0.14620535714285715 0.11272321428571429 0.07700892857142858
13 0.8158482142857143 0.08147321428571429 0.11272321428571429 0.07700892857142858
13 0.8069196428571429 0.15625 0.11272321428571429 0.07700892857142858
13 0.6785714285714286 0.35825892857142855 0.11272321428571429 0.07700892857142858
13 0.32142857142857145 0.29799107142857145 0.11272321428571429 0.07700892857142858
13 0.32589285714285715 0.34598214285714285 0.08705357142857142 0.0625
13 0.21651785714285715 0.7555803571428571 0.11272321428571429 0.07924107142857142
13 0.7790178571428571 0.4654017857142857 0.11272321428571429 0.07700892857142858
14 0.38392857142857145 0.7142857142857143 0.11272321428571429 0.07700892857142858
14 0.4341517857142857 0.5412946428571429 0.11272321428571429 0.07700892857142858
14 0.8069196428571429 0.703125 0.08928571428571429 0.07700892857142858
14 0.8348214285714286 0.25558035714285715 0.11272321428571429 0.07700892857142858
14 0.7622767857142857 0.3560267857142857 0.11272321428571429 0.07700892857142858
13 0.8292410714285714 0.35044642857142855 0.11272321428571429 0.07700892857142858
13 0.8348214285714286 0.6049107142857143 0.11272321428571429 0.07700892857142858
8 0.5133928571428571 0.15736607142857142 0.07254464285714286 0.0625
8 0.37388392857142855 0.3939732142857143 0.08705357142857142 0.06696428571428571
13 0.734375 0.16517857142857142 0.08928571428571429 0.08147321428571429
11 0.35267857142857145 0.5189732142857143 0.09598214285714286 0.07477678571428571
13 0.8058035714285714 0.7935267857142857 0.09598214285714286 0.07254464285714286