10 0.46986607142857145 0.15513392857142858 0.39620535714285715 0.31026785714285715
13 0.7622767857142857 0.22879464285714285 0.1875 0.2689732142857143
0 0.8337053571428571 0.38504464285714285 0.3314732142857143 0.42745535714285715
13 0.7544642857142857 0.5457589285714286 0.17299107142857142 0.10602678571428571
13 0.04241071428571429 0.96875 0.08370535714285714 0.0625
13 0.31361607142857145 0.6395089285714286 0.3002232142857143 0.08147321428571429
0 0.45535714285714285 0.7991071428571429 0.4252232142857143 0.4017857142857143
9 0.7566964285714286 0.8571428571428571 0.17745535714285715 0.2857142857142857
13 0.7633928571428571 0.6919642857142857 0.18973214285714285 0.1875
13 0.9140625 0.6953125 0.171875 0.19419642857142858
13 0.8861607142857143 0.9598214285714286 0.21875 0.07924107142857142