5 0.2700892857142857 0.8136160714285714 0.07924107142857142 0.10602678571428571
5 0.23883928571428573 0.5368303571428571 0.07700892857142858 0.11272321428571429
5 0.31138392857142855 0.5111607142857143 0.07700892857142858 0.11272321428571429
5 0.22433035714285715 0.2857142857142857 0.06696428571428571 0.10044642857142858
5 0.1875 0.11160714285714286 0.07254464285714286 0.08370535714285714
5 0.046875 0.24665178571428573 0.07254464285714286 0.09598214285714286
5 0.4888392857142857 0.15625 0.06696428571428571 0.09598214285714286
5 0.6852678571428571 0.11160714285714286 0.08147321428571429 0.09375
5 0.765625 0.05915178571428571 0.07700892857142858 0.11272321428571429
5 0.8404017857142857 0.05915178571428571 0.07700892857142858 0.11272321428571429
5 0.8191964285714286 0.25223214285714285 0.07700892857142858 0.11272321428571429
5 0.7779017857142857 0.8080357142857143 0.06696428571428571 0.10044642857142858
5 0.9073660714285714 0.9575892857142857 0.07477678571428571 0.08370535714285714
5 0.421875 0.7845982142857143 0.07254464285714286 0.09151785714285714
5 0.30245535714285715 0.6529017857142857 0.07700892857142858 0.12053571428571429
8 0.6238839285714286 0.5111607142857143 0.060267857142857144 0.08370535714285714
14 0.6808035714285714 0.36607142857142855 0.05803571428571429 0.09151785714285714
14 0.7332589285714286 0.43638392857142855 0.052455357142857144 0.0625
8 0.8962053571428571 0.08482142857142858 0.060267857142857144 0.09151785714285714
5 0.9229910714285714 0.265625 0.07254464285714286 0.08928571428571429
5 0.8895089285714286 0.3482142857142857 0.07254464285714286 0.10044642857142858
5 0.5524553571428571 0.47098214285714285 0.07254464285714286 0.09151785714285714
5 0.06696428571428571 0.8560267857142857 0.07924107142857142 0.09375
5 0.19196428571428573 0.7008928571428571 0.06919642857142858 0.08370535714285714
5 0.10379464285714286 0.6651785714285714 0.07700892857142858 0.11272321428571429
5 0.37611607142857145 0.5569196428571429 0.07700892857142858 0.11272321428571429
5 0.34375 0.2700892857142857 0.07700892857142858 0.11272321428571429
5 0.3638392857142857 0.3705357142857143 0.08147321428571429 0.08147321428571429
14 0.32142857142857145 0.3861607142857143 0.04799107142857143 0.060267857142857144
14 0.25669642857142855 0.6473214285714286 0.04352678571428571 0.07254464285714286
11 0.46651785714285715 0.42745535714285715 0.05803571428571429 0.09598214285714286
11 0.27566964285714285 0.23660714285714285 0.07254464285714286 0.08147321428571429
5 0.48660714285714285 0.2611607142857143 0.09151785714285714 0.10602678571428571