12 0.05133928571428571 0.9508928571428571 0.05803571428571429 0.06696428571428571
13 0.5100446428571429 0.029017857142857144 0.23102678571428573 0.052455357142857144
13 0.3716517857142857 0.9799107142857143 0.23549107142857142 0.03571428571428571
13 0.9386160714285714 0.8571428571428571 0.11830357142857142 0.2767857142857143
13 0.19084821428571427 0.36049107142857145 0.2544642857142857 0.24330357142857142
3 0.5089285714285714 0.5033482142857143 0.48325892857142855 0.48995535714285715
13 0.13727678571428573 0.5401785714285714 0.24776785714285715 0.26004464285714285
13 0.09933035714285714 0.7845982142857143 0.19866071428571427 0.25223214285714285
13 0.8850446428571429 0.22991071428571427 0.22544642857142858 0.23995535714285715
13 0.8995535714285714 0.6071428571428571 0.19754464285714285 0.28348214285714285
13 0.7578125 0.9296875 0.24776785714285715 0.140625
13 0.6462053571428571 0.18973214285714285 0.25669642857142855 0.21651785714285715
13 0.3939732142857143 0.20982142857142858 0.26674107142857145 0.21205357142857142
13 0.37611607142857145 0.8225446428571429 0.26004464285714285 0.21875