2 0.06584821428571429 0.7198660714285714 0.11272321428571429 0.07924107142857142
2 0.05915178571428571 0.4497767857142857 0.11272321428571429 0.07700892857142858
2 0.12834821428571427 0.17745535714285715 0.11272321428571429 0.07700892857142858
2 0.25558035714285715 0.8582589285714286 0.11272321428571429 0.07924107142857142
2 0.29017857142857145 0.26674107142857145 0.11272321428571429 0.07700892857142858
2 0.30691964285714285 0.11607142857142858 0.12053571428571429 0.08705357142857142
2 0.35267857142857145 0.7857142857142857 0.11272321428571429 0.07700892857142858
2 0.3716517857142857 0.5479910714285714 0.11272321428571429 0.07700892857142858
2 0.40066964285714285 0.8225446428571429 0.11272321428571429 0.07924107142857142
2 0.40848214285714285 0.32924107142857145 0.11272321428571429 0.07700892857142858
2 0.43526785714285715 0.42299107142857145 0.11272321428571429 0.07700892857142858
2 0.46651785714285715 0.6060267857142857 0.11272321428571429 0.07700892857142858
2 0.46651785714285715 0.13727678571428573 0.11272321428571429 0.07700892857142858
2 0.5055803571428571 0.28013392857142855 0.11272321428571429 0.07700892857142858
2 0.5145089285714286 0.3404017857142857 0.12053571428571429 0.09598214285714286
2 0.5535714285714286 0.4966517857142857 0.11272321428571429 0.07700892857142858
2 0.5881696428571429 0.4185267857142857 0.11272321428571429 0.07700892857142858
2 0.5636160714285714 0.08705357142857142 0.10044642857142858 0.06919642857142858
2 0.5848214285714286 0.5658482142857143 0.11272321428571429 0.07700892857142858
2 0.609375 0.8035714285714286 0.11495535714285714 0.08705357142857142
2 0.6026785714285714 0.9017857142857143 0.11272321428571429 0.07924107142857142
2 0.7131696428571429 0.44642857142857145 0.11495535714285714 0.08705357142857142
2 0.7209821428571429 0.15959821428571427 0.11272321428571429 0.07700892857142858
2 0.7042410714285714 0.29799107142857145 0.11272321428571429 0.07700892857142858
2 0.7209821428571429 0.9620535714285714 0.11160714285714286 0.07589285714285714
2 0.7310267857142857 0.7232142857142857 0.11272321428571429 0.07700892857142858
2 0.7957589285714286 0.7667410714285714 0.11272321428571429 0.07924107142857142
2 0.8214285714285714 0.2779017857142857 0.11272321428571429 0.07700892857142858
2 0.8069196428571429 0.5424107142857143 0.14397321428571427 0.09821428571428571
2 0.8560267857142857 0.7310267857142857 0.11272321428571429 0.07700892857142858
2 0.8404017857142857 0.18415178571428573 0.11272321428571429 0.07700892857142858
2 0.8158482142857143 0.9341517857142857 0.11272321428571429 0.07700892857142858
2 0.8582589285714286 0.3939732142857143 0.11272321428571429 0.07700892857142858
2 0.9029017857142857 0.24441964285714285 0.11272321428571429 0.07700892857142858
2 0.9118303571428571 0.6618303571428571 0.11272321428571429 0.07700892857142858
2 0.578125 0.056919642857142856 0.125 0.08147321428571429
12 0.3716517857142857 0.20647321428571427 0.05803571428571429 0.04352678571428571
12 0.7198660714285714 0.6707589285714286 0.041294642857142856 0.04352678571428571
14 0.9464285714285714 0.6361607142857143 0.03794642857142857 0.03125
2 0.8571428571428571 0.9118303571428571 0.08928571428571429 0.0625
12 0.6595982142857143 0.7756696428571429 0.03794642857142857 0.024553571428571428