13 0.32589285714285715 0.16741071428571427 0.16629464285714285 0.33370535714285715
13 0.359375 0.3325892857142857 0.09821428571428571 0.25223214285714285
12 0.03571428571428571 0.03459821428571429 0.07142857142857142 0.06919642857142858
13 0.29799107142857145 0.029017857142857144 0.20647321428571427 0.05803571428571429
13 0.3950892857142857 0.06919642857142858 0.026785714285714284 0.13839285714285715
3 0.08370535714285714 0.3404017857142857 0.16741071428571427 0.37723214285714285
13 0.12723214285714285 0.15848214285714285 0.2544642857142857 0.23549107142857142
13 0.234375 0.35044642857142855 0.22544642857142858 0.22544642857142858
13 0.2935267857142857 0.47544642857142855 0.23102678571428573 0.10602678571428571
0 0.6127232142857143 0.19419642857142858 0.40848214285714285 0.38839285714285715
9 0.21428571428571427 0.7645089285714286 0.38950892857142855 0.47098214285714285
0 0.6104910714285714 0.8694196428571429 0.40401785714285715 0.2611607142857143