15 0.8158482142857143 0.7399553571428571 0.06473214285714286 0.08370535714285714
17 0.7946428571428571 0.38839285714285715 0.07924107142857142 0.11830357142857142
14 0.25 0.6741071428571429 0.05580357142857143 0.07477678571428571
7 0.625 0.18080357142857142 0.07924107142857142 0.11272321428571429
7 0.6964285714285714 0.16964285714285715 0.07924107142857142 0.11272321428571429
7 0.9241071428571429 0.11049107142857142 0.07924107142857142 0.11272321428571429
13 0.6830357142857143 0.0625 0.07924107142857142 0.10602678571428571
13 0.38839285714285715 0.10491071428571429 0.07924107142857142 0.10602678571428571
13 0.26450892857142855 0.09598214285714286 0.07254464285714286 0.09598214285714286
13 0.13727678571428573 0.14285714285714285 0.08705357142857142 0.10825892857142858
11 0.20089285714285715 0.20758928571428573 0.09151785714285714 0.11495535714285714
7 0.41629464285714285 0.39620535714285715 0.08928571428571429 0.11049107142857142
7 0.47767857142857145 0.6082589285714286 0.08705357142857142 0.11495535714285714
13 0.08816964285714286 0.0625 0.07924107142857142 0.09821428571428571
13 0.14732142857142858 0.33482142857142855 0.07477678571428571 0.09598214285714286
13 0.21651785714285715 0.42410714285714285 0.07700892857142858 0.10044642857142858
7 0.13616071428571427 0.44642857142857145 0.07924107142857142 0.11272321428571429
13 0.23772321428571427 0.5334821428571429 0.08705357142857142 0.10044642857142858
7 0.10825892857142858 0.5758928571428571 0.07924107142857142 0.11272321428571429
13 0.24441964285714285 0.8002232142857143 0.07254464285714286 0.09375
13 0.16852678571428573 0.7845982142857143 0.07700892857142858 0.09598214285714286
13 0.13616071428571427 0.6830357142857143 0.08147321428571429 0.10044642857142858
7 0.05803571428571429 0.8292410714285714 0.09821428571428571 0.10602678571428571
7 0.20647321428571427 0.890625 0.09151785714285714 0.10825892857142858
15 0.04799107142857143 0.9308035714285714 0.08370535714285714 0.09821428571428571
13 0.46651785714285715 0.7946428571428571 0.07477678571428571 0.10379464285714286
17 0.5647321428571429 0.8337053571428571 0.08147321428571429 0.11049107142857142
7 0.7801339285714286 0.8850446428571429 0.08147321428571429 0.11495535714285714
7 0.8560267857142857 0.828125 0.08705357142857142 0.12053571428571429
13 0.6595982142857143 0.6808035714285714 0.07700892857142858 0.10044642857142858
13 0.5915178571428571 0.7377232142857143 0.07477678571428571 0.10044642857142858
17 0.8738839285714286 0.6439732142857143 0.08147321428571429 0.11272321428571429
7 0.8716517857142857 0.44308035714285715 0.08147321428571429 0.12053571428571429
7 0.9598214285714286 0.49441964285714285 0.07924107142857142 0.11272321428571429
13 0.5011160714285714 0.42299107142857145 0.07477678571428571 0.09598214285714286
13 0.36049107142857145 0.29799107142857145 0.07924107142857142 0.11272321428571429
13 0.6116071428571429 0.38392857142857145 0.07700892857142858 0.10602678571428571
13 0.5502232142857143 0.5145089285714286 0.08705357142857142 0.10044642857142858
13 0.5848214285714286 0.6104910714285714 0.08370535714285714 0.10044642857142858
13 0.6774553571428571 0.5066964285714286 0.07477678571428571 0.10379464285714286
13 0.7287946428571429 0.32700892857142855 0.07254464285714286 0.10379464285714286
17 0.6685267857142857 0.43861607142857145 0.07924107142857142 0.12053571428571429
12 0.5089285714285714 0.2689732142857143 0.03571428571428571 0.05022321428571429