13 0.17633928571428573 0.0703125 0.35267857142857145 0.140625
12 0.46316964285714285 0.3638392857142857 0.07477678571428571 0.08928571428571429
12 0.30245535714285715 0.34486607142857145 0.09821428571428571 0.10044642857142858
12 0.4799107142857143 0.203125 0.041294642857142856 0.11830357142857142
0 0.17522321428571427 0.25 0.35044642857142855 0.5
13 0.375 0.12388392857142858 0.25 0.24776785714285715
12 0.734375 0.04017857142857143 0.13727678571428573 0.07924107142857142
6 0.7611607142857143 0.3091517857142857 0.35379464285714285 0.38169642857142855
13 0.8872767857142857 0.4174107142857143 0.22544642857142858 0.16629464285714285
13 0.6149553571428571 0.4375 0.23102678571428573 0.125
13 0.5558035714285714 0.10267857142857142 0.11049107142857142 0.20424107142857142
13 0.5279017857142857 0.23660714285714285 0.05580357142857143 0.24330357142857142
13 0.8962053571428571 0.030133928571428572 0.20647321428571427 0.060267857142857144
6 0.31919642857142855 0.703125 0.36049107142857145 0.40625
3 0.78125 0.8426339285714286 0.4375 0.31473214285714285