7 0.13504464285714285 0.18973214285714285 0.12723214285714285 0.09598214285714286
7 0.5424107142857143 0.48325892857142855 0.11495535714285714 0.09375
7 0.6595982142857143 0.9107142857142857 0.11272321428571429 0.10044642857142858
7 0.5 0.10379464285714286 0.11495535714285714 0.09375
7 0.6060267857142857 0.10379464285714286 0.11495535714285714 0.09598214285714286
7 0.3638392857142857 0.49330357142857145 0.11272321428571429 0.07700892857142858
17 0.7332589285714286 0.5814732142857143 0.09598214285714286 0.07700892857142858
18 0.5323660714285714 0.6428571428571429 0.09598214285714286 0.09821428571428571
8 0.40625 0.8180803571428571 0.08147321428571429 0.05580357142857143
7 0.8325892857142857 0.08147321428571429 0.11495535714285714 0.09598214285714286
7 0.5904017857142857 0.26674107142857145 0.11272321428571429 0.07700892857142858
8 0.03459821428571429 0.8861607142857143 0.03125 0.024553571428571428
8 0.052455357142857144 0.22991071428571427 0.033482142857142856 0.024553571428571428
16 0.34933035714285715 0.6227678571428571 0.08705357142857142 0.08370535714285714
17 0.22098214285714285 0.6741071428571429 0.10602678571428571 0.06473214285714286
17 0.296875 0.8526785714285714 0.09151785714285714 0.07477678571428571