6 0.24441964285714285 0.25111607142857145 0.4877232142857143 0.5022321428571429
13 0.8303571428571429 0.09151785714285714 0.29575892857142855 0.18303571428571427
13 0.6774553571428571 0.4497767857142857 0.17745535714285715 0.13950892857142858
10 0.6294642857142857 0.359375 0.08147321428571429 0.30580357142857145
13 0.8325892857142857 0.47433035714285715 0.2857142857142857 0.08928571428571429
13 0.31026785714285715 0.5881696428571429 0.3080357142857143 0.13727678571428573
13 0.049107142857142856 0.8035714285714286 0.09821428571428571 0.2857142857142857
13 0.15959821428571427 0.5647321428571429 0.25223214285714285 0.09151785714285714
13 0.5122767857142857 0.7957589285714286 0.15401785714285715 0.25
3 0.2857142857142857 0.7600446428571429 0.5714285714285714 0.4799107142857143
13 0.49776785714285715 0.6138392857142857 0.18303571428571427 0.18973214285714285
9 0.8303571428571429 0.7589285714285714 0.3392857142857143 0.48214285714285715