17 0.7053571428571429 0.5558035714285714 0.07700892857142858 0.10379464285714286
17 0.21986607142857142 0.4810267857142857 0.05803571428571429 0.09598214285714286
17 0.026785714285714284 0.37723214285714285 0.052455357142857144 0.09151785714285714
17 0.37276785714285715 0.2700892857142857 0.06919642857142858 0.09821428571428571
17 0.7098214285714286 0.8069196428571429 0.07254464285714286 0.08928571428571429
17 0.7566964285714286 0.20424107142857142 0.07254464285714286 0.10044642857142858
11 0.8560267857142857 0.8995535714285714 0.07700892857142858 0.10044642857142858
1 0.7979910714285714 0.8314732142857143 0.0625 0.10602678571428571
12 0.38169642857142855 0.6395089285714286 0.029017857142857144 0.04799107142857143
12 0.22544642857142858 0.65625 0.03794642857142857 0.04352678571428571
12 0.9732142857142857 0.7410714285714286 0.03125 0.041294642857142856
12 0.8058035714285714 0.39732142857142855 0.033482142857142856 0.052455357142857144
12 0.421875 0.9441964285714286 0.03794642857142857 0.04352678571428571
1 0.7455357142857143 0.46875 0.06919642857142858 0.09151785714285714
1 0.6082589285714286 0.20982142857142858 0.06696428571428571 0.09598214285714286
2 0.6350446428571429 0.27120535714285715 0.08705357142857142 0.08147321428571429
12 0.9542410714285714 0.6696428571428571 0.0625 0.08147321428571429