11 0.15290178571428573 0.3392857142857143 0.04352678571428571 0.10379464285714286
11 0.026785714285714284 0.30691964285714285 0.052455357142857144 0.09821428571428571
14 0.03125 0.6774553571428571 0.0625 0.05803571428571429
11 0.5625 0.5368303571428571 0.07700892857142858 0.08705357142857142
17 0.32589285714285715 0.5111607142857143 0.06473214285714286 0.08705357142857142
1 0.6428571428571429 0.40066964285714285 0.06696428571428571 0.08147321428571429
1 0.5122767857142857 0.6517857142857143 0.07254464285714286 0.08705357142857142
1 0.5625 0.7633928571428571 0.06919642857142858 0.08705357142857142
1 0.3794642857142857 0.8370535714285714 0.06919642857142858 0.08705357142857142
1 0.6540178571428571 0.9174107142857143 0.0625 0.07477678571428571
1 0.8180803571428571 0.9508928571428571 0.05803571428571429 0.08147321428571429
1 0.03236607142857143 0.8950892857142857 0.06473214285714286 0.08928571428571429
1 0.4419642857142857 0.5948660714285714 0.06919642857142858 0.09375
1 0.03794642857142857 0.43973214285714285 0.05803571428571429 0.08370535714285714
1 0.9363839285714286 0.12834821428571427 0.07477678571428571 0.08705357142857142
1 0.8649553571428571 0.3236607142857143 0.0625 0.08705357142857142
1 0.7633928571428571 0.0625 0.0625 0.09151785714285714
1 0.8303571428571429 0.04352678571428571 0.05803571428571429 0.08147321428571429
14 0.8839285714285714 0.078125 0.05803571428571429 0.08705357142857142
15 0.9040178571428571 0.20089285714285715 0.060267857142857144 0.07254464285714286
1 0.15848214285714285 0.14285714285714285 0.0625 0.08705357142857142
1 0.21986607142857142 0.17410714285714285 0.06696428571428571 0.08928571428571429
1 0.2700892857142857 0.22991071428571427 0.06696428571428571 0.08147321428571429
1 0.3125 0.3080357142857143 0.0625 0.08370535714285714
1 0.265625 0.45424107142857145 0.06696428571428571 0.08370535714285714
1 0.32700892857142855 0.15066964285714285 0.06696428571428571 0.09375
1 0.9308035714285714 0.7946428571428571 0.0625 0.08705357142857142
1 0.15513392857142858 0.7287946428571429 0.0625 0.07254464285714286
5 0.10602678571428571 0.18973214285714285 0.06696428571428571 0.08147321428571429
1 0.14174107142857142 0.4888392857142857 0.0625 0.08147321428571429
1 0.21205357142857142 0.5792410714285714 0.06473214285714286 0.07254464285714286
13 0.5111607142857143 0.8136160714285714 0.05580357142857143 0.07924107142857142
8 0.47098214285714285 0.14955357142857142 0.05803571428571429 0.07700892857142858
13 0.5814732142857143 0.28348214285714285 0.05803571428571429 0.07700892857142858
13 0.71875 0.36160714285714285 0.05803571428571429 0.08705357142857142
13 0.8325892857142857 0.39174107142857145 0.060267857142857144 0.07924107142857142
13 0.8537946428571429 0.42299107142857145 0.07700892857142858 0.11272321428571429
13 0.6194196428571429 0.6372767857142857 0.0625 0.07477678571428571
13 0.2857142857142857 0.7310267857142857 0.060267857142857144 0.08147321428571429
8 0.04241071428571429 0.19977678571428573 0.060267857142857144 0.07477678571428571
13 0.06696428571428571 0.9598214285714286 0.06696428571428571 0.07924107142857142
13 0.11272321428571429 0.8805803571428571 0.06696428571428571 0.08705357142857142
13 0.20647321428571427 0.8091517857142857 0.06696428571428571 0.08370535714285714
13 0.2700892857142857 0.8415178571428571 0.06696428571428571 0.08928571428571429
13 0.45200892857142855 0.7946428571428571 0.0625 0.08705357142857142
13 0.37388392857142855 0.7533482142857143 0.0625 0.08370535714285714
13 0.4107142857142857 0.6696428571428571 0.0625 0.09151785714285714
13 0.36830357142857145 0.5803571428571429 0.06473214285714286 0.08705357142857142
13 0.10714285714285714 0.2779017857142857 0.06919642857142858 0.08705357142857142
11 0.5870535714285714 0.45089285714285715 0.06696428571428571 0.08928571428571429
13 0.5870535714285714 0.36160714285714285 0.06696428571428571 0.07700892857142858
5 0.5178571428571429 0.2935267857142857 0.060267857142857144 0.08705357142857142
13 0.4486607142857143 0.22879464285714285 0.0625 0.08147321428571429
13 0.45200892857142855 0.0625 0.0625 0.08147321428571429
13 0.5502232142857143 0.08816964285714286 0.06473214285714286 0.08705357142857142
13 0.5290178571428571 0.18080357142857142 0.06919642857142858 0.08147321428571429
13 0.71875 0.21651785714285715 0.06696428571428571 0.08705357142857142
15 0.6160714285714286 0.07366071428571429 0.06696428571428571 0.07700892857142858
13 0.7087053571428571 0.7522321428571429 0.06696428571428571 0.09151785714285714
13 0.6149553571428571 0.7165178571428571 0.0625 0.07700892857142858
13 0.8973214285714286 0.7254464285714286 0.0625 0.09598214285714286
13 0.8470982142857143 0.7912946428571429 0.06696428571428571 0.08705357142857142
13 0.546875 0.9229910714285714 0.0625 0.08705357142857142
13 0.5133928571428571 0.9564732142857143 0.0625 0.08705357142857142
13 0.8125 0.6004464285714286 0.06696428571428571 0.08705357142857142
13 0.7723214285714286 0.41629464285714285 0.0625 0.08705357142857142
13 0.9575892857142857 0.49888392857142855 0.06473214285714286 0.08147321428571429
13 0.9732142857142857 0.4174107142857143 0.052455357142857144 0.08705357142857142
13 0.921875 0.2935267857142857 0.06696428571428571 0.08147321428571429
8 0.8649553571428571 0.24330357142857142 0.060267857142857144 0.07700892857142858
13 0.8225446428571429 0.125 0.060267857142857144 0.08147321428571429
13 0.7667410714285714 0.796875 0.06696428571428571 0.07924107142857142
13 0.6272321428571429 0.8794642857142857 0.06919642857142858 0.08705357142857142
13 0.8805803571428571 0.8738839285714286 0.06696428571428571 0.08370535714285714
13 0.7689732142857143 0.7008928571428571 0.06696428571428571 0.09151785714285714
13 0.20982142857142858 0.3560267857142857 0.0625 0.08705357142857142
13 0.23995535714285715 0.26674107142857145 0.06473214285714286 0.09598214285714286
1 0.07477678571428571 0.49776785714285715 0.06696428571428571 0.10825892857142858