8 0.48325892857142855 0.3794642857142857 0.11272321428571429 0.07700892857142858
13 0.8627232142857143 0.3482142857142857 0.08147321428571429 0.0625
13 0.43861607142857145 0.5491071428571429 0.09821428571428571 0.07477678571428571
13 0.6763392857142857 0.12611607142857142 0.09151785714285714 0.07477678571428571
7 0.18080357142857142 0.5145089285714286 0.11272321428571429 0.07700892857142858
13 0.3404017857142857 0.33816964285714285 0.11272321428571429 0.07700892857142858
13 0.47098214285714285 0.8404017857142857 0.08370535714285714 0.06473214285714286
7 0.17410714285714285 0.31473214285714285 0.10379464285714286 0.08147321428571429
13 0.21986607142857142 0.20647321428571427 0.09151785714285714 0.07477678571428571
16 0.8995535714285714 0.5602678571428571 0.10044642857142858 0.07700892857142858
14 0.5412946428571429 0.20647321428571427 0.06473214285714286 0.041294642857142856
14 0.3013392857142857 0.17745535714285715 0.11495535714285714 0.05803571428571429
16 0.2622767857142857 0.3482142857142857 0.09375 0.07924107142857142
16 0.640625 0.9397321428571429 0.08370535714285714 0.060267857142857144
11 0.5044642857142857 0.7611607142857143 0.10044642857142858 0.052455357142857144
18 0.15736607142857142 0.6529017857142857 0.08705357142857142 0.07254464285714286