17 0.5591517857142857 0.8158482142857143 0.07924107142857142 0.11272321428571429
17 0.4486607142857143 0.5334821428571429 0.08928571428571429 0.10602678571428571
17 0.19308035714285715 0.171875 0.07924107142857142 0.11272321428571429
17 0.9375 0.12723214285714285 0.07924107142857142 0.11272321428571429
17 0.7488839285714286 0.06138392857142857 0.07924107142857142 0.11049107142857142
17 0.6060267857142857 0.5502232142857143 0.08928571428571429 0.10602678571428571
13 0.17075892857142858 0.07142857142857142 0.07924107142857142 0.11272321428571429
7 0.22991071428571427 0.3169642857142857 0.08147321428571429 0.11830357142857142
11 0.12723214285714285 0.34263392857142855 0.08705357142857142 0.11830357142857142
13 0.32142857142857145 0.3482142857142857 0.07700892857142858 0.11272321428571429
13 0.38058035714285715 0.07366071428571429 0.07924107142857142 0.11272321428571429
13 0.5066964285714286 0.17075892857142858 0.07924107142857142 0.10044642857142858
13 0.546875 0.2533482142857143 0.08370535714285714 0.10602678571428571
7 0.8404017857142857 0.11607142857142858 0.08928571428571429 0.10602678571428571
13 0.7354910714285714 0.25 0.07924107142857142 0.10602678571428571
13 0.8258928571428571 0.29017857142857145 0.06919642857142858 0.09821428571428571
11 0.9564732142857143 0.2611607142857143 0.08705357142857142 0.09821428571428571
13 0.7723214285714286 0.41629464285714285 0.07700892857142858 0.10379464285714286
13 0.47879464285714285 0.43638392857142855 0.07477678571428571 0.10379464285714286
13 0.37276785714285715 0.5 0.07924107142857142 0.10044642857142858
7 0.3939732142857143 0.6104910714285714 0.09151785714285714 0.10602678571428571
13 0.7120535714285714 0.5580357142857143 0.07477678571428571 0.11049107142857142
13 0.6216517857142857 0.6540178571428571 0.06919642857142858 0.10602678571428571
11 0.47098214285714285 0.7287946428571429 0.09151785714285714 0.12723214285714285
13 0.39174107142857145 0.7176339285714286 0.07254464285714286 0.10602678571428571
13 0.30691964285714285 0.5837053571428571 0.07477678571428571 0.09598214285714286
15 0.22544642857142858 0.6104910714285714 0.08147321428571429 0.10602678571428571
7 0.31138392857142855 0.7254464285714286 0.08928571428571429 0.12723214285714285
11 0.31361607142857145 0.8426339285714286 0.10044642857142858 0.11272321428571429
13 0.39620535714285715 0.8582589285714286 0.07477678571428571 0.11049107142857142
7 0.5792410714285714 0.9241071428571429 0.09598214285714286 0.11049107142857142
13 0.7600446428571429 0.765625 0.07924107142857142 0.11272321428571429
7 0.171875 0.8370535714285714 0.08928571428571429 0.11272321428571429
13 0.24330357142857142 0.9185267857142857 0.07924107142857142 0.11272321428571429
13 0.109375 0.7276785714285714 0.07700892857142858 0.10044642857142858
13 0.03459821428571429 0.7064732142857143 0.06919642857142858 0.10044642857142858
13 0.060267857142857144 0.6116071428571429 0.08370535714285714 0.10044642857142858
7 0.04575892857142857 0.8292410714285714 0.09151785714285714 0.10044642857142858
13 0.9040178571428571 0.7310267857142857 0.07924107142857142 0.11272321428571429
15 0.8850446428571429 0.8314732142857143 0.09151785714285714 0.10602678571428571
13 0.9665178571428571 0.6707589285714286 0.06696428571428571 0.10044642857142858
12 0.7779017857142857 0.11607142857142858 0.026785714285714284 0.029017857142857144
12 0.8638392857142857 0.33370535714285715 0.021205357142857144 0.024553571428571428
12 0.9419642857142857 0.20089285714285715 0.021205357142857144 0.026785714285714284
12 0.9877232142857143 0.10714285714285714 0.018973214285714284 0.026785714285714284