13 0.16183035714285715 0.9854910714285714 0.20424107142857142 0.029017857142857144
13 0.9553571428571429 0.06361607142857142 0.08370535714285714 0.12723214285714285
13 0.5412946428571429 0.052455357142857144 0.22098214285714285 0.10491071428571429
13 0.056919642857142856 0.9397321428571429 0.11272321428571429 0.12053571428571429
13 0.9520089285714286 0.7935267857142857 0.09151785714285714 0.22098214285714285
13 0.2857142857142857 0.022321428571428572 0.20535714285714285 0.044642857142857144
13 0.9162946428571429 0.9464285714285714 0.16294642857142858 0.10602678571428571
13 0.11830357142857142 0.33035714285714285 0.20870535714285715 0.20870535714285715
13 0.6216517857142857 0.9073660714285714 0.22544642857142858 0.18526785714285715
13 0.7377232142857143 0.7779017857142857 0.24330357142857142 0.22879464285714285
13 0.6372767857142857 0.10044642857142858 0.24776785714285715 0.19754464285714285
6 0.5011160714285714 0.4966517857142857 0.38169642857142855 0.4564732142857143
13 0.10379464285714286 0.07254464285714286 0.19419642857142858 0.14174107142857142
13 0.8448660714285714 0.5892857142857143 0.24553571428571427 0.26004464285714285
13 0.23772321428571427 0.6194196428571429 0.23102678571428573 0.20647321428571427
13 0.8638392857142857 0.17299107142857142 0.23325892857142858 0.23772321428571427
13 0.25111607142857145 0.8225446428571429 0.25223214285714285 0.21205357142857142
13 0.10825892857142858 0.48214285714285715 0.21205357142857142 0.19196428571428573
13 0.30357142857142855 0.33370535714285715 0.19754464285714285 0.21875
13 0.4174107142857143 0.90625 0.20647321428571427 0.1875