14 0.4799107142857143 0.4955357142857143 0.0625 0.06919642857142858
17 0.31808035714285715 0.2611607142857143 0.06473214285714286 0.10044642857142858
17 0.8482142857142857 0.48325892857142855 0.06696428571428571 0.08147321428571429
13 0.05022321428571429 0.9274553571428571 0.0625 0.08147321428571429
13 0.06473214285714286 0.8861607142857143 0.06696428571428571 0.08705357142857142
13 0.026785714285714284 0.828125 0.052455357142857144 0.08147321428571429
13 0.12834821428571427 0.9162946428571429 0.06919642857142858 0.09598214285714286
13 0.17410714285714285 0.8549107142857143 0.06696428571428571 0.09151785714285714
13 0.23883928571428573 0.8805803571428571 0.06696428571428571 0.08147321428571429
13 0.22098214285714285 0.8013392857142857 0.06696428571428571 0.09151785714285714
13 0.3125 0.8839285714285714 0.07254464285714286 0.09598214285714286
13 0.30580357142857145 0.9620535714285714 0.06696428571428571 0.07477678571428571
13 0.36830357142857145 0.9330357142857143 0.06696428571428571 0.08705357142857142
13 0.33482142857142855 0.8158482142857143 0.06473214285714286 0.08705357142857142
13 0.41517857142857145 0.8660714285714286 0.07254464285714286 0.09375
13 0.453125 0.9575892857142857 0.07254464285714286 0.08147321428571429
13 0.03571428571428571 0.7511160714285714 0.0625 0.08147321428571429
13 0.08035714285714286 0.6941964285714286 0.0625 0.08370535714285714
13 0.15848214285714285 0.6685267857142857 0.06696428571428571 0.08705357142857142
13 0.06584821428571429 0.609375 0.06473214285714286 0.09598214285714286
11 0.07700892857142858 0.4732142857142857 0.06696428571428571 0.10825892857142858
13 0.14285714285714285 0.5680803571428571 0.07254464285714286 0.08928571428571429
13 0.21986607142857142 0.6417410714285714 0.06919642857142858 0.09151785714285714
13 0.22321428571428573 0.5691964285714286 0.07254464285714286 0.09598214285714286
13 0.17522321428571427 0.4955357142857143 0.06919642857142858 0.08370535714285714
13 0.24441964285714285 0.7209821428571429 0.06919642857142858 0.07700892857142858
13 0.27901785714285715 0.7544642857142857 0.0625 0.08705357142857142
13 0.2845982142857143 0.6439732142857143 0.07700892857142858 0.11272321428571429
13 0.32924107142857145 0.7053571428571429 0.06696428571428571 0.09151785714285714
13 0.3794642857142857 0.7600446428571429 0.0625 0.08705357142857142
13 0.49776785714285715 0.7901785714285714 0.06696428571428571 0.09375
13 0.5613839285714286 0.7287946428571429 0.06696428571428571 0.09151785714285714
11 0.5424107142857143 0.8504464285714286 0.06696428571428571 0.09821428571428571
13 0.6071428571428571 0.9129464285714286 0.06919642857142858 0.09151785714285714
13 0.5926339285714286 0.8080357142857143 0.0625 0.08705357142857142
13 0.625 0.7678571428571429 0.0625 0.08370535714285714
13 0.6473214285714286 0.8493303571428571 0.06473214285714286 0.08705357142857142
13 0.7087053571428571 0.875 0.0625 0.08705357142857142
15 0.6886160714285714 0.953125 0.07477678571428571 0.08147321428571429
13 0.765625 0.9575892857142857 0.06696428571428571 0.08147321428571429
15 0.8180803571428571 0.9598214285714286 0.06696428571428571 0.07924107142857142
13 0.7689732142857143 0.8526785714285714 0.0625 0.08147321428571429
13 0.7533482142857143 0.7924107142857143 0.06696428571428571 0.09375
13 0.8236607142857143 0.8850446428571429 0.06473214285714286 0.08928571428571429
13 0.8816964285714286 0.8604910714285714 0.0625 0.08147321428571429
13 0.9308035714285714 0.9564732142857143 0.0625 0.08705357142857142
13 0.9620535714285714 0.8839285714285714 0.07254464285714286 0.08370535714285714
13 0.9151785714285714 0.7979910714285714 0.07254464285714286 0.09151785714285714
13 0.9308035714285714 0.7087053571428571 0.07254464285714286 0.08928571428571429
13 0.8091517857142857 0.6495535714285714 0.07254464285714286 0.08928571428571429
13 0.8002232142857143 0.734375 0.0625 0.07700892857142858
13 0.7209821428571429 0.6707589285714286 0.07254464285714286 0.08370535714285714
13 0.6138392857142857 0.6662946428571429 0.06473214285714286 0.08705357142857142
13 0.6774553571428571 0.5636160714285714 0.07254464285714286 0.09151785714285714
13 0.7845982142857143 0.5524553571428571 0.06696428571428571 0.09151785714285714
13 0.8571428571428571 0.5904017857142857 0.0625 0.08147321428571429
13 0.9174107142857143 0.6283482142857143 0.06696428571428571 0.09151785714285714
13 0.9029017857142857 0.5323660714285714 0.07254464285714286 0.09151785714285714
15 0.9720982142857143 0.4955357142857143 0.05580357142857143 0.08147321428571429
13 0.9709821428571429 0.41183035714285715 0.05803571428571429 0.08147321428571429
13 0.8883928571428571 0.4107142857142857 0.07477678571428571 0.09151785714285714
15 0.8571428571428571 0.375 0.06919642857142858 0.09151785714285714
13 0.7935267857142857 0.39620535714285715 0.06473214285714286 0.09375
15 0.7198660714285714 0.4185267857142857 0.0625 0.09151785714285714
15 0.7087053571428571 0.36049107142857145 0.060267857142857144 0.07924107142857142
13 0.5837053571428571 0.41517857142857145 0.06696428571428571 0.08705357142857142
15 0.5580357142857143 0.5792410714285714 0.07254464285714286 0.08705357142857142
13 0.5412946428571429 0.6372767857142857 0.07254464285714286 0.09151785714285714
13 0.47433035714285715 0.5747767857142857 0.06696428571428571 0.08928571428571429
13 0.4017857142857143 0.5647321428571429 0.06473214285714286 0.08370535714285714
13 0.3470982142857143 0.49330357142857145 0.06473214285714286 0.08147321428571429
13 0.4174107142857143 0.4810267857142857 0.07700892857142858 0.11272321428571429
13 0.34933035714285715 0.40513392857142855 0.06696428571428571 0.08705357142857142
13 0.4252232142857143 0.37276785714285715 0.0625 0.08147321428571429
13 0.5011160714285714 0.41964285714285715 0.07254464285714286 0.08370535714285714
15 0.5245535714285714 0.3470982142857143 0.06473214285714286 0.08705357142857142
13 0.4419642857142857 0.29129464285714285 0.06696428571428571 0.09151785714285714
13 0.6116071428571429 0.3325892857142857 0.06919642857142858 0.08705357142857142
13 0.6495535714285714 0.36160714285714285 0.05803571428571429 0.07700892857142858
13 0.6261160714285714 0.25 0.06473214285714286 0.08147321428571429
13 0.7042410714285714 0.27566964285714285 0.06696428571428571 0.08147321428571429
13 0.6662946428571429 0.19419642857142858 0.0625 0.08705357142857142
13 0.7287946428571429 0.1875 0.06696428571428571 0.08705357142857142
13 0.7767857142857143 0.23549107142857142 0.0625 0.08147321428571429
13 0.7633928571428571 0.31808035714285715 0.06696428571428571 0.08928571428571429
13 0.8459821428571429 0.26450892857142855 0.05803571428571429 0.08147321428571429
13 0.8962053571428571 0.3091517857142857 0.06696428571428571 0.09151785714285714
13 0.9475446428571429 0.30357142857142855 0.0625 0.08147321428571429
13 0.9352678571428571 0.23660714285714285 0.0625 0.08705357142857142
15 0.9029017857142857 0.15959821428571427 0.06696428571428571 0.09151785714285714
13 0.9553571428571429 0.15513392857142858 0.06696428571428571 0.09151785714285714
13 0.8314732142857143 0.18526785714285715 0.06919642857142858 0.08705357142857142
15 0.8191964285714286 0.08705357142857142 0.08147321428571429 0.09598214285714286
13 0.05357142857142857 0.3716517857142857 0.07254464285714286 0.09151785714285714
13 0.11495535714285714 0.4252232142857143 0.07700892857142858 0.11272321428571429
15 0.06473214285714286 0.234375 0.0625 0.08705357142857142
13 0.29129464285714285 0.35825892857142855 0.0625 0.09375
13 0.23549107142857142 0.22991071428571427 0.0625 0.08705357142857142
13 0.22767857142857142 0.15066964285714285 0.07254464285714286 0.07700892857142858
13 0.23883928571428573 0.06696428571428571 0.06696428571428571 0.09151785714285714
13 0.17633928571428573 0.05580357142857143 0.0625 0.09151785714285714
13 0.07589285714285714 0.09598214285714286 0.06696428571428571 0.08705357142857142
13 0.027901785714285716 0.15513392857142858 0.05580357142857143 0.09821428571428571
13 0.36495535714285715 0.11941964285714286 0.07254464285714286 0.09598214285714286
13 0.44308035714285715 0.15401785714285715 0.0625 0.08705357142857142
13 0.3794642857142857 0.2845982142857143 0.06473214285714286 0.09151785714285714
11 0.5100446428571429 0.15401785714285715 0.0625 0.08705357142857142
13 0.5625 0.21540178571428573 0.06919642857142858 0.09151785714285714
15 0.5647321428571429 0.12165178571428571 0.07477678571428571 0.09821428571428571
15 0.5803571428571429 0.0625 0.06919642857142858 0.09821428571428571
13 0.6450892857142857 0.06473214285714286 0.0625 0.09598214285714286
13 0.7020089285714286 0.11160714285714286 0.0625 0.08147321428571429
13 0.4341517857142857 0.03125 0.06696428571428571 0.0625
18 0.7611607142857143 0.06584821428571429 0.06696428571428571 0.08705357142857142
11 0.6819196428571429 0.7366071428571429 0.05580357142857143 0.08370535714285714
5 0.21316964285714285 0.9564732142857143 0.07254464285714286 0.08705357142857142
12 0.25669642857142855 0.6752232142857143 0.024553571428571428 0.03125
12 0.9620535714285714 0.5982142857142857 0.024553571428571428 0.03571428571428571