1 0.6316964285714286 0.8002232142857143 0.08705357142857142 0.06919642857142858
13 0.08147321428571429 0.06696428571428571 0.08370535714285714 0.0625
13 0.08928571428571429 0.13950892857142858 0.08705357142857142 0.06919642857142858
13 0.06138392857142857 0.21428571428571427 0.08705357142857142 0.06696428571428571
13 0.14732142857142858 0.19642857142857142 0.09151785714285714 0.07254464285714286
15 0.20200892857142858 0.14732142857142858 0.09151785714285714 0.07254464285714286
13 0.24665178571428573 0.06584821428571429 0.08147321428571429 0.06696428571428571
15 0.32924107142857145 0.07589285714285714 0.08370535714285714 0.06696428571428571
15 0.2689732142857143 0.17857142857142858 0.09375 0.07254464285714286
13 0.41964285714285715 0.08035714285714286 0.09151785714285714 0.06696428571428571
13 0.3392857142857143 0.22544642857142858 0.09598214285714286 0.06919642857142858
13 0.34151785714285715 0.31138392857142855 0.09151785714285714 0.06696428571428571
13 0.421875 0.26785714285714285 0.08928571428571429 0.0625
13 0.35044642857142855 0.37388392857142855 0.08370535714285714 0.0625
15 0.18191964285714285 0.36941964285714285 0.08705357142857142 0.06696428571428571
15 0.15290178571428573 0.4107142857142857 0.09598214285714286 0.07254464285714286
15 0.14732142857142858 0.3013392857142857 0.08705357142857142 0.0625
13 0.0625 0.28125 0.08928571428571429 0.07254464285714286
13 0.05803571428571429 0.4810267857142857 0.08705357142857142 0.06696428571428571
13 0.14285714285714285 0.5089285714285714 0.09151785714285714 0.06473214285714286
13 0.06919642857142858 0.5479910714285714 0.09151785714285714 0.06919642857142858
13 0.04352678571428571 0.6127232142857143 0.08705357142857142 0.06919642857142858
13 0.13169642857142858 0.6071428571428571 0.09151785714285714 0.07254464285714286
13 0.203125 0.5636160714285714 0.09598214285714286 0.07254464285714286
15 0.2700892857142857 0.47098214285714285 0.09598214285714286 0.07254464285714286
13 0.2700892857142857 0.6060267857142857 0.08705357142857142 0.06473214285714286
13 0.13950892857142858 0.7008928571428571 0.09151785714285714 0.06696428571428571
13 0.0625 0.7354910714285714 0.08928571428571429 0.0625
13 0.033482142857142856 0.6763392857142857 0.06696428571428571 0.06473214285714286
13 0.029017857142857144 0.8113839285714286 0.05803571428571429 0.06696428571428571
13 0.08147321428571429 0.8705357142857143 0.08147321428571429 0.06919642857142858
13 0.16071428571428573 0.8582589285714286 0.08370535714285714 0.060267857142857144
13 0.19308035714285715 0.7979910714285714 0.08147321428571429 0.06473214285714286
13 0.24665178571428573 0.8794642857142857 0.09375 0.06696428571428571
13 0.14620535714285715 0.9386160714285714 0.09151785714285714 0.07700892857142858
13 0.029017857142857144 0.9631696428571429 0.05803571428571429 0.07366071428571429
13 0.3325892857142857 0.9553571428571429 0.08370535714285714 0.07700892857142858
13 0.28236607142857145 0.8125 0.09151785714285714 0.07477678571428571
15 0.3627232142857143 0.7477678571428571 0.09151785714285714 0.07254464285714286
13 0.41517857142857145 0.6674107142857143 0.07924107142857142 0.0625
13 0.41629464285714285 0.6049107142857143 0.08370535714285714 0.06696428571428571
8 0.4017857142857143 0.5446428571428571 0.07254464285714286 0.05803571428571429
13 0.38392857142857145 0.46986607142857145 0.09598214285714286 0.07254464285714286
13 0.5055803571428571 0.15736607142857142 0.09598214285714286 0.06696428571428571
13 0.5122767857142857 0.09040178571428571 0.09151785714285714 0.06919642857142858
13 0.5993303571428571 0.09933035714285714 0.08705357142857142 0.06696428571428571
13 0.5446428571428571 0.21875 0.08147321428571429 0.0625
13 0.6272321428571429 0.20647321428571427 0.09821428571428571 0.07477678571428571
13 0.5714285714285714 0.3002232142857143 0.08370535714285714 0.06696428571428571
13 0.6439732142857143 0.27455357142857145 0.08147321428571429 0.0625
13 0.7232142857142857 0.029017857142857144 0.09375 0.05803571428571429
13 0.6919642857142857 0.08928571428571429 0.09598214285714286 0.07254464285714286
13 0.6897321428571429 0.15401785714285715 0.09151785714285714 0.06696428571428571
13 0.7712053571428571 0.17633928571428573 0.08928571428571429 0.06696428571428571
13 0.7154017857142857 0.234375 0.09151785714285714 0.06919642857142858
13 0.8180803571428571 0.11160714285714286 0.08928571428571429 0.0625
13 0.8024553571428571 0.056919642857142856 0.08370535714285714 0.06696428571428571
11 0.8604910714285714 0.17075892857142858 0.09151785714285714 0.06696428571428571
13 0.9073660714285714 0.12276785714285714 0.08705357142857142 0.0625
13 0.9654017857142857 0.17299107142857142 0.06919642857142858 0.06919642857142858
13 0.9430803571428571 0.24665178571428573 0.08705357142857142 0.06696428571428571
13 0.8493303571428571 0.28013392857142855 0.08928571428571429 0.0625
13 0.7566964285714286 0.30580357142857145 0.09151785714285714 0.06696428571428571
13 0.6662946428571429 0.3314732142857143 0.08705357142857142 0.0625
11 0.6997767857142857 0.39174107142857145 0.07924107142857142 0.07477678571428571
13 0.7767857142857143 0.3939732142857143 0.08705357142857142 0.06696428571428571
13 0.8303571428571429 0.34375 0.09598214285714286 0.06696428571428571
13 0.9207589285714286 0.31808035714285715 0.09375 0.07254464285714286
13 0.875 0.4029017857142857 0.08705357142857142 0.06473214285714286
15 0.8895089285714286 0.5011160714285714 0.08705357142857142 0.07254464285714286
13 0.8883928571428571 0.45982142857142855 0.09821428571428571 0.05803571428571429
13 0.9631696428571429 0.48549107142857145 0.07366071428571429 0.07366071428571429
13 0.8694196428571429 0.5993303571428571 0.08705357142857142 0.06696428571428571
13 0.9397321428571429 0.5535714285714286 0.08370535714285714 0.06473214285714286
15 0.6819196428571429 0.47098214285714285 0.07700892857142858 0.060267857142857144
13 0.8973214285714286 0.6629464285714286 0.08705357142857142 0.06473214285714286
13 0.9587053571428571 0.6216517857142857 0.08147321428571429 0.07254464285714286
15 0.8694196428571429 0.7287946428571429 0.08147321428571429 0.060267857142857144
13 0.6674107142857143 0.5535714285714286 0.09151785714285714 0.06696428571428571
13 0.5591517857142857 0.5636160714285714 0.08705357142857142 0.06919642857142858
13 0.5022321428571429 0.5189732142857143 0.08370535714285714 0.0625
13 0.49776785714285715 0.6060267857142857 0.08147321428571429 0.07477678571428571
13 0.4486607142857143 0.421875 0.08928571428571429 0.06696428571428571
13 0.47767857142857145 0.7154017857142857 0.09151785714285714 0.06696428571428571
13 0.5758928571428571 0.7544642857142857 0.08705357142857142 0.06696428571428571
15 0.5926339285714286 0.6830357142857143 0.09151785714285714 0.07254464285714286
17 0.5647321428571429 0.6439732142857143 0.08928571428571429 0.06696428571428571
13 0.6975446428571429 0.6127232142857143 0.08705357142857142 0.0625
13 0.7566964285714286 0.5658482142857143 0.08705357142857142 0.06696428571428571
11 0.7299107142857143 0.5044642857142857 0.09598214285714286 0.06696428571428571
13 0.7912946428571429 0.6261160714285714 0.08370535714285714 0.0625
13 0.6897321428571429 0.7299107142857143 0.09375 0.06696428571428571
11 0.6707589285714286 0.6830357142857143 0.07254464285714286 0.07254464285714286
13 0.6584821428571429 0.8761160714285714 0.11272321428571429 0.07924107142857142
13 0.5982142857142857 0.9073660714285714 0.08370535714285714 0.06696428571428571
13 0.5435267857142857 0.8325892857142857 0.08370535714285714 0.06696428571428571
13 0.7455357142857143 0.9095982142857143 0.09151785714285714 0.07254464285714286
13 0.8024553571428571 0.8459821428571429 0.08147321428571429 0.06919642857142858
13 0.8582589285714286 0.90625 0.09598214285714286 0.06919642857142858
13 0.9151785714285714 0.8549107142857143 0.09598214285714286 0.06473214285714286
13 0.8191964285714286 0.9743303571428571 0.09151785714285714 0.05022321428571429
13 0.9118303571428571 0.9575892857142857 0.08705357142857142 0.07254464285714286
11 0.9508928571428571 0.7455357142857143 0.09821428571428571 0.07254464285714286
15 0.3247767857142857 0.5345982142857143 0.08147321428571429 0.05580357142857143
16 0.10491071428571429 0.8058035714285714 0.09151785714285714 0.06473214285714286
13 0.20982142857142858 0.6573660714285714 0.09151785714285714 0.07254464285714286
14 0.5111607142857143 0.890625 0.10044642857142858 0.060267857142857144
19 0.8191964285714286 0.453125 0.05580357142857143 0.04575892857142857