18 0.8314732142857143 0.359375 0.08705357142857142 0.09151785714285714
18 0.7767857142857143 0.29910714285714285 0.08928571428571429 0.07700892857142858
14 0.20647321428571427 0.47879464285714285 0.07700892857142858 0.052455357142857144
14 0.3783482142857143 0.296875 0.0625 0.052455357142857144
5 0.20089285714285715 0.37276785714285715 0.08705357142857142 0.06696428571428571
7 0.32700892857142855 0.48214285714285715 0.10044642857142858 0.09151785714285714
11 0.6651785714285714 0.06138392857142857 0.09151785714285714 0.07700892857142858
13 0.4330357142857143 0.15066964285714285 0.10044642857142858 0.07700892857142858
13 0.36941964285714285 0.20424107142857142 0.09598214285714286 0.06696428571428571
13 0.18526785714285715 0.17745535714285715 0.09151785714285714 0.07254464285714286
13 0.05580357142857143 0.15736607142857142 0.09598214285714286 0.06473214285714286
13 0.09263392857142858 0.8136160714285714 0.08705357142857142 0.06696428571428571
13 0.12723214285714285 0.8683035714285714 0.09151785714285714 0.07254464285714286
13 0.20535714285714285 0.8058035714285714 0.09151785714285714 0.07254464285714286
13 0.5033482142857143 0.6707589285714286 0.11272321428571429 0.07700892857142858
8 0.6763392857142857 0.31808035714285715 0.08370535714285714 0.06696428571428571
13 0.8604910714285714 0.28348214285714285 0.11272321428571429 0.07700892857142858
13 0.9185267857142857 0.6506696428571429 0.11272321428571429 0.07700892857142858
13 0.38058035714285715 0.5814732142857143 0.11272321428571429 0.07700892857142858
13 0.3783482142857143 0.05022321428571429 0.09151785714285714 0.07254464285714286
11 0.28683035714285715 0.052455357142857144 0.09598214285714286 0.07700892857142858
13 0.5479910714285714 0.7957589285714286 0.10602678571428571 0.07254464285714286
18 0.5747767857142857 0.6227678571428571 0.10602678571428571 0.0625
14 0.5970982142857143 0.5055803571428571 0.10379464285714286 0.06696428571428571
14 0.8113839285714286 0.5412946428571429 0.08705357142857142 0.06696428571428571
14 0.20982142857142858 0.28236607142857145 0.11049107142857142 0.07924107142857142