17 0.46875 0.8348214285714286 0.06696428571428571 0.08370535714285714
17 0.4029017857142857 0.22209821428571427 0.07924107142857142 0.08705357142857142
17 0.4029017857142857 0.13058035714285715 0.07924107142857142 0.08147321428571429
17 0.33816964285714285 0.09040178571428571 0.06696428571428571 0.08147321428571429
17 0.2622767857142857 0.15736607142857142 0.06919642857142858 0.08705357142857142
17 0.2924107142857143 0.3627232142857143 0.06696428571428571 0.09598214285714286
17 0.21205357142857142 0.3091517857142857 0.06696428571428571 0.07924107142857142
17 0.3470982142857143 0.4263392857142857 0.06919642857142858 0.08928571428571429
17 0.35379464285714285 0.5178571428571429 0.07254464285714286 0.09375
17 0.6506696428571429 0.23549107142857142 0.060267857142857144 0.09151785714285714
17 0.49441964285714285 0.24107142857142858 0.07477678571428571 0.10825892857142858
17 0.7020089285714286 0.09151785714285714 0.07924107142857142 0.11272321428571429
17 0.6082589285714286 0.05022321428571429 0.07477678571428571 0.08705357142857142
17 0.8381696428571429 0.45089285714285715 0.0625 0.08705357142857142
17 0.20424107142857142 0.5792410714285714 0.06696428571428571 0.08147321428571429
17 0.15736607142857142 0.8325892857142857 0.06696428571428571 0.09151785714285714
17 0.33705357142857145 0.9095982142857143 0.060267857142857144 0.09598214285714286
17 0.8158482142857143 0.9308035714285714 0.06919642857142858 0.09375
17 0.6785714285714286 0.4642857142857143 0.06919642857142858 0.09151785714285714
17 0.7767857142857143 0.3549107142857143 0.07254464285714286 0.10602678571428571
12 0.703125 0.5323660714285714 0.03571428571428571 0.052455357142857144
17 0.8448660714285714 0.5513392857142857 0.06696428571428571 0.10044642857142858
17 0.3314732142857143 0.6261160714285714 0.07477678571428571 0.09598214285714286
17 0.31138392857142855 0.8214285714285714 0.06473214285714286 0.07924107142857142
17 0.03794642857142857 0.03459821428571429 0.06696428571428571 0.06919642857142858