13 0.3125 0.8236607142857143 0.3482142857142857 0.33705357142857145
13 0.12276785714285714 0.015625 0.19977678571428573 0.03125
13 0.9776785714285714 0.9386160714285714 0.044642857142857144 0.11830357142857142
13 0.9464285714285714 0.03459821428571429 0.10714285714285714 0.06919642857142858
13 0.3939732142857143 0.017857142857142856 0.21205357142857142 0.03571428571428571
13 0.9832589285714286 0.6897321428571429 0.033482142857142856 0.21428571428571427
12 0.5680803571428571 0.9821428571428571 0.09598214285714286 0.03571428571428571
13 0.9754464285714286 0.4341517857142857 0.04799107142857143 0.2622767857142857
13 0.3939732142857143 0.09821428571428571 0.2700892857142857 0.19642857142857142
13 0.9508928571428571 0.15290178571428573 0.09821428571428571 0.18973214285714285
13 0.8493303571428571 0.43973214285714285 0.17745535714285715 0.20870535714285715
13 0.27566964285714285 0.8091517857142857 0.19977678571428573 0.2622767857142857
13 0.14397321428571427 0.11607142857142858 0.23995535714285715 0.21205357142857142
13 0.15959821428571427 0.34933035714285715 0.21875 0.22879464285714285
6 0.5111607142857143 0.5200892857142857 0.5959821428571429 0.5691964285714286
13 0.8604910714285714 0.6674107142857143 0.23325892857142858 0.23995535714285715
13 0.09151785714285714 0.5513392857142857 0.18303571428571427 0.24776785714285715