13 0.6160714285714286 0.5770089285714286 0.06473214285714286 0.14397321428571427
13 0.27566964285714285 0.005580357142857143 0.20758928571428573 0.011160714285714286
13 0.49888392857142855 0.5848214285714286 0.24776785714285715 0.12723214285714285
13 0.4263392857142857 0.19308035714285715 0.23325892857142858 0.23325892857142858
13 0.53125 0.06808035714285714 0.23214285714285715 0.13616071428571427
13 0.2611607142857143 0.21651785714285715 0.18526785714285715 0.17075892857142858
3 0.21875 0.45424107142857145 0.4375 0.38950892857142855
13 0.04799107142857143 0.11830357142857142 0.09598214285714286 0.23549107142857142
13 0.16852678571428573 0.09151785714285714 0.20200892857142858 0.18303571428571427
13 0.5658482142857143 0.46205357142857145 0.16629464285714285 0.21651785714285715
3 0.8370535714285714 0.22321428571428573 0.32589285714285715 0.44642857142857145
6 0.359375 0.8470982142857143 0.5167410714285714 0.30580357142857145
3 0.8761160714285714 0.8783482142857143 0.24776785714285715 0.24330357142857142
13 0.7600446428571429 0.7589285714285714 0.22098214285714285 0.21875
13 0.9196428571428571 0.7299107142857143 0.16071428571428573 0.16071428571428573
13 0.7287946428571429 0.9386160714285714 0.15848214285714285 0.12276785714285714