10 0.19419642857142858 0.17857142857142858 0.38839285714285715 0.35714285714285715
13 0.5055803571428571 0.12611607142857142 0.23325892857142858 0.25223214285714285
13 0.6729910714285714 0.022321428571428572 0.18973214285714285 0.044642857142857144
13 0.4888392857142857 0.22991071428571427 0.19977678571428573 0.20424107142857142
6 0.7689732142857143 0.5 0.32254464285714285 0.29799107142857145
13 0.8627232142857143 0.32254464285714285 0.27455357142857145 0.23549107142857142
13 0.5301339285714286 0.40736607142857145 0.28125 0.24776785714285715
13 0.8314732142857143 0.06919642857142858 0.265625 0.13839285714285715
13 0.6729910714285714 0.24888392857142858 0.23325892857142858 0.23549107142857142
13 0.43191964285714285 0.5357142857142857 0.08370535714285714 0.22544642857142858
3 0.15178571428571427 0.7790178571428571 0.30245535714285715 0.26004464285714285