9 0.10044642857142858 0.2611607142857143 0.20089285714285715 0.5133928571428571
12 0.40848214285714285 0.47767857142857145 0.09598214285714286 0.07924107142857142
13 0.36607142857142855 0.49330357142857145 0.11830357142857142 0.052455357142857144
13 0.8526785714285714 0.15178571428571427 0.29129464285714285 0.30245535714285715
6 0.5959821428571429 0.12276785714285714 0.4185267857142857 0.24553571428571427
13 0.41517857142857145 0.22767857142857142 0.21428571428571427 0.29129464285714285
13 0.6261160714285714 0.3125 0.29799107142857145 0.27455357142857145
13 0.9151785714285714 0.03794642857142857 0.16964285714285715 0.07589285714285714
13 0.8426339285714286 0.41629464285714285 0.25669642857142855 0.20647321428571427
9 0.13058035714285715 0.6607142857142857 0.2611607142857143 0.2857142857142857
6 0.5066964285714286 0.6785714285714286 0.36495535714285715 0.31919642857142855