13 0.6450892857142857 0.953125 0.3247767857142857 0.08928571428571429
13 0.5825892857142857 0.027901785714285716 0.27120535714285715 0.05580357142857143
13 0.9408482142857143 0.4408482142857143 0.11049107142857142 0.28125
13 0.3470982142857143 0.9698660714285714 0.23325892857142858 0.060267857142857144
6 0.47544642857142855 0.49776785714285715 0.41294642857142855 0.36830357142857145
13 0.08035714285714286 0.08370535714285714 0.16071428571428573 0.16741071428571427
13 0.29129464285714285 0.04575892857142857 0.2767857142857143 0.09151785714285714
13 0.9263392857142857 0.8828125 0.14285714285714285 0.234375
13 0.7779017857142857 0.45424107142857145 0.22879464285714285 0.20870535714285715
13 0.7243303571428571 0.765625 0.22098214285714285 0.20870535714285715
13 0.171875 0.5725446428571429 0.25669642857142855 0.22321428571428573
13 0.7555803571428571 0.09375 0.2935267857142857 0.18303571428571427
13 0.4654017857142857 0.7667410714285714 0.28125 0.21205357142857142
13 0.12723214285714285 0.9140625 0.25 0.171875
13 0.15513392857142858 0.3325892857142857 0.20647321428571427 0.24330357142857142
13 0.6517857142857143 0.27120535714285715 0.24330357142857142 0.20200892857142858