15 0.8604910714285714 0.07924107142857142 0.07700892857142858 0.11272321428571429
15 0.8995535714285714 0.15959821428571427 0.07700892857142858 0.11272321428571429
15 0.6037946428571429 0.22767857142857142 0.07700892857142858 0.11272321428571429
15 0.7053571428571429 0.234375 0.07254464285714286 0.07700892857142858
15 0.6919642857142857 0.5591517857142857 0.07700892857142858 0.11272321428571429
15 0.7633928571428571 0.46651785714285715 0.0625 0.09151785714285714
15 0.5948660714285714 0.5881696428571429 0.07700892857142858 0.11272321428571429
15 0.671875 0.7154017857142857 0.07700892857142858 0.11272321428571429
15 0.6841517857142857 0.9084821428571429 0.07700892857142858 0.11272321428571429
15 0.41183035714285715 0.7823660714285714 0.07254464285714286 0.08370535714285714
15 0.37723214285714285 0.7209821428571429 0.06696428571428571 0.08705357142857142
15 0.18861607142857142 0.5535714285714286 0.07700892857142858 0.11272321428571429
15 0.19308035714285715 0.4799107142857143 0.07700892857142858 0.11272321428571429
15 0.24441964285714285 0.8660714285714286 0.07700892857142858 0.11272321428571429
15 0.31138392857142855 0.23772321428571427 0.07700892857142858 0.11272321428571429
15 0.27120535714285715 0.13950892857142858 0.07700892857142858 0.11272321428571429
15 0.07924107142857142 0.3939732142857143 0.07700892857142858 0.11272321428571429
15 0.31919642857142855 0.16183035714285715 0.07700892857142858 0.11272321428571429
15 0.5267857142857143 0.21540178571428573 0.07700892857142858 0.11272321428571429
15 0.7087053571428571 0.4252232142857143 0.05580357142857143 0.07700892857142858
15 0.9006696428571429 0.4877232142857143 0.07700892857142858 0.11272321428571429
15 0.5044642857142857 0.5033482142857143 0.07700892857142858 0.11272321428571429
15 0.39620535714285715 0.65625 0.07700892857142858 0.11272321428571429
15 0.06361607142857142 0.15066964285714285 0.07700892857142858 0.11272321428571429
15 0.10379464285714286 0.19084821428571427 0.07700892857142858 0.11272321428571429
15 0.18080357142857142 0.18191964285714285 0.07700892857142858 0.11272321428571429
15 0.671875 0.36049107142857145 0.05803571428571429 0.09598214285714286
11 0.7667410714285714 0.5993303571428571 0.05803571428571429 0.11049107142857142
11 0.5613839285714286 0.08816964285714286 0.0625 0.10602678571428571