13 0.21316964285714285 0.10491071428571429 0.375 0.20870535714285715
13 0.9776785714285714 0.05915178571428571 0.044642857142857144 0.11830357142857142
13 0.8470982142857143 0.7845982142857143 0.18526785714285715 0.17522321428571427
13 0.6551339285714286 0.9832589285714286 0.17745535714285715 0.033482142857142856
13 0.9229910714285714 0.6082589285714286 0.15401785714285715 0.21205357142857142
13 0.21651785714285715 0.9799107142857143 0.23325892857142858 0.03571428571428571
13 0.9587053571428571 0.8113839285714286 0.08147321428571429 0.22879464285714285
13 0.8928571428571429 0.9765625 0.19642857142857142 0.046875
13 0.5647321428571429 0.9319196428571429 0.18303571428571427 0.13616071428571427
13 0.027901785714285716 0.8314732142857143 0.05580357142857143 0.22098214285714285
13 0.15513392857142858 0.8035714285714286 0.22879464285714285 0.20424107142857142
13 0.7600446428571429 0.8995535714285714 0.23883928571428573 0.20089285714285715
13 0.734375 0.08816964285714286 0.22098214285714285 0.17522321428571427
13 0.6752232142857143 0.03459821428571429 0.19419642857142858 0.06919642857142858
13 0.3470982142857143 0.7645089285714286 0.22879464285714285 0.20647321428571427
13 0.06473214285714286 0.9542410714285714 0.12946428571428573 0.08705357142857142
13 0.7410714285714286 0.27566964285714285 0.20424107142857142 0.21651785714285715
13 0.06808035714285714 0.22544642857142858 0.13504464285714285 0.22098214285714285
6 0.515625 0.5111607142857143 0.47544642857142855 0.47098214285714285
13 0.21316964285714285 0.06919642857142858 0.24330357142857142 0.13839285714285715
13 0.6685267857142857 0.7566964285714286 0.19754464285714285 0.1875
13 0.21763392857142858 0.6183035714285714 0.21428571428571427 0.26004464285714285
13 0.9040178571428571 0.3638392857142857 0.1875 0.19977678571428573
13 0.29129464285714285 0.26785714285714285 0.20200892857142858 0.1875
13 0.7857142857142857 0.5959821428571429 0.16852678571428573 0.24330357142857142