15 0.5848214285714286 0.9185267857142857 0.11272321428571429 0.07700892857142858
15 0.3169642857142857 0.7131696428571429 0.08147321428571429 0.052455357142857144
15 0.16741071428571427 0.8180803571428571 0.11272321428571429 0.07924107142857142
15 0.3091517857142857 0.6573660714285714 0.08705357142857142 0.05803571428571429
15 0.3705357142857143 0.4029017857142857 0.08928571428571429 0.06919642857142858
15 0.5033482142857143 0.35044642857142855 0.08370535714285714 0.06696428571428571
15 0.48549107142857145 0.42410714285714285 0.09375 0.05803571428571429
15 0.44642857142857145 0.46875 0.11272321428571429 0.07700892857142858
15 0.3169642857142857 0.5602678571428571 0.09375 0.0625
15 0.15959821428571427 0.1875 0.07700892857142858 0.0625
15 0.32254464285714285 0.16294642857142858 0.08147321428571429 0.0625
15 0.36607142857142855 0.11049107142857142 0.10825892857142858 0.05803571428571429
15 0.5915178571428571 0.29799107142857145 0.11272321428571429 0.07700892857142858
15 0.6908482142857143 0.4732142857142857 0.07700892857142858 0.06919642857142858
15 0.6149553571428571 0.48214285714285715 0.08147321428571429 0.05803571428571429
15 0.6852678571428571 0.3091517857142857 0.11272321428571429 0.07700892857142858
15 0.5267857142857143 0.13058035714285715 0.09821428571428571 0.06919642857142858
15 0.46651785714285715 0.19419642857142858 0.09375 0.07254464285714286
15 0.06138392857142857 0.35044642857142855 0.09598214285714286 0.07700892857142858
15 0.7633928571428571 0.44308035714285715 0.09375 0.06919642857142858
14 0.20089285714285715 0.8738839285714286 0.09821428571428571 0.07254464285714286
14 0.7700892857142857 0.27120535714285715 0.08147321428571429 0.06696428571428571
14 0.4263392857142857 0.24553571428571427 0.10602678571428571 0.07254464285714286
11 0.6517857142857143 0.7165178571428571 0.10044642857142858 0.05803571428571429
11 0.08370535714285714 0.5803571428571429 0.06696428571428571 0.05803571428571429
14 0.49330357142857145 0.5111607142857143 0.07254464285714286 0.06919642857142858
11 0.5747767857142857 0.5636160714285714 0.11049107142857142 0.06696428571428571