15 0.5569196428571429 0.5178571428571429 0.08147321428571429 0.0625
17 0.04575892857142857 0.578125 0.09151785714285714 0.07700892857142858
17 0.06919642857142858 0.6316964285714286 0.09598214285714286 0.07700892857142858
17 0.16852678571428573 0.7332589285714286 0.09821428571428571 0.07700892857142858
17 0.12611607142857142 0.5290178571428571 0.08705357142857142 0.06696428571428571
17 0.21205357142857142 0.45982142857142855 0.10825892857142858 0.07254464285714286
17 0.3158482142857143 0.44308035714285715 0.11272321428571429 0.07700892857142858
17 0.26674107142857145 0.8370535714285714 0.09598214285714286 0.07924107142857142
17 0.21651785714285715 0.9073660714285714 0.11272321428571429 0.07700892857142858
17 0.17633928571428573 0.8337053571428571 0.11272321428571429 0.07924107142857142
17 0.07477678571428571 0.828125 0.09151785714285714 0.07924107142857142
17 0.5089285714285714 0.9029017857142857 0.11272321428571429 0.07700892857142858
17 0.4877232142857143 0.9475446428571429 0.10825892857142858 0.07254464285714286
17 0.5178571428571429 0.7522321428571429 0.10825892857142858 0.07700892857142858
17 0.46986607142857145 0.5770089285714286 0.09598214285714286 0.07700892857142858
17 0.31473214285714285 0.35714285714285715 0.10044642857142858 0.07254464285714286
17 0.16071428571428573 0.3392857142857143 0.11272321428571429 0.07700892857142858
17 0.07700892857142858 0.2924107142857143 0.09151785714285714 0.07700892857142858
17 0.15736607142857142 0.24330357142857142 0.11495535714285714 0.09598214285714286
17 0.06808035714285714 0.4720982142857143 0.08705357142857142 0.07254464285714286
17 0.05022321428571429 0.39174107142857145 0.10044642857142858 0.07700892857142858
17 0.4185267857142857 0.22209821428571427 0.11272321428571429 0.07700892857142858
17 0.44308035714285715 0.33816964285714285 0.10825892857142858 0.06696428571428571
17 0.5658482142857143 0.38058035714285715 0.11272321428571429 0.07700892857142858
17 0.43861607142857145 0.12165178571428571 0.10044642857142858 0.07700892857142858
17 0.6227678571428571 0.6752232142857143 0.10602678571428571 0.07254464285714286
17 0.6852678571428571 0.40513392857142855 0.11272321428571429 0.07700892857142858
17 0.7522321428571429 0.38169642857142855 0.09598214285714286 0.07700892857142858
17 0.6049107142857143 0.4330357142857143 0.08147321428571429 0.06696428571428571
17 0.6473214285714286 0.34263392857142855 0.11272321428571429 0.07700892857142858
17 0.7790178571428571 0.171875 0.10825892857142858 0.07254464285714286
17 0.7098214285714286 0.13616071428571427 0.08928571428571429 0.06473214285714286
17 0.8872767857142857 0.078125 0.11272321428571429 0.07700892857142858
17 0.8493303571428571 0.2700892857142857 0.10044642857142858 0.07700892857142858
17 0.8292410714285714 0.5111607142857143 0.08705357142857142 0.07254464285714286
17 0.8716517857142857 0.6439732142857143 0.09151785714285714 0.07700892857142858
17 0.8448660714285714 0.7511160714285714 0.08705357142857142 0.07254464285714286
17 0.7622767857142857 0.7667410714285714 0.09598214285714286 0.07254464285714286
17 0.8191964285714286 0.8225446428571429 0.08705357142857142 0.06696428571428571
17 0.8917410714285714 0.8705357142857143 0.09598214285714286 0.06696428571428571
17 0.6060267857142857 0.8861607142857143 0.09598214285714286 0.07254464285714286
17 0.6462053571428571 0.8080357142857143 0.11272321428571429 0.07924107142857142
18 0.9497767857142857 0.5 0.07700892857142858 0.09151785714285714
14 0.5959821428571429 0.3013392857142857 0.08147321428571429 0.05803571428571429
14 0.9352678571428571 0.31361607142857145 0.07254464285714286 0.05803571428571429
5 0.7243303571428571 0.9419642857142857 0.10044642857142858 0.06696428571428571
5 0.9564732142857143 0.4017857142857143 0.08705357142857142 0.06919642857142858
5 0.8303571428571429 0.43191964285714285 0.09151785714285714 0.07477678571428571
5 0.3627232142857143 0.7299107142857143 0.09598214285714286 0.07700892857142858
5 0.4263392857142857 0.8616071428571429 0.08928571428571429 0.07254464285714286
17 0.7779017857142857 0.25558035714285715 0.11272321428571429 0.07700892857142858
5 0.12611607142857142 0.4408482142857143 0.11272321428571429 0.07700892857142858
8 0.8091517857142857 0.32254464285714285 0.07254464285714286 0.052455357142857144
8 0.7522321428571429 0.8526785714285714 0.07700892857142858 0.0625
14 0.20982142857142858 0.39174107142857145 0.11272321428571429 0.07700892857142858
14 0.4732142857142857 0.6383928571428571 0.07924107142857142 0.052455357142857144
14 0.8136160714285714 0.890625 0.08705357142857142 0.06696428571428571
13 0.07700892857142858 0.7566964285714286 0.09151785714285714 0.06919642857142858
15 0.20870535714285715 0.546875 0.08705357142857142 0.07254464285714286
15 0.45200892857142855 0.7912946428571429 0.09598214285714286 0.07700892857142858
15 0.3470982142857143 0.6450892857142857 0.08928571428571429 0.07700892857142858
13 0.25892857142857145 0.6462053571428571 0.09151785714285714 0.07700892857142858
14 0.7712053571428571 0.08147321428571429 0.08147321428571429 0.07254464285714286
14 0.8504464285714286 0.13727678571428573 0.07924107142857142 0.052455357142857144
14 0.7053571428571429 0.27455357142857145 0.07254464285714286 0.11272321428571429
15 0.65625 0.24441964285714285 0.11272321428571429 0.07700892857142858
14 0.38058035714285715 0.08482142857142858 0.04352678571428571 0.041294642857142856
14 0.25669642857142855 0.29464285714285715 0.08147321428571429 0.08705357142857142
14 0.3939732142857143 0.5647321428571429 0.0625 0.07700892857142858
17 0.38839285714285715 0.39620535714285715 0.08928571428571429 0.06919642857142858
17 0.25558035714285715 0.6037946428571429 0.11495535714285714 0.06473214285714286