13 0.6183035714285714 0.9854910714285714 0.22098214285714285 0.029017857142857144
13 0.6997767857142857 0.6629464285714286 0.24553571428571427 0.24330357142857142
13 0.31473214285714285 0.027901785714285716 0.24330357142857142 0.05580357142857143
13 0.6808035714285714 0.09709821428571429 0.22879464285714285 0.18526785714285715
13 0.7700892857142857 0.23214285714285715 0.2767857142857143 0.26004464285714285
13 0.7310267857142857 0.8214285714285714 0.2622767857142857 0.23549107142857142
13 0.49107142857142855 0.828125 0.22098214285714285 0.24553571428571427
13 0.20200892857142858 0.2533482142857143 0.25223214285714285 0.24776785714285715
13 0.17745535714285715 0.48325892857142855 0.26674107142857145 0.23995535714285715
13 0.48995535714285715 0.08705357142857142 0.23102678571428573 0.16852678571428573
13 0.8180803571428571 0.45982142857142855 0.25223214285714285 0.22544642857142858
6 0.49107142857142855 0.5379464285714286 0.32924107142857145 0.3169642857142857
13 0.3203125 0.9151785714285714 0.25223214285714285 0.16964285714285715