8 0.5513392857142857 0.3861607142857143 0.08147321428571429 0.05803571428571429
2 0.7377232142857143 0.21428571428571427 0.11272321428571429 0.07700892857142858
11 0.6841517857142857 0.15736607142857142 0.11272321428571429 0.07700892857142858
11 0.4408482142857143 0.40513392857142855 0.11272321428571429 0.07700892857142858
11 0.4408482142857143 0.26450892857142855 0.11272321428571429 0.07700892857142858
11 0.25223214285714285 0.11495535714285714 0.11272321428571429 0.07700892857142858
2 0.9497767857142857 0.4888392857142857 0.10044642857142858 0.07700892857142858
11 0.12723214285714285 0.14620535714285715 0.11272321428571429 0.07700892857142858
15 0.24553571428571427 0.9486607142857143 0.10044642857142858 0.07924107142857142
13 0.04575892857142857 0.16294642857142858 0.09151785714285714 0.07700892857142858
13 0.14508928571428573 0.20647321428571427 0.11272321428571429 0.07700892857142858
11 0.20200892857142858 0.16629464285714285 0.11272321428571429 0.07700892857142858
15 0.32254464285714285 0.08370535714285714 0.09375 0.07254464285714286
13 0.22767857142857142 0.26450892857142855 0.11272321428571429 0.07700892857142858
13 0.3091517857142857 0.24888392857142858 0.11272321428571429 0.07700892857142858
13 0.23102678571428573 0.3236607142857143 0.11272321428571429 0.07700892857142858
13 0.10825892857142858 0.30580357142857145 0.11272321428571429 0.07700892857142858
13 0.14174107142857142 0.38504464285714285 0.11272321428571429 0.07700892857142858
13 0.04575892857142857 0.31361607142857145 0.09151785714285714 0.07700892857142858
13 0.0625 0.43638392857142855 0.11272321428571429 0.07700892857142858
13 0.3314732142857143 0.3638392857142857 0.11272321428571429 0.07700892857142858
13 0.07700892857142858 0.5267857142857143 0.11272321428571429 0.07700892857142858
11 0.09151785714285714 0.5993303571428571 0.11272321428571429 0.07700892857142858
13 0.18415178571428573 0.5580357142857143 0.11272321428571429 0.07700892857142858
15 0.34933035714285715 0.6261160714285714 0.09598214285714286 0.06919642857142858
13 0.20200892857142858 0.796875 0.11272321428571429 0.07924107142857142
13 0.08482142857142858 0.8125 0.11272321428571429 0.07700892857142858
13 0.16183035714285715 0.8761160714285714 0.11272321428571429 0.07700892857142858
11 0.33816964285714285 0.8426339285714286 0.11272321428571429 0.07924107142857142
11 0.41517857142857145 0.9006696428571429 0.11272321428571429 0.07700892857142858
11 0.43526785714285715 0.7511160714285714 0.11272321428571429 0.07700892857142858
11 0.40401785714285715 0.6774553571428571 0.11272321428571429 0.07700892857142858
11 0.5334821428571429 0.9363839285714286 0.11272321428571429 0.07700892857142858
13 0.5424107142857143 0.703125 0.11272321428571429 0.07700892857142858
13 0.5457589285714286 0.6417410714285714 0.11272321428571429 0.07700892857142858
13 0.6417410714285714 0.6997767857142857 0.11272321428571429 0.07700892857142858
13 0.6473214285714286 0.6261160714285714 0.11272321428571429 0.07700892857142858
13 0.7901785714285714 0.5345982142857143 0.11272321428571429 0.07700892857142858
11 0.6127232142857143 0.34263392857142855 0.11272321428571429 0.07700892857142858
13 0.4810267857142857 0.32254464285714285 0.11272321428571429 0.07700892857142858
13 0.6729910714285714 0.9229910714285714 0.11272321428571429 0.07700892857142858
13 0.8035714285714286 0.9497767857142857 0.11272321428571429 0.07700892857142858
13 0.9174107142857143 0.9497767857142857 0.11272321428571429 0.07924107142857142
13 0.8660714285714286 0.8627232142857143 0.11272321428571429 0.07924107142857142
13 0.8091517857142857 0.6127232142857143 0.11272321428571429 0.07700892857142858
13 0.90625 0.6417410714285714 0.09375 0.07254464285714286
13 0.9397321428571429 0.5669642857142857 0.09598214285714286 0.06919642857142858
13 0.8694196428571429 0.7544642857142857 0.11272321428571429 0.07700892857142858
13 0.8325892857142857 0.21986607142857142 0.11272321428571429 0.07700892857142858
15 0.7287946428571429 0.9654017857142857 0.09151785714285714 0.06473214285714286