3 0.20647321428571427 0.4185267857142857 0.41294642857142855 0.34151785714285715
12 0.46875 0.10714285714285714 0.018973214285714284 0.07924107142857142
13 0.8604910714285714 0.38504464285714285 0.23772321428571427 0.20424107142857142
13 0.49888392857142855 0.4017857142857143 0.07924107142857142 0.27901785714285715
13 0.9241071428571429 0.140625 0.15178571428571427 0.28125
13 0.9073660714285714 0.5245535714285714 0.18526785714285715 0.12946428571428573
3 0.6729910714285714 0.19196428571428573 0.43080357142857145 0.38392857142857145
0 0.19084821428571427 0.6863839285714286 0.38169642857142855 0.19419642857142858
13 0.48660714285714285 0.9587053571428571 0.05580357142857143 0.08147321428571429
13 0.48549107142857145 0.8136160714285714 0.052455357142857144 0.25223214285714285
13 0.6417410714285714 0.9765625 0.25223214285714285 0.046875
13 0.5 0.6439732142857143 0.08147321428571429 0.11049107142857142
12 0.5267857142857143 0.7053571428571429 0.08705357142857142 0.07700892857142858
13 0.6595982142857143 0.6372767857142857 0.2622767857142857 0.09598214285714286
0 0.8560267857142857 0.7354910714285714 0.28794642857142855 0.2935267857142857
13 0.7857142857142857 0.8805803571428571 0.25 0.23772321428571427
13 0.5915178571428571 0.9263392857142857 0.21205357142857142 0.14620535714285715