6 0.37723214285714285 0.3125 0.26450892857142855 0.28348214285714285
12 0.8180803571428571 0.5814732142857143 0.06919642857142858 0.052455357142857144
12 0.7042410714285714 0.5658482142857143 0.09151785714285714 0.08370535714285714
13 0.8303571428571429 0.49776785714285715 0.29129464285714285 0.22098214285714285
0 0.8560267857142857 0.3392857142857143 0.28794642857142855 0.5044642857142857
13 0.5301339285714286 0.5357142857142857 0.041294642857142856 0.14397321428571427
13 0.7868303571428571 0.03236607142857143 0.29129464285714285 0.06473214285714286
13 0.41517857142857145 0.9285714285714286 0.18973214285714285 0.14174107142857142
13 0.3169642857142857 0.6629464285714286 0.30245535714285715 0.11049107142857142
13 0.05022321428571429 0.6930803571428571 0.10044642857142858 0.17075892857142858
0 0.20535714285714285 0.8069196428571429 0.4107142857142857 0.3861607142857143
6 0.7645089285714286 0.7299107142857143 0.3560267857142857 0.24330357142857142