1 0.71875 0.8582589285714286 0.11272321428571429 0.07700892857142858
1 0.04352678571428571 0.29017857142857145 0.08705357142857142 0.07924107142857142
1 0.4330357142857143 0.15736607142857142 0.11272321428571429 0.07700892857142858
1 0.6104910714285714 0.3169642857142857 0.09598214285714286 0.07700892857142858
1 0.4330357142857143 0.31138392857142855 0.08370535714285714 0.06919642857142858
1 0.5290178571428571 0.45424107142857145 0.11272321428571429 0.07700892857142858
17 0.7756696428571429 0.15290178571428573 0.11272321428571429 0.07700892857142858
17 0.8660714285714286 0.14955357142857142 0.11272321428571429 0.07700892857142858
17 0.5089285714285714 0.59375 0.11272321428571429 0.07700892857142858
17 0.6529017857142857 0.5569196428571429 0.11272321428571429 0.07700892857142858
17 0.34151785714285715 0.21986607142857142 0.11272321428571429 0.07700892857142858
17 0.3716517857142857 0.03794642857142857 0.11383928571428571 0.07589285714285714
14 0.7154017857142857 0.17299107142857142 0.09598214285714286 0.07254464285714286
14 0.15178571428571427 0.3080357142857143 0.11272321428571429 0.07700892857142858
14 0.04575892857142857 0.18303571428571427 0.09151785714285714 0.07700892857142858
14 0.3872767857142857 0.7611607142857143 0.11272321428571429 0.07700892857142858
15 0.9029017857142857 0.609375 0.11272321428571429 0.07700892857142858
15 0.7767857142857143 0.7232142857142857 0.08705357142857142 0.07700892857142858
15 0.8504464285714286 0.8415178571428571 0.09375 0.07924107142857142
15 0.17633928571428573 0.671875 0.09821428571428571 0.07924107142857142
15 0.15401785714285715 0.8917410714285714 0.11272321428571429 0.07700892857142858
15 0.6272321428571429 0.11383928571428571 0.11272321428571429 0.07700892857142858
17 0.9508928571428571 0.5636160714285714 0.09598214285714286 0.07700892857142858
5 0.21428571428571427 0.03571428571428571 0.11160714285714286 0.07142857142857142
13 0.2924107142857143 0.49776785714285715 0.09375 0.06696428571428571
5 0.4174107142857143 0.41294642857142855 0.11272321428571429 0.07700892857142858