10 0.12946428571428573 0.38839285714285715 0.25892857142857145 0.3794642857142857
13 0.9118303571428571 0.14620535714285715 0.17522321428571427 0.27455357142857145
13 0.5970982142857143 0.20647321428571427 0.11830357142857142 0.22098214285714285
0 0.7533482142857143 0.40513392857142855 0.40625 0.3482142857142857
13 0.96875 0.41964285714285715 0.0625 0.2767857142857143
10 0.37388392857142855 0.8058035714285714 0.328125 0.38839285714285715
13 0.9899553571428571 0.8314732142857143 0.018973214285714284 0.21651785714285715
13 0.9587053571428571 0.6071428571428571 0.08147321428571429 0.05580357142857143
13 0.9241071428571429 0.9575892857142857 0.15178571428571427 0.08370535714285714
13 0.8247767857142857 0.6361607142857143 0.23995535714285715 0.11272321428571429
13 0.6595982142857143 0.84375 0.24330357142857142 0.2689732142857143
13 0.8716517857142857 0.7645089285714286 0.25669642857142855 0.23549107142857142