3 0.3125 0.18973214285714285 0.5044642857142857 0.3794642857142857
6 0.8270089285714286 0.18973214285714285 0.34598214285714285 0.3794642857142857
13 0.25892857142857145 0.46205357142857145 0.24776785714285715 0.16294642857142858
13 0.47879464285714285 0.4174107142857143 0.28348214285714285 0.07477678571428571
13 0.5904017857142857 0.6841517857142857 0.09821428571428571 0.24330357142857142
13 0.06919642857142858 0.8314732142857143 0.13839285714285715 0.22991071428571427
13 0.5535714285714286 0.5569196428571429 0.17075892857142858 0.23325892857142858
13 0.12276785714285714 0.5022321428571429 0.24553571428571427 0.24553571428571427
13 0.34598214285714285 0.5982142857142857 0.25669642857142855 0.21205357142857142
0 0.25669642857142855 0.8214285714285714 0.4330357142857143 0.35714285714285715
13 0.05803571428571429 0.6752232142857143 0.11495535714285714 0.21205357142857142
3 0.7555803571428571 0.6194196428571429 0.23325892857142858 0.47879464285714285