13 0.9810267857142857 0.6629464285714286 0.03794642857142857 0.21651785714285715
13 0.265625 0.9854910714285714 0.19977678571428573 0.029017857142857144
12 0.5033482142857143 0.04017857142857143 0.08705357142857142 0.06919642857142858
13 0.5111607142857143 0.9654017857142857 0.25669642857142855 0.06919642857142858
13 0.06584821428571429 0.41629464285714285 0.13169642857142858 0.21205357142857142
13 0.2700892857142857 0.060267857142857144 0.22098214285714285 0.11495535714285714
13 0.8716517857142857 0.38504464285714285 0.25223214285714285 0.23995535714285715
13 0.17075892857142858 0.8459821428571429 0.23549107142857142 0.24330357142857142
13 0.9229910714285714 0.109375 0.14620535714285715 0.21205357142857142
13 0.06919642857142858 0.65625 0.13839285714285715 0.20535714285714285
13 0.19308035714285715 0.5178571428571429 0.21428571428571427 0.21651785714285715
13 0.29129464285714285 0.30580357142857145 0.21428571428571427 0.20870535714285715
3 0.5178571428571429 0.5345982142857143 0.4419642857142857 0.4564732142857143
13 0.7433035714285714 0.14955357142857142 0.21428571428571427 0.22544642857142858
13 0.5334821428571429 0.8381696428571429 0.23325892857142858 0.19196428571428573
13 0.10379464285714286 0.17633928571428573 0.20647321428571427 0.22098214285714285
13 0.7310267857142857 0.9006696428571429 0.21205357142857142 0.19866071428571427