8 0.6696428571428571 0.5279017857142857 0.07700892857142858 0.05803571428571429
8 0.7533482142857143 0.7823660714285714 0.07924107142857142 0.05580357142857143
8 0.3470982142857143 0.24665178571428573 0.07700892857142858 0.05580357142857143
5 0.7220982142857143 0.27566964285714285 0.08705357142857142 0.0625
5 0.4185267857142857 0.21316964285714285 0.08147321428571429 0.0625
5 0.4330357142857143 0.2689732142857143 0.08705357142857142 0.06696428571428571
8 0.2689732142857143 0.42299107142857145 0.09151785714285714 0.0625
12 0.5569196428571429 0.9397321428571429 0.024553571428571428 0.018973214285714284
12 0.5479910714285714 0.9207589285714286 0.018973214285714284 0.016741071428571428
12 0.27566964285714285 0.9553571428571429 0.018973214285714284 0.018973214285714284
12 0.24665178571428573 0.96875 0.018973214285714284 0.018973214285714284
12 0.29575892857142855 0.7834821428571429 0.029017857142857144 0.014508928571428572
12 0.43973214285714285 0.6584821428571429 0.024553571428571428 0.021205357142857144
12 0.3080357142857143 0.6049107142857143 0.029017857142857144 0.024553571428571428
12 0.2935267857142857 0.6216517857142857 0.016741071428571428 0.014508928571428572
12 0.33035714285714285 0.49441964285714285 0.029017857142857144 0.018973214285714284
12 0.3125 0.5133928571428571 0.024553571428571428 0.018973214285714284
12 0.40401785714285715 0.39620535714285715 0.021205357142857144 0.018973214285714284
12 0.3794642857142857 0.38504464285714285 0.029017857142857144 0.018973214285714284
12 0.6071428571428571 0.4564732142857143 0.029017857142857144 0.021205357142857144
12 0.6037946428571429 0.43191964285714285 0.029017857142857144 0.021205357142857144
12 0.6082589285714286 0.40848214285714285 0.024553571428571428 0.016741071428571428
12 0.6127232142857143 0.3716517857142857 0.024553571428571428 0.021205357142857144
12 0.5736607142857143 0.3783482142857143 0.024553571428571428 0.018973214285714284
12 0.5926339285714286 0.36049107142857145 0.018973214285714284 0.014508928571428572
12 0.6082589285714286 0.2845982142857143 0.029017857142857144 0.018973214285714284
12 0.5145089285714286 0.31026785714285715 0.024553571428571428 0.018973214285714284
12 0.5569196428571429 0.28794642857142855 0.018973214285714284 0.018973214285714284
12 0.5279017857142857 0.2700892857142857 0.029017857142857144 0.018973214285714284
12 0.6238839285714286 0.20424107142857142 0.033482142857142856 0.018973214285714284
12 0.7142857142857143 0.18973214285714285 0.021205357142857144 0.014508928571428572
12 0.7142857142857143 0.16741071428571427 0.018973214285714284 0.016741071428571428
12 0.7689732142857143 0.17299107142857142 0.024553571428571428 0.014508928571428572
12 0.7901785714285714 0.10267857142857142 0.029017857142857144 0.024553571428571428
12 0.8225446428571429 0.10602678571428571 0.018973214285714284 0.014508928571428572
12 0.8504464285714286 0.09598214285714286 0.024553571428571428 0.018973214285714284
12 0.5145089285714286 0.11272321428571429 0.024553571428571428 0.018973214285714284
12 0.35267857142857145 0.030133928571428572 0.033482142857142856 0.024553571428571428
12 0.29017857142857145 0.07254464285714286 0.029017857142857144 0.018973214285714284
12 0.28348214285714285 0.020089285714285716 0.024553571428571428 0.016741071428571428
12 0.23660714285714285 0.05022321428571429 0.018973214285714284 0.014508928571428572
12 0.38392857142857145 0.018973214285714284 0.018973214285714284 0.014508928571428572
12 0.05803571428571429 0.2935267857142857 0.03125 0.018973214285714284
12 0.12723214285714285 0.34486607142857145 0.024553571428571428 0.018973214285714284
12 0.48214285714285715 0.6495535714285714 0.018973214285714284 0.018973214285714284
12 0.609375 0.5491071428571429 0.021205357142857144 0.014508928571428572
12 0.5848214285714286 0.5613839285714286 0.018973214285714284 0.018973214285714284
14 0.46205357142857145 0.5089285714285714 0.060267857142857144 0.07254464285714286
12 0.7075892857142857 0.796875 0.024553571428571428 0.018973214285714284
12 0.7723214285714286 0.6305803571428571 0.021205357142857144 0.016741071428571428
12 0.7354910714285714 0.9542410714285714 0.026785714285714284 0.018973214285714284
12 0.7064732142857143 0.9698660714285714 0.021205357142857144 0.018973214285714284
12 0.6361607142857143 0.984375 0.029017857142857144 0.024553571428571428
12 0.6450892857142857 0.953125 0.024553571428571428 0.018973214285714284