17 0.3247767857142857 0.9430803571428571 0.07924107142857142 0.11272321428571429
17 0.10044642857142858 0.16852678571428573 0.07924107142857142 0.11272321428571429
17 0.078125 0.09375 0.07924107142857142 0.11272321428571429
17 0.25111607142857145 0.04352678571428571 0.07924107142857142 0.08705357142857142
17 0.4966517857142857 0.12723214285714285 0.07924107142857142 0.11272321428571429
17 0.3627232142857143 0.31473214285714285 0.07924107142857142 0.11272321428571429
17 0.828125 0.3325892857142857 0.07924107142857142 0.11272321428571429
11 0.7600446428571429 0.49107142857142855 0.07924107142857142 0.11272321428571429
13 0.5044642857142857 0.6930803571428571 0.07924107142857142 0.11272321428571429
13 0.21540178571428573 0.7533482142857143 0.07924107142857142 0.11272321428571429
15 0.5513392857142857 0.18526785714285715 0.07924107142857142 0.11272321428571429
13 0.32254464285714285 0.08147321428571429 0.07700892857142858 0.11272321428571429
13 0.5613839285714286 0.5959821428571429 0.07924107142857142 0.11272321428571429
13 0.6149553571428571 0.8147321428571429 0.07924107142857142 0.11272321428571429
15 0.7198660714285714 0.6930803571428571 0.07924107142857142 0.11272321428571429