15 0.3080357142857143 0.8805803571428571 0.05580357142857143 0.06696428571428571
15 0.2544642857142857 0.8392857142857143 0.05022321428571429 0.06696428571428571
15 0.15290178571428573 0.9464285714285714 0.05803571428571429 0.07254464285714286
15 0.6283482142857143 0.6696428571428571 0.05803571428571429 0.07924107142857142
15 0.5558035714285714 0.7823660714285714 0.05022321428571429 0.07254464285714286
15 0.5401785714285714 0.8504464285714286 0.05803571428571429 0.07924107142857142
15 0.48549107142857145 0.8850446428571429 0.060267857142857144 0.07924107142857142
15 0.4799107142857143 0.7287946428571429 0.052455357142857144 0.07477678571428571
15 0.6049107142857143 0.8839285714285714 0.052455357142857144 0.07477678571428571
15 0.7399553571428571 0.6473214285714286 0.04799107142857143 0.0625
15 0.8772321428571429 0.45200892857142855 0.05580357142857143 0.07700892857142858
15 0.8917410714285714 0.27901785714285715 0.05803571428571429 0.07700892857142858
15 0.7566964285714286 0.8314732142857143 0.0625 0.08147321428571429
15 0.6685267857142857 0.06361607142857142 0.05803571428571429 0.07700892857142858
15 0.9185267857142857 0.5245535714285714 0.060267857142857144 0.07924107142857142
15 0.5491071428571429 0.6049107142857143 0.05580357142857143 0.07924107142857142
15 0.34263392857142855 0.6629464285714286 0.05580357142857143 0.07924107142857142
15 0.07366071428571429 0.6450892857142857 0.060267857142857144 0.07924107142857142
15 0.08928571428571429 0.9095982142857143 0.060267857142857144 0.08370535714285714
15 0.14955357142857142 0.8080357142857143 0.060267857142857144 0.08147321428571429
15 0.8258928571428571 0.47433035714285715 0.05803571428571429 0.07924107142857142
15 0.22991071428571427 0.5491071428571429 0.060267857142857144 0.07477678571428571
18 0.45982142857142855 0.4888392857142857 0.07924107142857142 0.07924107142857142
15 0.7466517857142857 0.7444196428571429 0.05803571428571429 0.07700892857142858
15 0.40513392857142855 0.30580357142857145 0.052455357142857144 0.07477678571428571
15 0.3470982142857143 0.30580357142857145 0.0625 0.08370535714285714
15 0.34486607142857145 0.11607142857142858 0.05580357142857143 0.07254464285714286
15 0.07142857142857142 0.16294642857142858 0.060267857142857144 0.08705357142857142
15 0.5178571428571429 0.29129464285714285 0.060267857142857144 0.08147321428571429
15 0.47098214285714285 0.24553571428571427 0.06696428571428571 0.09151785714285714
15 0.5122767857142857 0.14508928571428573 0.060267857142857144 0.07700892857142858
15 0.75 0.14620535714285715 0.05580357142857143 0.07924107142857142
15 0.9352678571428571 0.06919642857142858 0.0625 0.08705357142857142
15 0.9754464285714286 0.9308035714285714 0.04799107142857143 0.07254464285714286
15 0.2533482142857143 0.25558035714285715 0.060267857142857144 0.07700892857142858
15 0.7522321428571429 0.03571428571428571 0.05022321428571429 0.06919642857142858
15 0.5881696428571429 0.9508928571428571 0.05803571428571429 0.06919642857142858
11 0.16852678571428573 0.4029017857142857 0.0625 0.08147321428571429
13 0.5424107142857143 0.05803571428571429 0.060267857142857144 0.07700892857142858
13 0.3560267857142857 0.21651785714285715 0.06919642857142858 0.08705357142857142
13 0.41629464285714285 0.20758928571428573 0.05803571428571429 0.07700892857142858
8 0.40625 0.08482142857142858 0.05803571428571429 0.07477678571428571
15 0.5658482142857143 0.21651785714285715 0.05580357142857143 0.06919642857142858
8 0.6941964285714286 0.38169642857142855 0.05022321428571429 0.07477678571428571
13 0.9464285714285714 0.234375 0.060267857142857144 0.08147321428571429
13 0.7779017857142857 0.3158482142857143 0.06473214285714286 0.08928571428571429
8 0.8158482142857143 0.38169642857142855 0.052455357142857144 0.06919642857142858
13 0.8716517857142857 0.35714285714285715 0.0625 0.07924107142857142
8 0.43526785714285715 0.6350446428571429 0.052455357142857144 0.07477678571428571
13 0.3950892857142857 0.41629464285714285 0.060267857142857144 0.09151785714285714
13 0.8705357142857143 0.18415178571428573 0.060267857142857144 0.08370535714285714
13 0.8225446428571429 0.23102678571428573 0.0625 0.07924107142857142
15 0.4486607142857143 0.41517857142857145 0.05022321428571429 0.07700892857142858
13 0.6774553571428571 0.18303571428571427 0.0625 0.08705357142857142
13 0.6049107142857143 0.35044642857142855 0.06473214285714286 0.08147321428571429
8 0.5513392857142857 0.38950892857142855 0.052455357142857144 0.07477678571428571
13 0.6439732142857143 0.41629464285714285 0.060267857142857144 0.07924107142857142
15 0.6473214285714286 0.2779017857142857 0.0625 0.08147321428571429
15 0.9810267857142857 0.10825892857142858 0.03794642857142857 0.07254464285714286
7 0.8627232142857143 0.6450892857142857 0.06919642857142858 0.09375
13 0.7991071428571429 0.6662946428571429 0.0625 0.08370535714285714
13 0.9564732142857143 0.7544642857142857 0.0625 0.07924107142857142
15 0.9330357142857143 0.6194196428571429 0.0625 0.08147321428571429
15 0.6863839285714286 0.6205357142857143 0.052455357142857144 0.08370535714285714
13 0.6674107142857143 0.8850446428571429 0.0625 0.08147321428571429
13 0.7845982142857143 0.9040178571428571 0.06473214285714286 0.08928571428571429
15 0.8426339285714286 0.7332589285714286 0.0625 0.08370535714285714
13 0.26674107142857145 0.4642857142857143 0.060267857142857144 0.08705357142857142
13 0.20424107142857142 0.4732142857142857 0.060267857142857144 0.08147321428571429
8 0.34486607142857145 0.38504464285714285 0.060267857142857144 0.07700892857142858
13 0.5022321428571429 0.9587053571428571 0.06919642857142858 0.08147321428571429
13 0.18415178571428573 0.7321428571428571 0.06696428571428571 0.08370535714285714
8 0.31919642857142855 0.7957589285714286 0.05580357142857143 0.07477678571428571
13 0.35044642857142855 0.9441964285714286 0.060267857142857144 0.08705357142857142
15 0.41964285714285715 0.9073660714285714 0.060267857142857144 0.07924107142857142
15 0.43638392857142855 0.8314732142857143 0.05580357142857143 0.07924107142857142
15 0.4263392857142857 0.9720982142857143 0.0625 0.05580357142857143
13 0.42410714285714285 0.7388392857142857 0.060267857142857144 0.08370535714285714
13 0.26785714285714285 0.7220982142857143 0.060267857142857144 0.08147321428571429
8 0.13616071428571427 0.3091517857142857 0.05580357142857143 0.06696428571428571
13 0.025669642857142856 0.5725446428571429 0.05022321428571429 0.07924107142857142
13 0.022321428571428572 0.44754464285714285 0.044642857142857144 0.08258928571428571
15 0.20424107142857142 0.21205357142857142 0.05803571428571429 0.07700892857142858
13 0.21540178571428573 0.3705357142857143 0.06473214285714286 0.07924107142857142
15 0.18973214285714285 0.28348214285714285 0.06696428571428571 0.07924107142857142
15 0.08705357142857142 0.26450892857142855 0.0625 0.08705357142857142
15 0.28683035714285715 0.11383928571428571 0.060267857142857144 0.08147321428571429