15 0.7455357142857143 0.8504464285714286 0.06696428571428571 0.08147321428571429
15 0.8314732142857143 0.6261160714285714 0.060267857142857144 0.07924107142857142
15 0.953125 0.7857142857142857 0.06696428571428571 0.08147321428571429
15 0.890625 0.5178571428571429 0.07254464285714286 0.09151785714285714
15 0.8772321428571429 0.3247767857142857 0.060267857142857144 0.07924107142857142
15 0.8325892857142857 0.28236607142857145 0.0625 0.07254464285714286
15 0.8013392857142857 0.3325892857142857 0.05803571428571429 0.07254464285714286
15 0.8013392857142857 0.10825892857142858 0.05803571428571429 0.08147321428571429
15 0.7779017857142857 0.05580357142857143 0.0625 0.08147321428571429
15 0.8247767857142857 0.04352678571428571 0.05803571428571429 0.07254464285714286
15 0.9375 0.15959821428571427 0.07700892857142858 0.11272321428571429
15 0.7243303571428571 0.3314732142857143 0.060267857142857144 0.08147321428571429
15 0.5479910714285714 0.15848214285714285 0.07700892857142858 0.11272321428571429
15 0.5267857142857143 0.25892857142857145 0.06473214285714286 0.07700892857142858
15 0.6104910714285714 0.31138392857142855 0.05803571428571429 0.07254464285714286
15 0.6841517857142857 0.6026785714285714 0.07700892857142858 0.11272321428571429
15 0.7131696428571429 0.5535714285714286 0.07700892857142858 0.11272321428571429
15 0.5267857142857143 0.5959821428571429 0.05803571428571429 0.07477678571428571
15 0.5658482142857143 0.7756696428571429 0.0625 0.08928571428571429
15 0.6830357142857143 0.7209821428571429 0.07700892857142858 0.11272321428571429
15 0.8392857142857143 0.7622767857142857 0.07700892857142858 0.11272321428571429
15 0.41294642857142855 0.6160714285714286 0.06696428571428571 0.07700892857142858
15 0.34598214285714285 0.42075892857142855 0.05803571428571429 0.08147321428571429
15 0.39620535714285715 0.4375 0.060267857142857144 0.07254464285714286
15 0.28013392857142855 0.6194196428571429 0.07700892857142858 0.11272321428571429
15 0.234375 0.6216517857142857 0.07700892857142858 0.11272321428571429
15 0.26004464285714285 0.6964285714285714 0.07700892857142858 0.11272321428571429
15 0.3638392857142857 0.6741071428571429 0.06696428571428571 0.09151785714285714
15 0.11495535714285714 0.5100446428571429 0.06473214285714286 0.08370535714285714
15 0.14174107142857142 0.31473214285714285 0.07700892857142858 0.11272321428571429
15 0.0625 0.28348214285714285 0.07700892857142858 0.11272321428571429
15 0.09263392857142858 0.052455357142857144 0.078125 0.10491071428571429
15 0.03236607142857143 0.08147321428571429 0.0625 0.11272321428571429
15 0.03794642857142857 0.546875 0.0625 0.07700892857142858
15 0.036830357142857144 0.6439732142857143 0.05803571428571429 0.09598214285714286
15 0.10379464285714286 0.6305803571428571 0.07700892857142858 0.09598214285714286
8 0.12611607142857142 0.8147321428571429 0.0625 0.08705357142857142
15 0.046875 0.17522321428571427 0.07700892857142858 0.11272321428571429
15 0.22879464285714285 0.026785714285714284 0.07700892857142858 0.052455357142857144
15 0.3247767857142857 0.25 0.060267857142857144 0.08370535714285714
15 0.3939732142857143 0.2544642857142857 0.06696428571428571 0.09151785714285714
15 0.44308035714285715 0.32700892857142855 0.07700892857142858 0.11272321428571429
15 0.4799107142857143 0.19642857142857142 0.07700892857142858 0.11272321428571429
15 0.38950892857142855 0.060267857142857144 0.07700892857142858 0.11272321428571429
15 0.9609375 0.9162946428571429 0.078125 0.11383928571428571
15 0.6205357142857143 0.9508928571428571 0.07700892857142858 0.09598214285714286
15 0.2533482142857143 0.7957589285714286 0.07700892857142858 0.11272321428571429
15 0.2544642857142857 0.8660714285714286 0.07700892857142858 0.11272321428571429
15 0.28794642857142855 0.9229910714285714 0.07700892857142858 0.11272321428571429
2 0.4810267857142857 0.8180803571428571 0.06919642857142858 0.09598214285714286
1 0.3247767857142857 0.5345982142857143 0.06696428571428571 0.08370535714285714
1 0.5524553571428571 0.4174107142857143 0.05803571428571429 0.08370535714285714
2 0.5758928571428571 0.10602678571428571 0.05803571428571429 0.07700892857142858