9 0.21763392857142858 0.27455357142857145 0.43526785714285715 0.5479910714285714
13 0.7075892857142857 0.30357142857142855 0.15625 0.2767857142857143
13 0.6662946428571429 0.06919642857142858 0.07366071428571429 0.13839285714285715
3 0.9263392857142857 0.21205357142857142 0.14620535714285715 0.42299107142857145
13 0.8370535714285714 0.24441964285714285 0.25 0.28794642857142855
13 0.890625 0.04352678571428571 0.21875 0.08705357142857142
13 0.8895089285714286 0.49888392857142855 0.22098214285714285 0.09821428571428571
13 0.6138392857142857 0.8482142857142857 0.03125 0.23549107142857142
3 0.21986607142857142 0.8046875 0.43973214285714285 0.390625
13 0.08147321428571429 0.6339285714285714 0.16294642857142858 0.17075892857142858
13 0.4732142857142857 0.9319196428571429 0.25 0.13616071428571427
13 0.2622767857142857 0.5959821428571429 0.29799107142857145 0.09598214285714286
13 0.5100446428571429 0.7276785714285714 0.23995535714285715 0.24330357142857142
10 0.8147321428571429 0.7734375 0.3705357142857143 0.453125