8 0.6026785714285714 0.7488839285714286 0.05803571428571429 0.07254464285714286
8 0.5747767857142857 0.19308035714285715 0.052455357142857144 0.07924107142857142
8 0.6462053571428571 0.28683035714285715 0.05803571428571429 0.08147321428571429
1 0.3560267857142857 0.9430803571428571 0.060267857142857144 0.07700892857142858
1 0.6082589285714286 0.9151785714285714 0.0625 0.08147321428571429
1 0.7299107142857143 0.9207589285714286 0.0625 0.08928571428571429
1 0.7544642857142857 0.796875 0.060267857142857144 0.09375
1 0.7209821428571429 0.7120535714285714 0.0625 0.08705357142857142
1 0.7064732142857143 0.5569196428571429 0.0625 0.08147321428571429
1 0.6473214285714286 0.41517857142857145 0.06696428571428571 0.08147321428571429
1 0.5323660714285714 0.33035714285714285 0.06696428571428571 0.08705357142857142
1 0.09375 0.3716517857142857 0.0625 0.08705357142857142
1 0.046875 0.6037946428571429 0.0625 0.08370535714285714
1 0.7243303571428571 0.16964285714285715 0.0625 0.08147321428571429
1 0.8214285714285714 0.6863839285714286 0.052455357142857144 0.07700892857142858
1 0.9118303571428571 0.5279017857142857 0.0625 0.08147321428571429
1 0.7488839285714286 0.39620535714285715 0.0625 0.08928571428571429
1 0.29129464285714285 0.43861607142857145 0.06696428571428571 0.09598214285714286
1 0.8727678571428571 0.8861607142857143 0.06696428571428571 0.08370535714285714
1 0.953125 0.90625 0.060267857142857144 0.08147321428571429
13 0.5491071428571429 0.5066964285714286 0.05803571428571429 0.09375
13 0.6060267857142857 0.640625 0.06473214285714286 0.09151785714285714
13 0.5535714285714286 0.59375 0.0625 0.07924107142857142
13 0.28348214285714285 0.18080357142857142 0.0625 0.08147321428571429
13 0.18080357142857142 0.2924107142857143 0.06919642857142858 0.09598214285714286
13 0.10602678571428571 0.21540178571428573 0.07254464285714286 0.09151785714285714
13 0.23772321428571427 0.24107142857142858 0.06696428571428571 0.09151785714285714
13 0.22991071428571427 0.08258928571428571 0.06696428571428571 0.08147321428571429
13 0.5055803571428571 0.11272321428571429 0.06473214285714286 0.08147321428571429
13 0.5848214285714286 0.06473214285714286 0.06696428571428571 0.07924107142857142
13 0.6127232142857143 0.13392857142857142 0.060267857142857144 0.07477678571428571
13 0.9642857142857143 0.09486607142857142 0.06696428571428571 0.09151785714285714
13 0.6651785714285714 0.7377232142857143 0.06919642857142858 0.09151785714285714
13 0.6138392857142857 0.828125 0.0625 0.08705357142857142
13 0.4877232142857143 0.8928571428571429 0.06696428571428571 0.08705357142857142
13 0.48549107142857145 0.4877232142857143 0.0625 0.08705357142857142
12 0.8582589285714286 0.7600446428571429 0.018973214285714284 0.024553571428571428
12 0.8348214285714286 0.75 0.018973214285714284 0.029017857142857144
12 0.8002232142857143 0.8761160714285714 0.018973214285714284 0.029017857142857144
12 0.8125 0.9084821428571429 0.021205357142857144 0.029017857142857144
12 0.8180803571428571 0.8705357142857143 0.018973214285714284 0.018973214285714284
12 0.9921875 0.8694196428571429 0.015625 0.024553571428571428
12 0.9787946428571429 0.4029017857142857 0.016741071428571428 0.024553571428571428
12 0.9274553571428571 0.36049107142857145 0.018973214285714284 0.024553571428571428
12 0.9308035714285714 0.3325892857142857 0.014508928571428572 0.018973214285714284
12 0.8939732142857143 0.2533482142857143 0.021205357142857144 0.029017857142857144
12 0.7176339285714286 0.28013392857142855 0.024553571428571428 0.033482142857142856
12 0.6763392857142857 0.36941964285714285 0.018973214285714284 0.029017857142857144
12 0.8158482142857143 0.4810267857142857 0.014508928571428572 0.018973214285714284
12 0.5948660714285714 0.47433035714285715 0.018973214285714284 0.029017857142857144
12 0.5267857142857143 0.6517857142857143 0.014508928571428572 0.021205357142857144
12 0.3872767857142857 0.7723214285714286 0.021205357142857144 0.029017857142857144
12 0.7220982142857143 0.9810267857142857 0.014508928571428572 0.018973214285714284
12 0.21205357142857142 0.9118303571428571 0.018973214285714284 0.024553571428571428
12 0.21875 0.9520089285714286 0.018973214285714284 0.024553571428571428
12 0.14620535714285715 0.984375 0.014508928571428572 0.018973214285714284
12 0.28236607142857145 0.9799107142857143 0.018973214285714284 0.024553571428571428
12 0.17299107142857142 0.5814732142857143 0.018973214285714284 0.024553571428571428
12 0.18638392857142858 0.5993303571428571 0.018973214285714284 0.018973214285714284
12 0.06696428571428571 0.46763392857142855 0.018973214285714284 0.024553571428571428
12 0.3872767857142857 0.43861607142857145 0.021205357142857144 0.026785714285714284
13 0.38392857142857145 0.17522321428571427 0.06696428571428571 0.08705357142857142
13 0.40736607142857145 0.09709821428571429 0.05803571428571429 0.07700892857142858
13 0.4732142857142857 0.029017857142857144 0.06696428571428571 0.05803571428571429
13 0.3638392857142857 0.29464285714285715 0.060267857142857144 0.07700892857142858
13 0.2935267857142857 0.33035714285714285 0.060267857142857144 0.08147321428571429
13 0.31361607142857145 0.24665178571428573 0.05803571428571429 0.07254464285714286
13 0.22321428571428573 0.3705357142857143 0.07700892857142858 0.08147321428571429
13 0.21428571428571427 0.4564732142857143 0.06696428571428571 0.08147321428571429
13 0.13616071428571427 0.4375 0.060267857142857144 0.07924107142857142
15 0.35267857142857145 0.6584821428571429 0.0625 0.07700892857142858
13 0.2689732142857143 0.7834821428571429 0.06473214285714286 0.07254464285714286
13 0.1875 0.8236607142857143 0.05803571428571429 0.08370535714285714
14 0.14620535714285715 0.8872767857142857 0.07254464285714286 0.04352678571428571
13 0.31026785714285715 0.8482142857142857 0.05803571428571429 0.07254464285714286
13 0.24553571428571427 0.8716517857142857 0.06696428571428571 0.09375
13 0.4017857142857143 0.7120535714285714 0.06696428571428571 0.07254464285714286
13 0.6651785714285714 0.6205357142857143 0.0625 0.07700892857142858
13 0.6383928571428571 0.5345982142857143 0.07254464285714286 0.09375
13 0.6919642857142857 0.4720982142857143 0.0625 0.08147321428571429