9 0.26674107142857145 0.20535714285714285 0.30245535714285715 0.4107142857142857
13 0.08370535714285714 0.06361607142857142 0.16741071428571427 0.12723214285714285
13 0.39285714285714285 0.49441964285714285 0.05022321428571429 0.20424107142857142
13 0.06473214285714286 0.25223214285714285 0.12946428571428573 0.19754464285714285
13 0.052455357142857144 0.4408482142857143 0.10491071428571429 0.171875
13 0.15959821428571427 0.5792410714285714 0.25223214285714285 0.03794642857142857
9 0.6674107142857143 0.35714285714285715 0.49776785714285715 0.48325892857142855
13 0.921875 0.31808035714285715 0.15625 0.3002232142857143
13 0.8169642857142857 0.08035714285714286 0.27901785714285715 0.16071428571428573
13 0.9709821428571429 0.07366071428571429 0.05803571428571429 0.14620535714285715
13 0.6104910714285714 0.05580357142857143 0.20200892857142858 0.11049107142857142
3 0.14285714285714285 0.8270089285714286 0.2857142857142857 0.34598214285714285
10 0.7901785714285714 0.7332589285714286 0.41964285714285715 0.2700892857142857
10 0.7957589285714286 0.9151785714285714 0.40848214285714285 0.16964285714285715