2 0.17745535714285715 0.9441964285714286 0.07924107142857142 0.11049107142857142
2 0.4419642857142857 0.9441964285714286 0.07924107142857142 0.11049107142857142
2 0.5345982142857143 0.9006696428571429 0.07924107142857142 0.11272321428571429
2 0.24330357142857142 0.8604910714285714 0.07924107142857142 0.11272321428571429
2 0.8627232142857143 0.8459821428571429 0.07924107142857142 0.11272321428571429
2 0.6506696428571429 0.8247767857142857 0.07924107142857142 0.11272321428571429
2 0.7354910714285714 0.8013392857142857 0.07924107142857142 0.11272321428571429
2 0.9118303571428571 0.7779017857142857 0.07924107142857142 0.11272321428571429
2 0.265625 0.7332589285714286 0.07924107142857142 0.11272321428571429
2 0.109375 0.7243303571428571 0.07924107142857142 0.11272321428571429
2 0.7511160714285714 0.6819196428571429 0.07924107142857142 0.11272321428571429
2 0.8761160714285714 0.65625 0.08928571428571429 0.11830357142857142
2 0.37388392857142855 0.6417410714285714 0.07924107142857142 0.11272321428571429
2 0.5993303571428571 0.6339285714285714 0.07924107142857142 0.11272321428571429
2 0.33370535714285715 0.5502232142857143 0.07924107142857142 0.11272321428571429
2 0.49888392857142855 0.5167410714285714 0.07700892857142858 0.11272321428571429
2 0.9229910714285714 0.4720982142857143 0.08928571428571429 0.12053571428571429
2 0.4654017857142857 0.4263392857142857 0.07924107142857142 0.11272321428571429
2 0.7645089285714286 0.38392857142857145 0.08928571428571429 0.13169642857142858
2 0.26674107142857145 0.3560267857142857 0.07924107142857142 0.11272321428571429
2 0.515625 0.3560267857142857 0.07924107142857142 0.11272321428571429
2 0.10714285714285714 0.33370535714285715 0.09151785714285714 0.12276785714285714
2 0.9174107142857143 0.2700892857142857 0.07924107142857142 0.11272321428571429
2 0.22991071428571427 0.25223214285714285 0.07924107142857142 0.11272321428571429
2 0.7209821428571429 0.24107142857142858 0.07924107142857142 0.11272321428571429
2 0.828125 0.23772321428571427 0.07924107142857142 0.11272321428571429
2 0.38839285714285715 0.21540178571428573 0.07924107142857142 0.11272321428571429
2 0.11830357142857142 0.14955357142857142 0.07924107142857142 0.11272321428571429
2 0.23102678571428573 0.06696428571428571 0.09151785714285714 0.12276785714285714
11 0.8694196428571429 0.12053571428571429 0.03125 0.052455357142857144
11 0.32254464285714285 0.4642857142857143 0.03794642857142857 0.03794642857142857
11 0.6238839285714286 0.03571428571428571 0.029017857142857144 0.03794642857142857
11 0.671875 0.8973214285714286 0.033482142857142856 0.03571428571428571
14 0.8292410714285714 0.7689732142857143 0.06473214285714286 0.09151785714285714