13 0.029017857142857144 0.640625 0.05803571428571429 0.22321428571428573
13 0.9464285714285714 0.5658482142857143 0.10714285714285714 0.24330357142857142
13 0.052455357142857144 0.1484375 0.10491071428571429 0.22991071428571427
13 0.9497767857142857 0.9620535714285714 0.09598214285714286 0.07254464285714286
13 0.31919642857142855 0.9754464285714286 0.22544642857142858 0.04799107142857143
13 0.29129464285714285 0.07589285714285714 0.25223214285714285 0.14620535714285715
13 0.6674107142857143 0.7142857142857143 0.19977678571428573 0.21651785714285715
9 0.5066964285714286 0.5089285714285714 0.48549107142857145 0.47879464285714285
13 0.36049107142857145 0.7633928571428571 0.21651785714285715 0.21651785714285715
13 0.5301339285714286 0.890625 0.22879464285714285 0.20647321428571427
13 0.17633928571428573 0.5580357142857143 0.23102678571428573 0.20647321428571427
13 0.8627232142857143 0.7377232142857143 0.22098214285714285 0.20870535714285715
13 0.7053571428571429 0.26450892857142855 0.21651785714285715 0.21651785714285715
13 0.7924107142857143 0.5357142857142857 0.18526785714285715 0.20200892857142858
13 0.7935267857142857 0.9207589285714286 0.1875 0.15848214285714285
13 0.8805803571428571 0.29017857142857145 0.15625 0.19977678571428573