15 0.7220982142857143 0.11495535714285714 0.11272321428571429 0.07700892857142858
15 0.5970982142857143 0.11495535714285714 0.11272321428571429 0.07700892857142858
15 0.5825892857142857 0.16852678571428573 0.11272321428571429 0.07700892857142858
15 0.9006696428571429 0.40066964285714285 0.11272321428571429 0.07700892857142858
15 0.8872767857142857 0.7354910714285714 0.11272321428571429 0.07700892857142858
15 0.8772321428571429 0.6707589285714286 0.11272321428571429 0.07924107142857142
15 0.9464285714285714 0.8616071428571429 0.10714285714285714 0.07589285714285714
15 0.9397321428571429 0.9095982142857143 0.11272321428571429 0.07924107142857142
15 0.5279017857142857 0.8381696428571429 0.11272321428571429 0.07700892857142858
15 0.7354910714285714 0.5111607142857143 0.11272321428571429 0.07700892857142858
15 0.7935267857142857 0.5122767857142857 0.11272321428571429 0.07700892857142858
15 0.5334821428571429 0.3560267857142857 0.11272321428571429 0.07700892857142858
15 0.2700892857142857 0.4330357142857143 0.11272321428571429 0.07700892857142858
15 0.13727678571428573 0.49888392857142855 0.11272321428571429 0.07700892857142858
15 0.10602678571428571 0.44419642857142855 0.11272321428571429 0.07700892857142858
15 0.07477678571428571 0.10825892857142858 0.11272321428571429 0.07700892857142858
15 0.12723214285714285 0.10044642857142858 0.11272321428571429 0.07700892857142858
15 0.11272321428571429 0.14955357142857142 0.11272321428571429 0.07700892857142858
15 0.15290178571428573 0.16294642857142858 0.11272321428571429 0.07700892857142858
15 0.38058035714285715 0.041294642857142856 0.11272321428571429 0.07700892857142858
15 0.3470982142857143 0.20424107142857142 0.11272321428571429 0.07700892857142858
15 0.5591517857142857 0.078125 0.11272321428571429 0.07700892857142858
15 0.6060267857142857 0.036830357142857144 0.11272321428571429 0.07254464285714286
15 0.25892857142857145 0.7555803571428571 0.11272321428571429 0.07924107142857142
15 0.2935267857142857 0.8895089285714286 0.11272321428571429 0.07700892857142858
15 0.35267857142857145 0.8470982142857143 0.11272321428571429 0.07700892857142858
15 0.7310267857142857 0.7756696428571429 0.11272321428571429 0.07924107142857142
15 0.7042410714285714 0.6763392857142857 0.11272321428571429 0.07700892857142858
15 0.7154017857142857 0.7176339285714286 0.11272321428571429 0.07700892857142858
15 0.22991071428571427 0.3783482142857143 0.11272321428571429 0.07700892857142858
14 0.6875 0.15625 0.11272321428571429 0.07700892857142858
15 0.90625 0.03794642857142857 0.07700892857142858 0.05803571428571429
15 0.6729910714285714 0.06584821428571429 0.11272321428571429 0.07700892857142858
15 0.34375 0.546875 0.11272321428571429 0.07700892857142858
15 0.2924107142857143 0.49888392857142855 0.11272321428571429 0.07700892857142858
15 0.37723214285714285 0.7611607142857143 0.11272321428571429 0.07700892857142858
15 0.4185267857142857 0.7243303571428571 0.11272321428571429 0.07700892857142858
15 0.8660714285714286 0.21540178571428573 0.11272321428571429 0.07700892857142858
15 0.7310267857142857 0.36830357142857145 0.11272321428571429 0.07700892857142858
15 0.78125 0.37611607142857145 0.11272321428571429 0.07700892857142858
15 0.8091517857142857 0.6551339285714286 0.11272321428571429 0.07924107142857142
15 0.8035714285714286 0.6986607142857143 0.11272321428571429 0.07924107142857142
15 0.5792410714285714 0.20200892857142858 0.11272321428571429 0.07700892857142858
15 0.8035714285714286 0.46986607142857145 0.11272321428571429 0.07700892857142858
8 0.16183035714285715 0.41294642857142855 0.11272321428571429 0.07700892857142858
15 0.2924107142857143 0.2935267857142857 0.11272321428571429 0.07700892857142858
15 0.3627232142857143 0.6819196428571429 0.11272321428571429 0.07700892857142858
15 0.6026785714285714 0.7779017857142857 0.11272321428571429 0.07700892857142858
15 0.6395089285714286 0.6930803571428571 0.11272321428571429 0.07700892857142858
15 0.9140625 0.9620535714285714 0.11383928571428571 0.07589285714285714
8 0.9263392857142857 0.8080357142857143 0.11272321428571429 0.07700892857142858
14 0.7935267857142857 0.8582589285714286 0.11272321428571429 0.07924107142857142
14 0.7779017857142857 0.7779017857142857 0.11272321428571429 0.07924107142857142
14 0.7131696428571429 0.28683035714285715 0.11272321428571429 0.07700892857142858
1 0.20982142857142858 0.7957589285714286 0.11272321428571429 0.07924107142857142
13 0.9263392857142857 0.5502232142857143 0.11272321428571429 0.07700892857142858
13 0.9520089285714286 0.7142857142857143 0.09598214285714286 0.07924107142857142
8 0.9497767857142857 0.6104910714285714 0.10044642857142858 0.07700892857142858
8 0.8381696428571429 0.5948660714285714 0.11272321428571429 0.07700892857142858
8 0.7645089285714286 0.5814732142857143 0.11272321428571429 0.07700892857142858
15 0.6160714285714286 0.5613839285714286 0.11272321428571429 0.07700892857142858
15 0.49441964285714285 0.6395089285714286 0.11272321428571429 0.07700892857142858
13 0.5435267857142857 0.7176339285714286 0.11272321428571429 0.07700892857142858
8 0.4497767857142857 0.6729910714285714 0.11272321428571429 0.07700892857142858
13 0.6082589285714286 0.9118303571428571 0.11272321428571429 0.07700892857142858
13 0.6897321428571429 0.8470982142857143 0.11272321428571429 0.07924107142857142
13 0.6852678571428571 0.9051339285714286 0.11272321428571429 0.07924107142857142
13 0.5803571428571429 0.9709821428571429 0.11272321428571429 0.05803571428571429
13 0.43191964285714285 0.9709821428571429 0.11272321428571429 0.05803571428571429
13 0.34151785714285715 0.9486607142857143 0.11272321428571429 0.07924107142857142
13 0.42299107142857145 0.9006696428571429 0.11272321428571429 0.07700892857142858
15 0.17522321428571427 0.8895089285714286 0.11272321428571429 0.07700892857142858
15 0.23325892857142858 0.8716517857142857 0.11272321428571429 0.07924107142857142
8 0.10491071428571429 0.8370535714285714 0.11272321428571429 0.07924107142857142
8 0.04575892857142857 0.8370535714285714 0.09151785714285714 0.07924107142857142
13 0.19084821428571427 0.5212053571428571 0.11272321428571429 0.07700892857142858
8 0.17633928571428573 0.5770089285714286 0.11272321428571429 0.07700892857142858
13 0.5479910714285714 0.5569196428571429 0.11272321428571429 0.07700892857142858
13 0.5747767857142857 0.4497767857142857 0.11272321428571429 0.07700892857142858
13 0.7544642857142857 0.9620535714285714 0.11160714285714286 0.07589285714285714
15 0.8247767857142857 0.9363839285714286 0.11272321428571429 0.07700892857142858
15 0.8348214285714286 0.9732142857142857 0.11272321428571429 0.052455357142857144
11 0.20647321428571427 0.9587053571428571 0.11272321428571429 0.07700892857142858
8 0.4185267857142857 0.17299107142857142 0.11272321428571429 0.07700892857142858
8 0.27232142857142855 0.041294642857142856 0.11272321428571429 0.07700892857142858
13 0.3404017857142857 0.08370535714285714 0.11272321428571429 0.07700892857142858
13 0.34375 0.140625 0.11272321428571429 0.07700892857142858
13 0.2533482142857143 0.14955357142857142 0.11272321428571429 0.07700892857142858
13 0.21540178571428573 0.08816964285714286 0.11272321428571429 0.07700892857142858
13 0.14174107142857142 0.052455357142857144 0.11272321428571429 0.07700892857142858
13 0.04352678571428571 0.05915178571428571 0.08705357142857142 0.07700892857142858
13 0.13950892857142858 0.30245535714285715 0.11272321428571429 0.07700892857142858
8 0.07366071428571429 0.3794642857142857 0.11272321428571429 0.07700892857142858
15 0.22098214285714285 0.25 0.11272321428571429 0.07700892857142858
13 0.27566964285714285 0.3470982142857143 0.11272321428571429 0.07700892857142858
13 0.35267857142857145 0.2935267857142857 0.11272321428571429 0.07700892857142858
8 0.40066964285714285 0.33370535714285715 0.11272321428571429 0.07700892857142858
8 0.4799107142857143 0.3169642857142857 0.11272321428571429 0.07700892857142858
13 0.24107142857142858 0.6183035714285714 0.11272321428571429 0.07700892857142858
13 0.6529017857142857 0.4095982142857143 0.11272321428571429 0.07700892857142858
13 0.6651785714285714 0.46986607142857145 0.11272321428571429 0.07700892857142858
13 0.6651785714285714 0.3482142857142857 0.11272321428571429 0.07700892857142858
8 0.5122767857142857 0.21986607142857142 0.11272321428571429 0.07700892857142858
13 0.5 0.16629464285714285 0.11272321428571429 0.07700892857142858
13 0.5334821428571429 0.2689732142857143 0.11272321428571429 0.07700892857142858
13 0.41517857142857145 0.23549107142857142 0.11272321428571429 0.07700892857142858
15 0.3716517857142857 0.40513392857142855 0.11272321428571429 0.07700892857142858
15 0.43191964285714285 0.5435267857142857 0.11272321428571429 0.07700892857142858
15 0.09933035714285714 0.6941964285714286 0.11272321428571429 0.07700892857142858
15 0.6216517857142857 0.2622767857142857 0.11272321428571429 0.07700892857142858
15 0.9598214285714286 0.375 0.07924107142857142 0.07700892857142858
15 0.8549107142857143 0.4252232142857143 0.11272321428571429 0.07700892857142858
8 0.7310267857142857 0.4408482142857143 0.11272321428571429 0.07700892857142858
15 0.35267857142857145 0.45870535714285715 0.11272321428571429 0.07700892857142858
13 0.5535714285714286 0.5970982142857143 0.11272321428571429 0.07700892857142858
13 0.8415178571428571 0.05915178571428571 0.11272321428571429 0.07700892857142858
8 0.8270089285714286 0.13616071428571427 0.11272321428571429 0.07700892857142858
13 0.8939732142857143 0.14174107142857142 0.11272321428571429 0.07700892857142858
14 0.78125 0.18638392857142858 0.11272321428571429 0.07700892857142858
13 0.9252232142857143 0.24888392857142858 0.11272321428571429 0.07700892857142858
13 0.9508928571428571 0.18080357142857142 0.09598214285714286 0.07700892857142858
15 0.9341517857142857 0.296875 0.11272321428571429 0.07700892857142858