1 0.041294642857142856 0.8627232142857143 0.08147321428571429 0.11049107142857142
1 0.14285714285714285 0.8616071428571429 0.07254464285714286 0.10044642857142858
1 0.2857142857142857 0.7042410714285714 0.07254464285714286 0.12276785714285714
1 0.30245535714285715 0.5613839285714286 0.07700892857142858 0.10379464285714286
1 0.38839285714285715 0.6551339285714286 0.08705357142857142 0.10825892857142858
1 0.3872767857142857 0.84375 0.07254464285714286 0.10602678571428571
1 0.5625 0.7611607142857143 0.07254464285714286 0.08705357142857142
1 0.41294642857142855 0.5267857142857143 0.07254464285714286 0.10044642857142858
1 0.49888392857142855 0.46316964285714285 0.07924107142857142 0.10602678571428571
1 0.5189732142857143 0.6361607142857143 0.08705357142857142 0.11049107142857142
1 0.6462053571428571 0.43526785714285715 0.07254464285714286 0.11830357142857142
1 0.8895089285714286 0.5368303571428571 0.09151785714285714 0.09821428571428571
1 0.22321428571428573 0.23549107142857142 0.08370535714285714 0.11495535714285714
1 0.19642857142857142 0.09933035714285714 0.07700892857142858 0.10602678571428571