13 0.07477678571428571 0.3560267857142857 0.14955357142857142 0.35044642857142855
13 0.18080357142857142 0.5669642857142857 0.27455357142857145 0.0625
3 0.2700892857142857 0.2689732142857143 0.35825892857142855 0.5379464285714286
12 0.8950892857142857 0.46316964285714285 0.09151785714285714 0.09151785714285714
12 0.8962053571428571 0.11160714285714286 0.09598214285714286 0.10044642857142858
13 0.7142857142857143 0.5357142857142857 0.26450892857142855 0.125
3 0.6908482142857143 0.27455357142857145 0.48325892857142855 0.5044642857142857
13 0.5245535714285714 0.4877232142857143 0.14955357142857142 0.22098214285714285
13 0.9430803571428571 0.18191964285714285 0.11272321428571429 0.26674107142857145
13 0.9665178571428571 0.41294642857142855 0.06696428571428571 0.2689732142857143
10 0.296875 0.8002232142857143 0.30580357142857145 0.39955357142857145
6 0.7388392857142857 0.8180803571428571 0.4642857142857143 0.3627232142857143