13 0.9564732142857143 0.7232142857142857 0.08705357142857142 0.24553571428571427
13 0.08370535714285714 0.22321428571428573 0.16741071428571427 0.23660714285714285
13 0.125 0.12053571428571429 0.24553571428571427 0.22879464285714285
12 0.8928571428571429 0.5837053571428571 0.08705357142857142 0.07700892857142858
13 0.421875 0.08482142857142858 0.24553571428571427 0.16964285714285715
13 0.5647321428571429 0.21763392857142858 0.26450892857142855 0.22544642857142858
0 0.49441964285714285 0.5111607142857143 0.46205357142857145 0.44419642857142855
13 0.23102678571428573 0.6941964285714286 0.2622767857142857 0.23549107142857142
13 0.7868303571428571 0.5279017857142857 0.20870535714285715 0.25669642857142855
13 0.7198660714285714 0.7444196428571429 0.22098214285714285 0.22098214285714285
13 0.27455357142857145 0.30357142857142855 0.26004464285714285 0.24553571428571427
13 0.7745535714285714 0.10602678571428571 0.2857142857142857 0.21205357142857142
13 0.11495535714285714 0.49330357142857145 0.22544642857142858 0.23772321428571427
13 0.8950892857142857 0.28794642857142855 0.19754464285714285 0.22321428571428573
13 0.5758928571428571 0.9006696428571429 0.24553571428571427 0.19866071428571427
13 0.11941964285714286 0.8816964285714286 0.23772321428571427 0.23549107142857142
13 0.8895089285714286 0.8772321428571429 0.21651785714285715 0.24553571428571427
13 0.34263392857142855 0.8850446428571429 0.25223214285714285 0.22544642857142858