10 0.15736607142857142 0.20089285714285715 0.31473214285714285 0.4017857142857143
13 0.96875 0.37611607142857145 0.0625 0.22879464285714285
12 0.6841517857142857 0.025669642857142856 0.09375 0.05022321428571429
0 0.6808035714285714 0.34486607142857145 0.32254464285714285 0.4497767857142857
13 0.8660714285714286 0.30245535714285715 0.26674107142857145 0.26450892857142855
13 0.8917410714285714 0.4799107142857143 0.21651785714285715 0.18080357142857142
13 0.7433035714285714 0.13616071428571427 0.25223214285714285 0.25
13 0.8470982142857143 0.03571428571428571 0.27901785714285715 0.07142857142857142
13 0.9241071428571429 0.10379464285714286 0.15178571428571427 0.20647321428571427
13 0.14285714285714285 0.8571428571428571 0.2857142857142857 0.2857142857142857
12 0.4408482142857143 0.5948660714285714 0.09375 0.05022321428571429
13 0.11049107142857142 0.8995535714285714 0.22098214285714285 0.20089285714285715
12 0.23660714285714285 0.5926339285714286 0.06919642857142858 0.04575892857142857
13 0.12165178571428571 0.9464285714285714 0.24330357142857142 0.10714285714285714
0 0.3549107142857143 0.8783482142857143 0.32924107142857145 0.24330357142857142
13 0.4486607142857143 0.7120535714285714 0.14174107142857142 0.25
13 0.7522321428571429 0.9497767857142857 0.2935267857142857 0.10044642857142858
13 0.9140625 0.8928571428571429 0.171875 0.21428571428571427
13 0.8794642857142857 0.7645089285714286 0.23995535714285715 0.27901785714285715
12 0.9430803571428571 0.9475446428571429 0.109375 0.10491071428571429
6 0.6316964285714286 0.8805803571428571 0.22544642857142858 0.23772321428571427