8 0.38839285714285715 0.19419642857142858 0.08147321428571429 0.052455357142857144
8 0.5959821428571429 0.11941964285714286 0.07924107142857142 0.05803571428571429
8 0.8627232142857143 0.5111607142857143 0.07254464285714286 0.05022321428571429
8 0.46875 0.5691964285714286 0.08705357142857142 0.05803571428571429
12 0.18526785714285715 0.9743303571428571 0.04575892857142857 0.03125
12 0.11941964285714286 0.84375 0.03794642857142857 0.024553571428571428
12 0.22209821428571427 0.40066964285714285 0.033482142857142856 0.024553571428571428
12 0.044642857142857144 0.20758928571428573 0.04352678571428571 0.029017857142857144
12 0.6752232142857143 0.36160714285714285 0.04352678571428571 0.029017857142857144
12 0.7466517857142857 0.28794642857142855 0.029017857142857144 0.024553571428571428
12 0.6752232142857143 0.26339285714285715 0.029017857142857144 0.018973214285714284
12 0.6428571428571429 0.13392857142857142 0.024553571428571428 0.021205357142857144
12 0.7868303571428571 0.42299107142857145 0.018973214285714284 0.018973214285714284
12 0.8147321428571429 0.765625 0.024553571428571428 0.021205357142857144
12 0.09486607142857142 0.5 0.029017857142857144 0.024553571428571428
1 0.7366071428571429 0.49441964285714285 0.09151785714285714 0.07254464285714286
1 0.8761160714285714 0.11160714285714286 0.07254464285714286 0.07254464285714286
1 0.6540178571428571 0.31138392857142855 0.09598214285714286 0.06473214285714286
7 0.5044642857142857 0.5011160714285714 0.12053571428571429 0.09151785714285714
1 0.37723214285714285 0.9363839285714286 0.10602678571428571 0.07254464285714286