13 0.05133928571428571 0.9241071428571429 0.10267857142857142 0.14285714285714285
13 0.6462053571428571 0.7444196428571429 0.24330357142857142 0.23102678571428573
13 0.0625 0.6908482142857143 0.125 0.22544642857142858
13 0.13169642857142858 0.04017857142857143 0.26004464285714285 0.07924107142857142
13 0.9274553571428571 0.30357142857142855 0.14397321428571427 0.27120535714285715
13 0.9453125 0.9263392857142857 0.109375 0.14285714285714285
12 0.28348214285714285 0.23772321428571427 0.08370535714285714 0.07924107142857142
13 0.5814732142857143 0.11160714285714286 0.24330357142857142 0.21205357142857142
3 0.4966517857142857 0.49776785714285715 0.375 0.49330357142857145
13 0.9319196428571429 0.7421875 0.13616071428571427 0.22098214285714285
13 0.7745535714285714 0.875 0.24776785714285715 0.22321428571428573
13 0.7912946428571429 0.5647321428571429 0.25223214285714285 0.24330357142857142
13 0.4263392857142857 0.9375 0.22098214285714285 0.12053571428571429
13 0.40513392857142855 0.78125 0.21651785714285715 0.20647321428571427
13 0.19308035714285715 0.9330357142857143 0.23102678571428573 0.12946428571428573
13 0.7979910714285714 0.11607142857142858 0.23102678571428573 0.22879464285714285
13 0.7767857142857143 0.35267857142857145 0.20424107142857142 0.22098214285714285
13 0.21428571428571427 0.7466517857142857 0.20424107142857142 0.24330357142857142