9 0.21651785714285715 0.19419642857142858 0.4330357142857143 0.38839285714285715
3 0.32700892857142855 0.43973214285714285 0.4419642857142857 0.17745535714285715
13 0.6261160714285714 0.20089285714285715 0.15625 0.3247767857142857
6 0.8058035714285714 0.14620535714285715 0.38839285714285715 0.2924107142857143
13 0.7087053571428571 0.5100446428571429 0.25 0.03794642857142857
13 0.7979910714285714 0.38839285714285715 0.29799107142857145 0.2689732142857143
13 0.5948660714285714 0.4107142857142857 0.09375 0.23549107142857142
10 0.19419642857142858 0.7287946428571429 0.38839285714285715 0.39955357142857145
13 0.9006696428571429 0.9263392857142857 0.19866071428571427 0.14285714285714285
13 0.9308035714285714 0.8560267857142857 0.13839285714285715 0.21651785714285715
13 0.6194196428571429 0.5725446428571429 0.14174107142857142 0.08705357142857142
6 0.8113839285714286 0.6729910714285714 0.37723214285714285 0.28794642857142855
13 0.6205357142857143 0.7410714285714286 0.14397321428571427 0.24776785714285715