8 0.8214285714285714 0.5993303571428571 0.07254464285714286 0.052455357142857144
8 0.5022321428571429 0.8270089285714286 0.07254464285714286 0.05803571428571429
1 0.734375 0.5424107142857143 0.08147321428571429 0.0625
1 0.828125 0.515625 0.08147321428571429 0.06696428571428571
1 0.8839285714285714 0.27455357142857145 0.09151785714285714 0.05803571428571429
1 0.9274553571428571 0.16629464285714285 0.07700892857142858 0.0625
1 0.8169642857142857 0.19642857142857142 0.09151785714285714 0.0625
1 0.7209821428571429 0.21540178571428573 0.09151785714285714 0.0625
1 0.6183035714285714 0.21875 0.08147321428571429 0.06696428571428571
1 0.4955357142857143 0.20647321428571427 0.07700892857142858 0.06696428571428571
1 0.5502232142857143 0.15178571428571427 0.08705357142857142 0.060267857142857144
1 0.5323660714285714 0.09151785714285714 0.09598214285714286 0.06696428571428571
1 0.4419642857142857 0.10044642857142858 0.08147321428571429 0.07254464285714286
1 0.4095982142857143 0.20982142857142858 0.08705357142857142 0.06473214285714286
1 0.47433035714285715 0.29017857142857145 0.08705357142857142 0.06696428571428571
1 0.3169642857142857 0.33370535714285715 0.08147321428571429 0.06696428571428571
1 0.06808035714285714 0.26450892857142855 0.07700892857142858 0.06473214285714286
1 0.9464285714285714 0.7209821428571429 0.10714285714285714 0.08035714285714286
1 0.6417410714285714 0.8415178571428571 0.08147321428571429 0.06696428571428571
1 0.5680803571428571 0.7879464285714286 0.08147321428571429 0.06696428571428571
1 0.17075892857142858 0.6729910714285714 0.07700892857142858 0.060267857142857144
1 0.22209821428571427 0.8247767857142857 0.08705357142857142 0.06473214285714286
1 0.6964285714285714 0.37611607142857145 0.11272321428571429 0.07700892857142858
1 0.9486607142857143 0.35267857142857145 0.08928571428571429 0.05803571428571429
1 0.9285714285714286 0.41294642857142855 0.09375 0.0625
1 0.3716517857142857 0.11607142857142858 0.09151785714285714 0.07254464285714286
1 0.33816964285714285 0.9709821428571429 0.08928571428571429 0.05803571428571429
12 0.2544642857142857 0.7790178571428571 0.029017857142857144 0.024553571428571428
12 0.22321428571428573 0.7165178571428571 0.024553571428571428 0.018973214285714284
12 0.24776785714285715 0.703125 0.026785714285714284 0.018973214285714284
12 0.16294642857142858 0.8058035714285714 0.018973214285714284 0.018973214285714284
12 0.07254464285714286 0.7198660714285714 0.024553571428571428 0.016741071428571428
12 0.03125 0.6774553571428571 0.018973214285714284 0.018973214285714284
12 0.2611607142857143 0.5993303571428571 0.026785714285714284 0.024553571428571428
12 0.5993303571428571 0.7142857142857143 0.024553571428571428 0.014508928571428572
12 0.7991071428571429 0.8627232142857143 0.029017857142857144 0.018973214285714284
12 0.8470982142857143 0.8861607142857143 0.029017857142857144 0.024553571428571428
12 0.8738839285714286 0.44308035714285715 0.03794642857142857 0.029017857142857144
12 0.8772321428571429 0.47098214285714285 0.029017857142857144 0.018973214285714284
12 0.9017857142857143 0.21875 0.03125 0.03125
12 0.5580357142857143 0.20535714285714285 0.029017857142857144 0.021205357142857144
12 0.27455357142857145 0.012276785714285714 0.024553571428571428 0.018973214285714284