7 0.5959821428571429 0.5591517857142857 0.08705357142857142 0.11272321428571429
7 0.6339285714285714 0.46875 0.09151785714285714 0.11495535714285714
7 0.3314732142857143 0.13839285714285715 0.09598214285714286 0.12053571428571429
17 0.6116071428571429 0.09709821428571429 0.08705357142857142 0.125
17 0.9341517857142857 0.8616071428571429 0.09151785714285714 0.12053571428571429
17 0.9475446428571429 0.5323660714285714 0.08147321428571429 0.11049107142857142
7 0.8337053571428571 0.30580357142857145 0.09151785714285714 0.11830357142857142
7 0.15290178571428573 0.7924107142857143 0.07700892857142858 0.11272321428571429
7 0.23995535714285715 0.8582589285714286 0.07700892857142858 0.11272321428571429
11 0.5011160714285714 0.4654017857142857 0.09598214285714286 0.11272321428571429
11 0.38504464285714285 0.8470982142857143 0.09821428571428571 0.11272321428571429
12 0.671875 0.14174107142857142 0.03794642857142857 0.052455357142857144
12 0.5970982142857143 0.7912946428571429 0.024553571428571428 0.04352678571428571
18 0.2924107142857143 0.7979910714285714 0.05580357142857143 0.10602678571428571
17 0.5145089285714286 0.31026785714285715 0.08928571428571429 0.125
18 0.8772321428571429 0.6194196428571429 0.09151785714285714 0.12053571428571429
11 0.12053571428571429 0.4029017857142857 0.09821428571428571 0.10379464285714286