13 0.5290178571428571 0.515625 0.09151785714285714 0.07700892857142858
13 0.5904017857142857 0.5647321428571429 0.09151785714285714 0.06696428571428571
13 0.5881696428571429 0.4497767857142857 0.11272321428571429 0.07700892857142858
13 0.43861607142857145 0.43191964285714285 0.08705357142857142 0.0625
1 0.27455357142857145 0.20982142857142858 0.09151785714285714 0.06696428571428571
1 0.578125 0.2533482142857143 0.09375 0.07700892857142858
1 0.8325892857142857 0.8270089285714286 0.09821428571428571 0.07700892857142858
1 0.9720982142857143 0.7957589285714286 0.052455357142857144 0.07700892857142858
1 0.3091517857142857 0.052455357142857144 0.08370535714285714 0.07700892857142858
13 0.8292410714285714 0.07366071428571429 0.11272321428571429 0.07700892857142858
11 0.09375 0.7544642857142857 0.11272321428571429 0.07700892857142858
13 0.06473214285714286 0.859375 0.11272321428571429 0.07924107142857142
13 0.24107142857142858 0.78125 0.11272321428571429 0.07924107142857142
13 0.25223214285714285 0.7075892857142857 0.11272321428571429 0.07700892857142858
15 0.12723214285714285 0.9564732142857143 0.09151785714285714 0.07254464285714286
13 0.04241071428571429 0.9408482142857143 0.08147321428571429 0.07700892857142858
13 0.29799107142857145 0.9698660714285714 0.08147321428571429 0.060267857142857144
13 0.36495535714285715 0.9207589285714286 0.08370535714285714 0.07254464285714286
15 0.48214285714285715 0.9520089285714286 0.08705357142857142 0.0625
13 0.48549107142857145 0.9073660714285714 0.11272321428571429 0.07700892857142858
13 0.41183035714285715 0.7555803571428571 0.08705357142857142 0.07700892857142858
1 0.4486607142857143 0.3560267857142857 0.11272321428571429 0.07700892857142858
13 0.609375 0.6506696428571429 0.09821428571428571 0.06473214285714286
1 0.7243303571428571 0.7488839285714286 0.09598214285714286 0.06696428571428571
13 0.6852678571428571 0.8191964285714286 0.11272321428571429 0.07924107142857142
13 0.6696428571428571 0.9196428571428571 0.08705357142857142 0.07477678571428571
13 0.5915178571428571 0.9363839285714286 0.11272321428571429 0.07700892857142858
13 0.6651785714285714 0.9732142857142857 0.11272321428571429 0.052455357142857144
15 0.8549107142857143 0.703125 0.11272321428571429 0.07924107142857142
13 0.8113839285714286 0.6417410714285714 0.10044642857142858 0.06696428571428571
13 0.84375 0.5848214285714286 0.09151785714285714 0.07700892857142858
13 0.9654017857142857 0.6428571428571429 0.06919642857142858 0.07924107142857142
13 0.9408482142857143 0.5625 0.08705357142857142 0.06696428571428571
15 0.9631696428571429 0.46316964285714285 0.07366071428571429 0.078125
13 0.84375 0.4252232142857143 0.11272321428571429 0.07700892857142858
13 0.8470982142857143 0.36830357142857145 0.11272321428571429 0.07700892857142858
13 0.7779017857142857 0.35825892857142855 0.11272321428571429 0.07700892857142858
15 0.9397321428571429 0.31026785714285715 0.08705357142857142 0.06473214285714286
13 0.6785714285714286 0.40848214285714285 0.09598214285714286 0.06473214285714286
11 0.8180803571428571 0.27232142857142855 0.09151785714285714 0.07700892857142858
15 0.8839285714285714 0.22098214285714285 0.09598214285714286 0.060267857142857144
15 0.9319196428571429 0.20200892857142858 0.07700892857142858 0.0625
13 0.9497767857142857 0.15066964285714285 0.10044642857142858 0.07700892857142858
13 0.9006696428571429 0.12388392857142858 0.11272321428571429 0.07700892857142858
13 0.9620535714285714 0.09709821428571429 0.07589285714285714 0.078125
15 0.9464285714285714 0.03125 0.10714285714285714 0.0625
1 0.7243303571428571 0.8727678571428571 0.09151785714285714 0.07700892857142858
13 0.8738839285714286 0.9698660714285714 0.11272321428571429 0.060267857142857144
13 0.96875 0.9174107142857143 0.0625 0.07924107142857142
13 0.9453125 0.9765625 0.109375 0.046875
1 0.7901785714285714 0.49441964285714285 0.11272321428571429 0.07700892857142858
13 0.9732142857142857 0.36830357142857145 0.052455357142857144 0.0625
13 0.7901785714285714 0.15178571428571427 0.11272321428571429 0.07700892857142858
15 0.6986607142857143 0.11049107142857142 0.11272321428571429 0.07700892857142858
15 0.7377232142857143 0.08928571428571429 0.11272321428571429 0.07700892857142858
13 0.7924107142857143 0.026785714285714284 0.11272321428571429 0.052455357142857144
13 0.65625 0.19754464285714285 0.11272321428571429 0.07700892857142858
13 0.6194196428571429 0.11049107142857142 0.11272321428571429 0.07700892857142858
15 0.5825892857142857 0.05357142857142857 0.09151785714285714 0.0625
15 0.5435267857142857 0.03236607142857143 0.08705357142857142 0.06473214285714286
13 0.5189732142857143 0.19754464285714285 0.11272321428571429 0.07700892857142858
13 0.4888392857142857 0.12053571428571429 0.11272321428571429 0.07700892857142858
13 0.42075892857142855 0.15066964285714285 0.11272321428571429 0.07700892857142858
13 0.47098214285714285 0.25558035714285715 0.11272321428571429 0.07700892857142858
13 0.5290178571428571 0.36049107142857145 0.11272321428571429 0.07700892857142858
13 0.3872767857142857 0.3325892857142857 0.11272321428571429 0.07700892857142858
13 0.30357142857142855 0.28794642857142855 0.11272321428571429 0.07700892857142858
13 0.4810267857142857 0.026785714285714284 0.11272321428571429 0.052455357142857144
13 0.39732142857142855 0.026785714285714284 0.11272321428571429 0.052455357142857144
13 0.13616071428571427 0.03571428571428571 0.11160714285714286 0.07142857142857142
13 0.056919642857142856 0.04241071428571429 0.11272321428571429 0.07700892857142858
13 0.17299107142857142 0.23325892857142858 0.11272321428571429 0.07700892857142858
15 0.04575892857142857 0.21875 0.09151785714285714 0.07700892857142858
13 0.04799107142857143 0.13727678571428573 0.09598214285714286 0.07700892857142858
15 0.14397321428571427 0.328125 0.09821428571428571 0.06696428571428571
13 0.19977678571428573 0.34375 0.11272321428571429 0.07700892857142858
13 0.26450892857142855 0.35044642857142855 0.11272321428571429 0.07700892857142858
15 0.29129464285714285 0.44642857142857145 0.09151785714285714 0.0625
11 0.23660714285714285 0.4497767857142857 0.09598214285714286 0.06473214285714286
13 0.29799107142857145 0.49107142857142855 0.08705357142857142 0.06473214285714286
8 0.23214285714285715 0.5100446428571429 0.08705357142857142 0.0625
11 0.16517857142857142 0.47433035714285715 0.11272321428571429 0.07700892857142858
13 0.15066964285714285 0.5669642857142857 0.11272321428571429 0.07700892857142858
11 0.3325892857142857 0.5904017857142857 0.11272321428571429 0.07700892857142858
13 0.19977678571428573 0.6551339285714286 0.11272321428571429 0.07700892857142858
15 0.09598214285714286 0.6450892857142857 0.07700892857142858 0.0625
13 0.027901785714285716 0.6316964285714286 0.052455357142857144 0.07477678571428571
13 0.06584821428571429 0.5435267857142857 0.11272321428571429 0.07700892857142858
13 0.04352678571428571 0.5167410714285714 0.08705357142857142 0.07700892857142858
13 0.05022321428571429 0.3560267857142857 0.10044642857142858 0.07700892857142858
13 0.36607142857142855 0.8091517857142857 0.11272321428571429 0.07700892857142858
13 0.44642857142857145 0.6294642857142857 0.11272321428571429 0.07700892857142858
1 0.6629464285714286 0.5926339285714286 0.10044642857142858 0.07700892857142858
1 0.7377232142857143 0.6551339285714286 0.11272321428571429 0.07924107142857142
1 0.44642857142857145 0.4955357142857143 0.09151785714285714 0.07477678571428571
1 0.07700892857142858 0.46763392857142855 0.11272321428571429 0.07700892857142858
13 0.9118303571428571 0.8783482142857143 0.08705357142857142 0.06473214285714286
8 0.7053571428571429 0.5011160714285714 0.08370535714285714 0.07700892857142858
8 0.2845982142857143 0.6372767857142857 0.11272321428571429 0.07700892857142858
11 0.5502232142857143 0.734375 0.11272321428571429 0.07700892857142858
11 0.5837053571428571 0.7209821428571429 0.07700892857142858 0.07700892857142858
11 0.060267857142857144 0.8013392857142857 0.11272321428571429 0.07700892857142858
15 0.8649553571428571 0.7310267857142857 0.08705357142857142 0.06919642857142858
13 0.8772321428571429 0.5189732142857143 0.11272321428571429 0.07700892857142858
13 0.7522321428571429 0.8113839285714286 0.09598214285714286 0.06919642857142858
15 0.6272321428571429 0.3125 0.11272321428571429 0.07700892857142858
13 0.31026785714285715 0.7544642857142857 0.11272321428571429 0.07700892857142858
13 0.6819196428571429 0.33816964285714285 0.11272321428571429 0.07700892857142858
11 0.13950892857142858 0.8292410714285714 0.11272321428571429 0.07924107142857142
11 0.5345982142857143 0.8058035714285714 0.11272321428571429 0.07700892857142858
8 0.09263392857142858 0.17075892857142858 0.09375 0.07700892857142858
13 0.2935267857142857 0.11495535714285714 0.11272321428571429 0.07700892857142858
8 0.24888392857142858 0.029017857142857144 0.11272321428571429 0.05803571428571429
13 0.38392857142857145 0.6919642857142857 0.11272321428571429 0.07700892857142858
1 0.49330357142857145 0.6819196428571429 0.09598214285714286 0.07477678571428571
13 0.21875 0.5792410714285714 0.11272321428571429 0.07700892857142858
1 0.10267857142857142 0.2700892857142857 0.11272321428571429 0.07700892857142858
8 0.31026785714285715 0.8794642857142857 0.09151785714285714 0.06696428571428571
11 0.5301339285714286 0.8582589285714286 0.08705357142857142 0.06696428571428571
15 0.6595982142857143 0.4375 0.07700892857142858 0.052455357142857144
15 0.21651785714285715 0.10825892857142858 0.08370535714285714 0.0625
15 0.20647321428571427 0.140625 0.08705357142857142 0.06696428571428571
15 0.21540178571428573 0.8694196428571429 0.09598214285714286 0.06696428571428571
15 0.4341517857142857 0.8292410714285714 0.09151785714285714 0.06473214285714286
15 0.9029017857142857 0.3247767857142857 0.08370535714285714 0.07254464285714286
13 0.4799107142857143 0.4017857142857143 0.08147321428571429 0.06696428571428571
15 0.13058035714285715 0.6272321428571429 0.08147321428571429 0.06696428571428571
13 0.28794642857142855 0.828125 0.10602678571428571 0.06473214285714286