17 0.6049107142857143 0.5290178571428571 0.12723214285714285 0.08928571428571429
17 0.7678571428571429 0.2857142857142857 0.11495535714285714 0.10044642857142858
17 0.8392857142857143 0.21205357142857142 0.12723214285714285 0.09598214285714286
17 0.8861607142857143 0.49776785714285715 0.11049107142857142 0.10044642857142858
17 0.2779017857142857 0.9196428571428571 0.11495535714285714 0.08705357142857142
17 0.24330357142857142 0.2779017857142857 0.11495535714285714 0.08928571428571429
17 0.08705357142857142 0.4497767857142857 0.125 0.08147321428571429
17 0.18973214285714285 0.06919642857142858 0.10602678571428571 0.08705357142857142
17 0.44754464285714285 0.8895089285714286 0.12053571428571429 0.08370535714285714
5 0.7745535714285714 0.45424107142857145 0.11830357142857142 0.10044642857142858
7 0.5446428571428571 0.31808035714285715 0.11272321428571429 0.08147321428571429
13 0.6741071428571429 0.5982142857142857 0.10602678571428571 0.07700892857142858
13 0.6662946428571429 0.875 0.11272321428571429 0.08147321428571429
7 0.25111607142857145 0.19084821428571427 0.11495535714285714 0.08147321428571429
17 0.9520089285714286 0.39620535714285715 0.09598214285714286 0.09598214285714286
12 0.46875 0.796875 0.03794642857142857 0.029017857142857144
11 0.22544642857142858 0.7790178571428571 0.12946428571428573 0.07254464285714286
13 0.15513392857142858 0.7779017857142857 0.10044642857142858 0.07700892857142858
12 0.2924107142857143 0.5513392857142857 0.03794642857142857 0.029017857142857144
12 0.5245535714285714 0.45200892857142855 0.04799107142857143 0.03125
14 0.14174107142857142 0.8526785714285714 0.08928571428571429 0.07924107142857142