17 0.4408482142857143 0.9352678571428571 0.11049107142857142 0.08705357142857142
17 0.5714285714285714 0.9386160714285714 0.11272321428571429 0.07700892857142858
17 0.5625 0.7176339285714286 0.11272321428571429 0.09151785714285714
17 0.8694196428571429 0.6205357142857143 0.11272321428571429 0.07700892857142858
7 0.34598214285714285 0.9029017857142857 0.12053571428571429 0.09821428571428571
7 0.3091517857142857 0.20870535714285715 0.11495535714285714 0.08147321428571429
7 0.47098214285714285 0.21763392857142858 0.12053571428571429 0.09151785714285714
7 0.4720982142857143 0.5502232142857143 0.11272321428571429 0.07700892857142858
7 0.5569196428571429 0.48549107142857145 0.12946428571428573 0.08705357142857142
17 0.38839285714285715 0.6138392857142857 0.11495535714285714 0.08928571428571429
17 0.12165178571428571 0.23325892857142858 0.11049107142857142 0.08928571428571429
13 0.8158482142857143 0.7388392857142857 0.11049107142857142 0.08928571428571429
13 0.7511160714285714 0.8783482142857143 0.11049107142857142 0.09375
13 0.7299107142857143 0.7912946428571429 0.11272321428571429 0.08928571428571429
13 0.2935267857142857 0.7834821428571429 0.12276785714285714 0.10044642857142858
13 0.049107142857142856 0.9229910714285714 0.09151785714285714 0.07924107142857142
13 0.044642857142857144 0.8448660714285714 0.08928571428571429 0.08928571428571429
13 0.6696428571428571 0.47767857142857145 0.10602678571428571 0.08370535714285714