15 0.8727678571428571 0.24888392857142858 0.07254464285714286 0.07700892857142858
15 0.7098214285714286 0.3861607142857143 0.08705357142857142 0.05803571428571429
15 0.5982142857142857 0.49441964285714285 0.07477678571428571 0.060267857142857144
15 0.26674107142857145 0.43526785714285715 0.07700892857142858 0.06696428571428571
13 0.18638392857142858 0.421875 0.08705357142857142 0.06696428571428571
13 0.7276785714285714 0.7689732142857143 0.10044642857142858 0.07477678571428571
17 0.9118303571428571 0.8136160714285714 0.09375 0.07477678571428571
17 0.828125 0.8180803571428571 0.09821428571428571 0.07477678571428571
17 0.8973214285714286 0.5558035714285714 0.09598214285714286 0.07254464285714286
17 0.7957589285714286 0.5725446428571429 0.09598214285714286 0.07700892857142858
17 0.9252232142857143 0.06919642857142858 0.11272321428571429 0.07700892857142858
17 0.7020089285714286 0.05580357142857143 0.11272321428571429 0.07700892857142858
17 0.5647321428571429 0.27455357142857145 0.10602678571428571 0.07254464285714286
17 0.5535714285714286 0.6361607142857143 0.11272321428571429 0.07700892857142858
17 0.45424107142857145 0.6462053571428571 0.09598214285714286 0.06696428571428571
17 0.5323660714285714 0.7165178571428571 0.09151785714285714 0.07700892857142858
17 0.6272321428571429 0.7064732142857143 0.09151785714285714 0.05803571428571429
17 0.5926339285714286 0.7834821428571429 0.10044642857142858 0.06473214285714286
17 0.5089285714285714 0.8337053571428571 0.11272321428571429 0.07700892857142858
17 0.5892857142857143 0.8716517857142857 0.09821428571428571 0.07700892857142858
17 0.6997767857142857 0.8426339285714286 0.10602678571428571 0.07700892857142858
17 0.6540178571428571 0.9430803571428571 0.11272321428571429 0.07924107142857142
17 0.7488839285714286 0.9631696428571429 0.11383928571428571 0.07366071428571429
17 0.8325892857142857 0.9084821428571429 0.09821428571428571 0.07700892857142858
17 0.8549107142857143 0.9698660714285714 0.11272321428571429 0.060267857142857144
17 0.5535714285714286 0.9654017857142857 0.11272321428571429 0.06919642857142858
17 0.25892857142857145 0.9698660714285714 0.11272321428571429 0.060267857142857144
17 0.15625 0.9654017857142857 0.11272321428571429 0.06919642857142858
17 0.18191964285714285 0.7868303571428571 0.09821428571428571 0.06696428571428571
17 0.3125 0.7991071428571429 0.11272321428571429 0.07700892857142858
17 0.03459821428571429 0.6875 0.06696428571428571 0.07924107142857142
17 0.078125 0.4263392857142857 0.10044642857142858 0.08705357142857142
17 0.09486607142857142 0.31026785714285715 0.09598214285714286 0.07254464285714286
17 0.19754464285714285 0.5714285714285714 0.09151785714285714 0.07700892857142858
17 0.15959821428571427 0.6506696428571429 0.07700892857142858 0.05803571428571429
17 0.24107142857142858 0.21986607142857142 0.09151785714285714 0.06696428571428571
17 0.06584821428571429 0.14955357142857142 0.10044642857142858 0.07700892857142858
17 0.14397321428571427 0.22209821428571427 0.10825892857142858 0.06696428571428571
17 0.07589285714285714 0.04352678571428571 0.10379464285714286 0.07700892857142858
17 0.13727678571428573 0.056919642857142856 0.09598214285714286 0.0625
17 0.4029017857142857 0.06584821428571429 0.09151785714285714 0.07700892857142858
17 0.33370535714285715 0.025669642857142856 0.10044642857142858 0.05022321428571429
17 0.5011160714285714 0.07254464285714286 0.09598214285714286 0.07924107142857142
17 0.43973214285714285 0.13616071428571427 0.09598214285714286 0.06696428571428571
17 0.5792410714285714 0.10491071428571429 0.10044642857142858 0.07700892857142858
17 0.59375 0.203125 0.10602678571428571 0.07700892857142858
17 0.9285714285714286 0.46986607142857145 0.09821428571428571 0.07700892857142858
14 0.28348214285714285 0.6808035714285714 0.07700892857142858 0.0625
14 0.21986607142857142 0.8917410714285714 0.08705357142857142 0.07700892857142858
17 0.029017857142857144 0.5412946428571429 0.05803571428571429 0.07700892857142858
17 0.021205357142857144 0.6071428571428571 0.04241071428571429 0.07589285714285714
15 0.05133928571428571 0.24665178571428573 0.07700892857142858 0.05803571428571429
15 0.7131696428571429 0.27455357142857145 0.10602678571428571 0.07477678571428571
14 0.7946428571428571 0.12611607142857142 0.08370535714285714 0.06919642857142858
8 0.9620535714285714 0.859375 0.07589285714285714 0.06696428571428571
14 0.7176339285714286 0.8861607142857143 0.08147321428571429 0.05803571428571429
5 0.31026785714285715 0.9107142857142857 0.11272321428571429 0.07924107142857142
17 0.026785714285714284 0.9274553571428571 0.052455357142857144 0.07700892857142858
8 0.26785714285714285 0.5669642857142857 0.06696428571428571 0.07700892857142858
17 0.9520089285714286 0.671875 0.09598214285714286 0.07700892857142858
17 0.44308035714285715 0.9363839285714286 0.11272321428571429 0.07700892857142858
14 0.24776785714285715 0.029017857142857144 0.07924107142857142 0.05803571428571429
17 0.7912946428571429 0.23325892857142858 0.09598214285714286 0.07254464285714286
15 0.3560267857142857 0.8616071428571429 0.07700892857142858 0.05803571428571429