13 0.24888392857142858 0.36830357142857145 0.21428571428571427 0.3125
13 0.9654017857142857 0.7678571428571429 0.06473214285714286 0.23325892857142858
12 0.16741071428571427 0.5691964285714286 0.05580357142857143 0.05580357142857143
13 0.7488839285714286 0.9832589285714286 0.24330357142857142 0.033482142857142856
13 0.07366071428571429 0.9542410714285714 0.14620535714285715 0.09151785714285714
13 0.9430803571428571 0.5200892857142857 0.10825892857142858 0.26450892857142855
13 0.20424107142857142 0.04575892857142857 0.2689732142857143 0.09151785714285714
13 0.12165178571428571 0.45200892857142855 0.23549107142857142 0.26450892857142855
13 0.07142857142857142 0.6830357142857143 0.14174107142857142 0.25223214285714285
13 0.7845982142857143 0.6060267857142857 0.23549107142857142 0.25223214285714285
13 0.8136160714285714 0.10267857142857142 0.24553571428571427 0.20424107142857142
13 0.47879464285714285 0.07589285714285714 0.2544642857142857 0.15178571428571427
13 0.49107142857142855 0.9363839285714286 0.24330357142857142 0.12276785714285714
0 0.4966517857142857 0.5200892857142857 0.4810267857142857 0.49776785714285715
13 0.6875 0.8381696428571429 0.22544642857142858 0.23772321428571427
13 0.6529017857142857 0.2779017857142857 0.23995535714285715 0.20424107142857142
12 0.8292410714285714 0.9441964285714286 0.07924107142857142 0.07700892857142858