14 0.6462053571428571 0.24107142857142858 0.060267857142857144 0.08928571428571429
14 0.18415178571428573 0.42410714285714285 0.06473214285714286 0.05803571428571429
14 0.9252232142857143 0.22544642857142858 0.05022321428571429 0.07477678571428571
14 0.6395089285714286 0.42299107142857145 0.06473214285714286 0.08370535714285714
14 0.5189732142857143 0.6060267857142857 0.06919642857142858 0.10602678571428571
14 0.34598214285714285 0.7444196428571429 0.08928571428571429 0.08928571428571429
14 0.34486607142857145 0.40736607142857145 0.07924107142857142 0.08705357142857142
14 0.07254464285714286 0.09486607142857142 0.052455357142857144 0.07477678571428571
14 0.021205357142857144 0.29464285714285715 0.04241071428571429 0.05803571428571429
14 0.17522321428571427 0.9542410714285714 0.05580357142857143 0.06473214285714286
14 0.28683035714285715 0.8560267857142857 0.0625 0.08705357142857142
19 0.6037946428571429 0.8415178571428571 0.11049107142857142 0.16294642857142858
2 0.25 0.703125 0.06696428571428571 0.12053571428571429
2 0.21540178571428573 0.16183035714285715 0.07477678571428571 0.13504464285714285
2 0.16294642857142858 0.19977678571428573 0.09598214285714286 0.07477678571428571
2 0.5915178571428571 0.4419642857142857 0.06919642857142858 0.12053571428571429
2 0.9598214285714286 0.5279017857142857 0.07924107142857142 0.07924107142857142
13 0.17857142857142858 0.48549107142857145 0.07477678571428571 0.09151785714285714
2 0.3939732142857143 0.296875 0.11495535714285714 0.06919642857142858
13 0.049107142857142856 0.40401785714285715 0.08928571428571429 0.10602678571428571
18 0.8883928571428571 0.15066964285714285 0.09151785714285714 0.09151785714285714
2 0.6584821428571429 0.6752232142857143 0.09151785714285714 0.07477678571428571