17 0.4575892857142857 0.8247767857142857 0.07924107142857142 0.08928571428571429
17 0.15625 0.8872767857142857 0.08147321428571429 0.08928571428571429
17 0.28794642857142855 0.7120535714285714 0.06696428571428571 0.08147321428571429
17 0.7388392857142857 0.6350446428571429 0.06919642857142858 0.09375
17 0.8180803571428571 0.7924107142857143 0.06696428571428571 0.10044642857142858
17 0.7946428571428571 0.9341517857142857 0.06696428571428571 0.08928571428571429
17 0.8883928571428571 0.9352678571428571 0.06473214285714286 0.08928571428571429
17 0.3080357142857143 0.03459821428571429 0.08147321428571429 0.06919642857142858
17 0.13950892857142858 0.08816964285714286 0.07254464285714286 0.08705357142857142
17 0.45089285714285715 0.37276785714285715 0.07700892857142858 0.07477678571428571
16 0.9665178571428571 0.9665178571428571 0.06696428571428571 0.06696428571428571
11 0.7399553571428571 0.3638392857142857 0.060267857142857144 0.09598214285714286
8 0.5625 0.9252232142857143 0.0625 0.06919642857142858
13 0.12834821428571427 0.4642857142857143 0.07254464285714286 0.09598214285714286
13 0.5301339285714286 0.6450892857142857 0.0625 0.08705357142857142
11 0.7477678571428571 0.046875 0.06696428571428571 0.09151785714285714
11 0.10379464285714286 0.36049107142857145 0.060267857142857144 0.10044642857142858
11 0.24553571428571427 0.6183035714285714 0.06696428571428571 0.09821428571428571
11 0.45982142857142855 0.7254464285714286 0.07700892857142858 0.10044642857142858
13 0.5279017857142857 0.8169642857142857 0.06473214285714286 0.08928571428571429
16 0.9520089285714286 0.8136160714285714 0.06696428571428571 0.10044642857142858
5 0.6294642857142857 0.5223214285714286 0.07477678571428571 0.09151785714285714
11 0.47544642857142855 0.20089285714285715 0.06473214285714286 0.09598214285714286
16 0.65625 0.9575892857142857 0.09151785714285714 0.08147321428571429
11 0.9040178571428571 0.45089285714285715 0.0625 0.11049107142857142
16 0.31361607142857145 0.5725446428571429 0.06696428571428571 0.11049107142857142
17 0.42299107142857145 0.9040178571428571 0.06696428571428571 0.08705357142857142
13 0.43526785714285715 0.6060267857142857 0.06696428571428571 0.08147321428571429