13 0.984375 0.11607142857142858 0.03125 0.23214285714285715
13 0.25558035714285715 0.125 0.17299107142857142 0.21651785714285715
13 0.030133928571428572 0.07142857142857142 0.060267857142857144 0.14174107142857142
13 0.671875 0.9575892857142857 0.24553571428571427 0.08370535714285714
12 0.36607142857142855 0.24776785714285715 0.10044642857142858 0.08928571428571429
13 0.6316964285714286 0.8002232142857143 0.22544642857142858 0.22098214285714285
13 0.9196428571428571 0.26785714285714285 0.16071428571428573 0.22098214285714285
13 0.6194196428571429 0.203125 0.2622767857142857 0.17299107142857142
13 0.16964285714285715 0.15066964285714285 0.21651785714285715 0.22879464285714285
6 0.49441964285714285 0.484375 0.4107142857142857 0.40401785714285715
13 0.33370535714285715 0.8136160714285714 0.25223214285714285 0.25
13 0.8035714285714286 0.4799107142857143 0.22098214285714285 0.23102678571428573
13 0.8180803571428571 0.8448660714285714 0.23102678571428573 0.19419642857142858
13 0.7678571428571429 0.296875 0.18080357142857142 0.17745535714285715