7 0.5167410714285714 0.8381696428571429 0.11272321428571429 0.07700892857142858
13 0.3950892857142857 0.8660714285714286 0.11272321428571429 0.07924107142857142
11 0.6763392857142857 0.8303571428571429 0.08370535714285714 0.07254464285714286
11 0.8191964285714286 0.7834821428571429 0.11272321428571429 0.07924107142857142
18 0.23883928571428573 0.45200892857142855 0.11272321428571429 0.07700892857142858
18 0.6283482142857143 0.47544642857142855 0.08705357142857142 0.07924107142857142
18 0.8604910714285714 0.3002232142857143 0.10044642857142858 0.06696428571428571
13 0.48549107142857145 0.3247767857142857 0.11272321428571429 0.07700892857142858
11 0.7611607142857143 0.20200892857142858 0.10044642857142858 0.05803571428571429
11 0.8470982142857143 0.06808035714285714 0.11049107142857142 0.07477678571428571
13 0.8091517857142857 0.4497767857142857 0.11272321428571429 0.07700892857142858
11 0.6785714285714286 0.59375 0.11272321428571429 0.07700892857142858
8 0.6685267857142857 0.5379464285714286 0.11272321428571429 0.07700892857142858
11 0.7165178571428571 0.6908482142857143 0.11272321428571429 0.07700892857142858
13 0.6127232142857143 0.765625 0.11272321428571429 0.07700892857142858
11 0.19196428571428573 0.7566964285714286 0.11272321428571429 0.07924107142857142
11 0.13727678571428573 0.8024553571428571 0.11272321428571429 0.07700892857142858
13 0.37723214285714285 0.7979910714285714 0.11272321428571429 0.07700892857142858
13 0.4575892857142857 0.7600446428571429 0.11272321428571429 0.07700892857142858
13 0.9185267857142857 0.9486607142857143 0.11272321428571429 0.07924107142857142
13 0.37276785714285715 0.6395089285714286 0.11272321428571429 0.07700892857142858
11 0.6026785714285714 0.34486607142857145 0.11272321428571429 0.07700892857142858
13 0.8973214285714286 0.43638392857142855 0.11272321428571429 0.07700892857142858
11 0.25223214285714285 0.17745535714285715 0.11272321428571429 0.07700892857142858
13 0.5089285714285714 0.17522321428571427 0.11272321428571429 0.07700892857142858
7 0.21875 0.8493303571428571 0.11272321428571429 0.07924107142857142
13 0.5904017857142857 0.9352678571428571 0.11272321428571429 0.07924107142857142
12 0.06473214285714286 0.484375 0.04352678571428571 0.03571428571428571
12 0.22433035714285715 0.5558035714285714 0.052455357142857144 0.033482142857142856
12 0.033482142857142856 0.14285714285714285 0.04799107142857143 0.033482142857142856
1 0.05357142857142857 0.10379464285714286 0.10714285714285714 0.06473214285714286
1 0.6361607142857143 0.26450892857142855 0.10044642857142858 0.07477678571428571
14 0.6629464285714286 0.06138392857142857 0.11495535714285714 0.0625
7 0.6049107142857143 0.07254464285714286 0.09821428571428571 0.08370535714285714
12 0.8225446428571429 0.5904017857142857 0.09821428571428571 0.08705357142857142
12 0.45535714285714285 0.5513392857142857 0.04352678571428571 0.029017857142857144
1 0.4174107142857143 0.4642857142857143 0.08147321428571429 0.08705357142857142
18 0.38950892857142855 0.16629464285714285 0.09151785714285714 0.09598214285714286