13 0.056919642857142856 0.03794642857142857 0.11383928571428571 0.07589285714285714
13 0.03571428571428571 0.2779017857142857 0.07142857142857142 0.27901785714285715
13 0.23214285714285715 0.26674107142857145 0.21428571428571427 0.26004464285714285
13 0.20647321428571427 0.09709821428571429 0.26450892857142855 0.19419642857142858
0 0.16964285714285715 0.44419642857142855 0.3392857142857143 0.32700892857142855
13 0.8649553571428571 0.5970982142857143 0.2544642857142857 0.021205357142857144
13 0.8482142857142857 0.04799107142857143 0.26450892857142855 0.09598214285714286
13 0.3705357142857143 0.43191964285714285 0.0625 0.30580357142857145
12 0.375 0.03571428571428571 0.07589285714285714 0.07142857142857142
13 0.7064732142857143 0.48549107142857145 0.2935267857142857 0.24553571428571427
0 0.6763392857142857 0.22879464285714285 0.4732142857142857 0.4564732142857143
13 0.5044642857142857 0.5926339285714286 0.26450892857142855 0.03125
13 0.48214285714285715 0.48660714285714285 0.2857142857142857 0.24330357142857142
13 0.9196428571428571 0.23102678571428573 0.16071428571428573 0.23995535714285715
13 0.5435267857142857 0.030133928571428572 0.27901785714285715 0.060267857142857144
13 0.9151785714285714 0.5 0.16964285714285715 0.21428571428571427
13 0.42857142857142855 0.23660714285714285 0.18080357142857142 0.23325892857142858
9 0.28236607142857145 0.7299107142857143 0.11272321428571429 0.24330357142857142
9 0.7533482142857143 0.8035714285714286 0.49330357142857145 0.39174107142857145