13 0.8169642857142857 0.11830357142857142 0.06696428571428571 0.08705357142857142
5 0.15178571428571427 0.6316964285714286 0.060267857142857144 0.08370535714285714
5 0.4575892857142857 0.6305803571428571 0.07477678571428571 0.07700892857142858
16 0.7935267857142857 0.04017857142857143 0.07700892857142858 0.07924107142857142
16 0.7600446428571429 0.19308035714285715 0.06919642857142858 0.10044642857142858
16 0.5837053571428571 0.171875 0.07254464285714286 0.09151785714285714
16 0.6272321428571429 0.27455357142857145 0.07254464285714286 0.09821428571428571
16 0.484375 0.21540178571428573 0.06696428571428571 0.09151785714285714
16 0.5044642857142857 0.48325892857142855 0.07254464285714286 0.10044642857142858
16 0.7823660714285714 0.734375 0.07700892857142858 0.09598214285714286
16 0.7924107142857143 0.875 0.07700892857142858 0.11272321428571429
16 0.8225446428571429 0.9598214285714286 0.06696428571428571 0.07924107142857142
16 0.6886160714285714 0.9263392857142857 0.06696428571428571 0.09151785714285714
16 0.9709821428571429 0.6930803571428571 0.05803571428571429 0.10044642857142858
16 0.43638392857142855 0.7232142857142857 0.06696428571428571 0.09375
16 0.3627232142857143 0.7165178571428571 0.06696428571428571 0.09375
16 0.23660714285714285 0.8091517857142857 0.06919642857142858 0.10379464285714286
16 0.45200892857142855 0.9542410714285714 0.06919642857142858 0.09151785714285714
16 0.12946428571428573 0.8102678571428571 0.06919642857142858 0.09598214285714286
16 0.20200892857142858 0.8928571428571429 0.07477678571428571 0.09375
16 0.36049107142857145 0.45424107142857145 0.06696428571428571 0.09151785714285714
5 0.3794642857142857 0.36160714285714285 0.07700892857142858 0.08705357142857142
16 0.3872767857142857 0.09151785714285714 0.07700892857142858 0.11272321428571429
16 0.09486607142857142 0.4017857142857143 0.06696428571428571 0.09821428571428571
16 0.9486607142857143 0.49107142857142855 0.06696428571428571 0.09821428571428571
13 0.578125 0.7321428571428571 0.06696428571428571 0.08705357142857142
16 0.8002232142857143 0.6495535714285714 0.06696428571428571 0.09151785714285714
16 0.3125 0.9241071428571429 0.06696428571428571 0.09598214285714286
16 0.15736607142857142 0.9575892857142857 0.07254464285714286 0.08147321428571429
16 0.3392857142857143 0.5837053571428571 0.06696428571428571 0.09151785714285714
13 0.8772321428571429 0.48325892857142855 0.06696428571428571 0.09151785714285714
13 0.19308035714285715 0.5613839285714286 0.06473214285714286 0.09151785714285714
13 0.45089285714285715 0.40625 0.06473214285714286 0.08705357142857142
13 0.42075892857142855 0.2845982142857143 0.07254464285714286 0.08705357142857142
13 0.7455357142857143 0.43861607142857145 0.07254464285714286 0.09375
13 0.6852678571428571 0.3549107142857143 0.06696428571428571 0.09598214285714286
5 0.6595982142857143 0.4564732142857143 0.07700892857142858 0.11272321428571429
13 0.6238839285714286 0.8058035714285714 0.07477678571428571 0.10044642857142858
13 0.21428571428571427 0.6707589285714286 0.0625 0.09375