15 0.4966517857142857 0.43861607142857145 0.11272321428571429 0.07700892857142858
15 0.5881696428571429 0.5212053571428571 0.11272321428571429 0.07700892857142858
15 0.5 0.515625 0.11272321428571429 0.07700892857142858
15 0.6964285714285714 0.7198660714285714 0.11272321428571429 0.07700892857142858
15 0.7477678571428571 0.7667410714285714 0.11272321428571429 0.07924107142857142
15 0.8861607142857143 0.7120535714285714 0.11272321428571429 0.07924107142857142
15 0.6540178571428571 0.8549107142857143 0.11272321428571429 0.07924107142857142
15 0.5569196428571429 0.8180803571428571 0.11272321428571429 0.07700892857142858
15 0.90625 0.38169642857142855 0.11272321428571429 0.07700892857142858
15 0.9497767857142857 0.5 0.10044642857142858 0.07700892857142858
15 0.8459821428571429 0.22433035714285715 0.11272321428571429 0.07700892857142858
15 0.7354910714285714 0.11830357142857142 0.11272321428571429 0.07700892857142858
15 0.8180803571428571 0.030133928571428572 0.11272321428571429 0.060267857142857144
15 0.5424107142857143 0.16852678571428573 0.11272321428571429 0.07700892857142858
15 0.5256696428571429 0.22879464285714285 0.11272321428571429 0.07700892857142858
15 0.5680803571428571 0.2845982142857143 0.11272321428571429 0.07700892857142858
15 0.6852678571428571 0.296875 0.11272321428571429 0.07700892857142858
15 0.4877232142857143 0.29575892857142855 0.11272321428571429 0.07700892857142858
15 0.44308035714285715 0.17745535714285715 0.11272321428571429 0.07700892857142858
15 0.3560267857142857 0.18638392857142858 0.11272321428571429 0.07700892857142858
15 0.3950892857142857 0.08147321428571429 0.11272321428571429 0.07700892857142858
14 0.07254464285714286 0.25558035714285715 0.09151785714285714 0.06696428571428571
15 0.32924107142857145 0.5591517857142857 0.11272321428571429 0.07700892857142858
15 0.22991071428571427 0.5569196428571429 0.11272321428571429 0.07700892857142858
15 0.15401785714285715 0.5837053571428571 0.11272321428571429 0.07700892857142858
15 0.5122767857142857 0.6517857142857143 0.11272321428571429 0.07700892857142858
15 0.5714285714285714 0.8962053571428571 0.11272321428571429 0.07700892857142858
15 0.37723214285714285 0.9419642857142857 0.11272321428571429 0.07924107142857142
15 0.31473214285714285 0.8493303571428571 0.11272321428571429 0.07700892857142858
15 0.23102678571428573 0.796875 0.11272321428571429 0.07924107142857142
15 0.2935267857142857 0.7444196428571429 0.11272321428571429 0.07700892857142858
15 0.3125 0.6863839285714286 0.11272321428571429 0.07700892857142858
15 0.13392857142857142 0.765625 0.11272321428571429 0.07700892857142858
15 0.04799107142857143 0.7064732142857143 0.09598214285714286 0.07700892857142858
15 0.2611607142857143 0.9341517857142857 0.11272321428571429 0.07700892857142858
15 0.18415178571428573 0.9107142857142857 0.11272321428571429 0.07700892857142858
15 0.9285714285714286 0.9095982142857143 0.11272321428571429 0.07700892857142858
15 0.07142857142857142 0.03236607142857143 0.11272321428571429 0.0625
15 0.734375 0.027901785714285716 0.11272321428571429 0.05580357142857143
15 0.9598214285714286 0.40066964285714285 0.07924107142857142 0.07700892857142858
15 0.036830357142857144 0.9263392857142857 0.07366071428571429 0.07589285714285714
15 0.7354910714285714 0.9654017857142857 0.11272321428571429 0.06919642857142858
15 0.30691964285714285 0.3482142857142857 0.11272321428571429 0.07700892857142858
13 0.5803571428571429 0.6060267857142857 0.11272321428571429 0.07700892857142858
15 0.38950892857142855 0.14285714285714285 0.10044642857142858 0.06919642857142858