5 0.12276785714285714 0.7901785714285714 0.11272321428571429 0.07700892857142858
1 0.25892857142857145 0.7287946428571429 0.11272321428571429 0.07700892857142858
1 0.45424107142857145 0.8761160714285714 0.11272321428571429 0.07700892857142858
5 0.5736607142857143 0.9274553571428571 0.11272321428571429 0.07700892857142858
5 0.6540178571428571 0.9029017857142857 0.11272321428571429 0.07924107142857142
1 0.5011160714285714 0.9631696428571429 0.11383928571428571 0.07366071428571429
5 0.7957589285714286 0.7823660714285714 0.11272321428571429 0.07924107142857142
1 0.5915178571428571 0.35825892857142855 0.11272321428571429 0.07700892857142858
5 0.4966517857142857 0.42299107142857145 0.11272321428571429 0.07700892857142858
5 0.4799107142857143 0.5424107142857143 0.11272321428571429 0.07700892857142858
5 0.3247767857142857 0.2622767857142857 0.11272321428571429 0.07700892857142858
5 0.5334821428571429 0.28683035714285715 0.11272321428571429 0.07700892857142858
5 0.2924107142857143 0.03794642857142857 0.11160714285714286 0.07589285714285714
1 0.8404017857142857 0.35825892857142855 0.11272321428571429 0.07700892857142858
5 0.8415178571428571 0.6595982142857143 0.11272321428571429 0.07924107142857142
5 0.5089285714285714 0.8292410714285714 0.11272321428571429 0.07700892857142858
5 0.05357142857142857 0.7366071428571429 0.10714285714285714 0.07589285714285714
5 0.08147321428571429 0.9631696428571429 0.11272321428571429 0.07254464285714286
1 0.12276785714285714 0.8939732142857143 0.11272321428571429 0.07924107142857142
5 0.42857142857142855 0.7645089285714286 0.11272321428571429 0.07700892857142858
5 0.7689732142857143 0.31361607142857145 0.11272321428571429 0.07700892857142858
1 0.6227678571428571 0.8370535714285714 0.11272321428571429 0.07924107142857142
5 0.05133928571428571 0.21428571428571427 0.10267857142857142 0.08035714285714286
5 0.10602678571428571 0.44419642857142855 0.11272321428571429 0.07700892857142858
1 0.71875 0.05133928571428571 0.11272321428571429 0.07700892857142858
5 0.7935267857142857 0.7220982142857143 0.11272321428571429 0.07924107142857142
1 0.2935267857142857 0.5970982142857143 0.09151785714285714 0.07254464285714286
5 0.3002232142857143 0.8582589285714286 0.11272321428571429 0.07700892857142858
5 0.8716517857142857 0.28794642857142855 0.11272321428571429 0.07700892857142858
5 0.8950892857142857 0.12388392857142858 0.11272321428571429 0.07700892857142858
5 0.9542410714285714 0.14174107142857142 0.09151785714285714 0.07700892857142858
2 0.6662946428571429 0.6383928571428571 0.052455357142857144 0.06919642857142858