13 0.32254464285714285 0.9854910714285714 0.14397321428571427 0.029017857142857144
13 0.020089285714285716 0.19308035714285715 0.04017857142857143 0.22991071428571427
13 0.8772321428571429 0.6049107142857143 0.21205357142857142 0.25223214285714285
13 0.5691964285714286 0.9754464285714286 0.19977678571428573 0.04799107142857143
13 0.5870535714285714 0.029017857142857144 0.20200892857142858 0.05803571428571429
13 0.8013392857142857 0.6305803571428571 0.17075892857142858 0.21205357142857142
13 0.9542410714285714 0.20758928571428573 0.09151785714285714 0.21651785714285715
13 0.2935267857142857 0.05022321428571429 0.26004464285714285 0.10044642857142858
13 0.484375 0.8683035714285714 0.3247767857142857 0.23549107142857142
6 0.5212053571428571 0.5357142857142857 0.47879464285714285 0.5066964285714286
13 0.09821428571428571 0.9029017857142857 0.19642857142857142 0.19419642857142858
13 0.203125 0.5357142857142857 0.21205357142857142 0.23995535714285715
13 0.20758928571428573 0.23995535714285715 0.25 0.22544642857142858
13 0.09486607142857142 0.4408482142857143 0.18526785714285715 0.21205357142857142
13 0.6417410714285714 0.19084821428571427 0.21651785714285715 0.25