3 0.33482142857142855 0.23325892857142858 0.32924107142857145 0.4564732142857143
12 0.5256696428571429 0.546875 0.05022321428571429 0.06473214285714286
3 0.6651785714285714 0.27455357142857145 0.32924107142857145 0.46205357142857145
13 0.9073660714285714 0.40066964285714285 0.18526785714285715 0.22879464285714285
13 0.7589285714285714 0.056919642857142856 0.25223214285714285 0.11272321428571429
13 0.9386160714285714 0.19866071428571427 0.12276785714285714 0.22879464285714285
13 0.18861607142857142 0.6551339285714286 0.2767857142857143 0.15178571428571427
3 0.2700892857142857 0.8470982142857143 0.45870535714285715 0.30580357142857145
13 0.9776785714285714 0.9029017857142857 0.044642857142857144 0.19419642857142858
13 0.8616071428571429 0.9854910714285714 0.18973214285714285 0.029017857142857144
13 0.6372767857142857 0.9274553571428571 0.2689732142857143 0.14397321428571427
3 0.6584821428571429 0.7220982142857143 0.3169642857142857 0.2857142857142857