17 0.171875 0.37723214285714285 0.07700892857142858 0.09151785714285714
17 0.24441964285714285 0.4497767857142857 0.07700892857142858 0.11272321428571429
17 0.6729910714285714 0.3314732142857143 0.07700892857142858 0.11272321428571429
13 0.19308035714285715 0.7310267857142857 0.07700892857142858 0.11272321428571429
13 0.5837053571428571 0.9185267857142857 0.07700892857142858 0.11272321428571429
13 0.6305803571428571 0.8415178571428571 0.07700892857142858 0.11272321428571429
13 0.5837053571428571 0.6227678571428571 0.07700892857142858 0.11272321428571429
13 0.6183035714285714 0.5401785714285714 0.07700892857142858 0.11272321428571429
13 0.875 0.24776785714285715 0.07700892857142858 0.11272321428571429
13 0.8504464285714286 0.05580357142857143 0.07700892857142858 0.11049107142857142
13 0.3794642857142857 0.15848214285714285 0.07700892857142858 0.11272321428571429
13 0.5591517857142857 0.05022321428571429 0.07700892857142858 0.10044642857142858
15 0.3013392857142857 0.3638392857142857 0.06473214285714286 0.10602678571428571