16 0.3080357142857143 0.15513392857142858 0.07254464285714286 0.09598214285714286
16 0.9084821428571429 0.7991071428571429 0.07700892857142858 0.08928571428571429
16 0.25558035714285715 0.35267857142857145 0.06919642857142858 0.09598214285714286
16 0.32589285714285715 0.44308035714285715 0.07700892857142858 0.11049107142857142
16 0.16183035714285715 0.4888392857142857 0.06696428571428571 0.10602678571428571
16 0.41294642857142855 0.7287946428571429 0.07254464285714286 0.10602678571428571
16 0.7220982142857143 0.6551339285714286 0.0625 0.09598214285714286
13 0.31808035714285715 0.32700892857142855 0.06919642857142858 0.09375
13 0.5089285714285714 0.5 0.06473214285714286 0.08705357142857142
11 0.5959821428571429 0.8325892857142857 0.07254464285714286 0.10379464285714286
16 0.07142857142857142 0.27232142857142855 0.07254464285714286 0.09598214285714286
12 0.7042410714285714 0.9151785714285714 0.026785714285714284 0.04352678571428571
12 0.5446428571428571 0.9720982142857143 0.024553571428571428 0.021205357142857144
12 0.22321428571428573 0.9743303571428571 0.024553571428571428 0.03794642857142857
12 0.21651785714285715 0.36160714285714285 0.016741071428571428 0.029017857142857144