15 0.2935267857142857 0.09486607142857142 0.11272321428571429 0.07700892857142858
15 0.5256696428571429 0.4654017857142857 0.11272321428571429 0.07700892857142858
15 0.7555803571428571 0.6930803571428571 0.11272321428571429 0.07700892857142858
15 0.20424107142857142 0.32924107142857145 0.11272321428571429 0.07700892857142858
15 0.4341517857142857 0.6194196428571429 0.11272321428571429 0.07700892857142858
15 0.9252232142857143 0.31808035714285715 0.11272321428571429 0.07700892857142858
15 0.5959821428571429 0.9129464285714286 0.11272321428571429 0.07924107142857142
15 0.6529017857142857 0.8225446428571429 0.11272321428571429 0.07700892857142858
15 0.21316964285714285 0.671875 0.11272321428571429 0.07924107142857142
15 0.29575892857142855 0.609375 0.11272321428571429 0.07700892857142858
15 0.7522321428571429 0.44754464285714285 0.11272321428571429 0.07700892857142858
15 0.84375 0.3404017857142857 0.11272321428571429 0.07700892857142858
15 0.9029017857142857 0.2767857142857143 0.11272321428571429 0.07700892857142858
15 0.9185267857142857 0.18080357142857142 0.11272321428571429 0.07700892857142858
15 0.5022321428571429 0.25 0.11272321428571429 0.07700892857142858
15 0.23549107142857142 0.23883928571428573 0.11272321428571429 0.07700892857142858
15 0.2935267857142857 0.27566964285714285 0.11272321428571429 0.07700892857142858
15 0.5267857142857143 0.0625 0.08928571428571429 0.07700892857142858
15 0.6685267857142857 0.06138392857142857 0.11272321428571429 0.07700892857142858
15 0.12276785714285714 0.6551339285714286 0.11272321428571429 0.07924107142857142
15 0.17299107142857142 0.7667410714285714 0.11272321428571429 0.07924107142857142
15 0.38950892857142855 0.40513392857142855 0.11272321428571429 0.07700892857142858
15 0.9229910714285714 0.8895089285714286 0.08147321428571429 0.07700892857142858
15 0.08482142857142858 0.36941964285714285 0.11272321428571429 0.07700892857142858
15 0.13727678571428573 0.31808035714285715 0.11272321428571429 0.07700892857142858
15 0.14732142857142858 0.3950892857142857 0.11272321428571429 0.07700892857142858
15 0.37723214285714285 0.34375 0.11272321428571429 0.07700892857142858
15 0.4720982142857143 0.20424107142857142 0.11272321428571429 0.07700892857142858
1 0.265625 0.17633928571428573 0.09821428571428571 0.07700892857142858
1 0.12388392857142858 0.12388392857142858 0.11272321428571429 0.07700892857142858
15 0.21875 0.06138392857142857 0.11272321428571429 0.07700892857142858
15 0.21651785714285715 0.026785714285714284 0.11272321428571429 0.052455357142857144
15 0.11607142857142858 0.04799107142857143 0.11272321428571429 0.07700892857142858
1 0.5680803571428571 0.14508928571428573 0.11272321428571429 0.07700892857142858
15 0.8939732142857143 0.11049107142857142 0.09375 0.06919642857142858
1 0.8236607142857143 0.11383928571428571 0.11272321428571429 0.07700892857142858
1 0.8582589285714286 0.22098214285714285 0.11272321428571429 0.07700892857142858
1 0.9375 0.41294642857142855 0.11272321428571429 0.07700892857142858
15 0.8314732142857143 0.4642857142857143 0.11272321428571429 0.07700892857142858
1 0.7064732142857143 0.5267857142857143 0.11272321428571429 0.07700892857142858
15 0.7979910714285714 0.5368303571428571 0.11272321428571429 0.07700892857142858
15 0.6964285714285714 0.45200892857142855 0.11272321428571429 0.07700892857142858
1 0.5658482142857143 0.4185267857142857 0.08928571428571429 0.0625
15 0.5167410714285714 0.32700892857142855 0.11272321428571429 0.07700892857142858
8 0.22433035714285715 0.12611607142857142 0.11272321428571429 0.07700892857142858
8 0.5881696428571429 0.19308035714285715 0.11272321428571429 0.07700892857142858
15 0.37723214285714285 0.6875 0.11272321428571429 0.07700892857142858
1 0.29017857142857145 0.6830357142857143 0.11272321428571429 0.07700892857142858
15 0.39732142857142855 0.7533482142857143 0.11272321428571429 0.07700892857142858
15 0.25 0.7488839285714286 0.11272321428571429 0.07924107142857142
15 0.31808035714285715 0.7645089285714286 0.11272321428571429 0.07700892857142858
15 0.33816964285714285 0.8225446428571429 0.11272321428571429 0.07924107142857142
15 0.37723214285714285 0.8136160714285714 0.11272321428571429 0.07924107142857142
15 0.35267857142857145 0.9430803571428571 0.11272321428571429 0.07924107142857142
15 0.41517857142857145 0.9709821428571429 0.11272321428571429 0.05803571428571429
15 0.45424107142857145 0.9017857142857143 0.11272321428571429 0.07700892857142858
15 0.23772321428571427 0.9720982142857143 0.11272321428571429 0.05580357142857143
1 0.24107142857142858 0.859375 0.11272321428571429 0.07924107142857142
15 0.04352678571428571 0.7176339285714286 0.08705357142857142 0.07924107142857142
15 0.08816964285714286 0.5323660714285714 0.11272321428571429 0.07700892857142858
15 0.22767857142857142 0.5122767857142857 0.11272321428571429 0.07700892857142858
15 0.11272321428571429 0.44754464285714285 0.11272321428571429 0.07700892857142858
8 0.10602678571428571 0.7087053571428571 0.11272321428571429 0.07924107142857142
13 0.84375 0.7924107142857143 0.11272321428571429 0.07700892857142858
13 0.8035714285714286 0.9698660714285714 0.11272321428571429 0.060267857142857144
15 0.5658482142857143 0.7220982142857143 0.11272321428571429 0.07700892857142858
15 0.6026785714285714 0.6629464285714286 0.11272321428571429 0.07700892857142858
15 0.6930803571428571 0.5948660714285714 0.11272321428571429 0.07700892857142858
15 0.8147321428571429 0.6060267857142857 0.11272321428571429 0.07700892857142858
15 0.6930803571428571 0.2857142857142857 0.11272321428571429 0.07700892857142858
15 0.7845982142857143 0.3013392857142857 0.11272321428571429 0.07700892857142858
13 0.7645089285714286 0.22433035714285715 0.11272321428571429 0.07700892857142858
15 0.34933035714285715 0.11272321428571429 0.11272321428571429 0.07700892857142858
15 0.3939732142857143 0.23549107142857142 0.11272321428571429 0.07700892857142858
15 0.4575892857142857 0.29129464285714285 0.11272321428571429 0.07700892857142858
15 0.46651785714285715 0.40513392857142855 0.11272321428571429 0.07700892857142858
15 0.6227678571428571 0.31808035714285715 0.11272321428571429 0.07700892857142858
15 0.6372767857142857 0.23995535714285715 0.11272321428571429 0.07700892857142858
15 0.6897321428571429 0.7868303571428571 0.11272321428571429 0.07700892857142858
1 0.5401785714285714 0.7801339285714286 0.09151785714285714 0.07477678571428571
1 0.47879464285714285 0.8169642857142857 0.11272321428571429 0.07700892857142858
15 0.8147321428571429 0.8683035714285714 0.11272321428571429 0.07924107142857142
15 0.7243303571428571 0.8537946428571429 0.11272321428571429 0.07924107142857142
15 0.9006696428571429 0.8247767857142857 0.11272321428571429 0.07924107142857142
15 0.6383928571428571 0.96875 0.11272321428571429 0.0625
15 0.5290178571428571 0.9698660714285714 0.11272321428571429 0.060267857142857144
15 0.15513392857142858 0.96875 0.11272321428571429 0.0625
1 0.09598214285714286 0.19754464285714285 0.11272321428571429 0.07700892857142858