15 0.19308035714285715 0.9553571428571429 0.052455357142857144 0.06696428571428571
15 0.7176339285714286 0.7935267857142857 0.052455357142857144 0.07254464285714286
15 0.7544642857142857 0.8337053571428571 0.04799107142857143 0.06696428571428571
15 0.6986607142857143 0.8861607142857143 0.0625 0.06696428571428571
15 0.4341517857142857 0.828125 0.052455357142857144 0.07254464285714286
15 0.3247767857142857 0.6227678571428571 0.05803571428571429 0.07700892857142858
15 0.4263392857142857 0.4095982142857143 0.052455357142857144 0.06696428571428571
15 0.6741071428571429 0.6573660714285714 0.052455357142857144 0.06696428571428571
15 0.6741071428571429 0.19084821428571427 0.05580357142857143 0.07924107142857142
12 0.30580357142857145 0.49888392857142855 0.024553571428571428 0.033482142857142856
12 0.46651785714285715 0.6116071428571429 0.024553571428571428 0.033482142857142856
12 0.5245535714285714 0.6183035714285714 0.018973214285714284 0.024553571428571428
12 0.9486607142857143 0.7165178571428571 0.024553571428571428 0.033482142857142856