16 0.5814732142857143 0.11495535714285714 0.09151785714285714 0.125
5 0.8504464285714286 0.6160714285714286 0.07700892857142858 0.11272321428571429
18 0.48549107142857145 0.734375 0.07700892857142858 0.11272321428571429
18 0.45200892857142855 0.8950892857142857 0.09151785714285714 0.125
18 0.5111607142857143 0.49107142857142855 0.07700892857142858 0.11272321428571429
5 0.14397321428571427 0.6071428571428571 0.07700892857142858 0.11272321428571429
8 0.18080357142857142 0.7544642857142857 0.05803571428571429 0.06696428571428571
15 0.7566964285714286 0.75 0.0625 0.07700892857142858
15 0.9475446428571429 0.8627232142857143 0.06696428571428571 0.09151785714285714
5 0.12165178571428571 0.18303571428571427 0.08705357142857142 0.12053571428571429
5 0.4419642857142857 0.42857142857142855 0.08928571428571429 0.12946428571428573
5 0.265625 0.5926339285714286 0.07700892857142858 0.11272321428571429
12 0.9854910714285714 0.6116071428571429 0.029017857142857144 0.03794642857142857
12 0.3861607142857143 0.5033482142857143 0.033482142857142856 0.04575892857142857
12 0.9375 0.11607142857142858 0.03794642857142857 0.04352678571428571
12 0.8024553571428571 0.6941964285714286 0.029017857142857144 0.03794642857142857
7 0.7600446428571429 0.9397321428571429 0.12053571428571429 0.12053571428571429
11 0.7912946428571429 0.8147321428571429 0.08705357142857142 0.10602678571428571
16 0.22879464285714285 0.5334821428571429 0.07254464285714286 0.08147321428571429
16 0.2622767857142857 0.09375 0.07254464285714286 0.10044642857142858