10 0.18973214285714285 0.296875 0.3794642857142857 0.3627232142857143
13 0.7756696428571429 0.018973214285714284 0.25223214285714285 0.03794642857142857
6 0.8080357142857143 0.42410714285714285 0.28348214285714285 0.10825892857142858
12 0.7410714285714286 0.22433035714285715 0.14397321428571427 0.13950892857142858
13 0.9386160714285714 0.14174107142857142 0.12276785714285714 0.24553571428571427
13 0.9475446428571429 0.36830357142857145 0.10491071428571429 0.19196428571428573
13 0.0625 0.7566964285714286 0.125 0.23102678571428573
13 0.07366071428571429 0.9051339285714286 0.14620535714285715 0.18973214285714285
13 0.37388392857142855 0.9252232142857143 0.25223214285714285 0.14955357142857142
12 0.18973214285714285 0.9319196428571429 0.09151785714285714 0.08705357142857142
13 0.5457589285714286 0.7834821428571429 0.20647321428571427 0.19754464285714285
13 0.5479910714285714 0.5569196428571429 0.20200892857142858 0.15625
13 0.06138392857142857 0.9162946428571429 0.12276785714285714 0.16741071428571427
0 0.30245535714285715 0.6662946428571429 0.36495535714285715 0.375
0 0.734375 0.8337053571428571 0.17075892857142858 0.3314732142857143
13 0.78125 0.53125 0.23549107142857142 0.10602678571428571