6 0.109375 0.12053571428571429 0.21875 0.23995535714285715
9 0.6450892857142857 0.26004464285714285 0.5122767857142857 0.5189732142857143
13 0.07700892857142858 0.8694196428571429 0.15401785714285715 0.23325892857142858
13 0.22544642857142858 0.5691964285714286 0.19196428571428573 0.10044642857142858
13 0.26785714285714285 0.6506696428571429 0.23325892857142858 0.19196428571428573
6 0.08705357142857142 0.6763392857142857 0.17299107142857142 0.31473214285714285
13 0.26785714285714285 0.875 0.24330357142857142 0.23549107142857142
13 0.44754464285714285 0.5513392857142857 0.11495535714285714 0.06473214285714286
13 0.5502232142857143 0.8404017857142857 0.22544642857142858 0.2544642857142857
13 0.7667410714285714 0.5814732142857143 0.28348214285714285 0.125
6 0.8381696428571429 0.8113839285714286 0.3236607142857143 0.37723214285714285