12 0.32142857142857145 0.9899553571428571 0.08705357142857142 0.018973214285714284
12 0.7566964285714286 0.13169642857142858 0.08147321428571429 0.06919642857142858
13 0.9185267857142857 0.9743303571428571 0.16294642857142858 0.05022321428571429
12 0.024553571428571428 0.7377232142857143 0.04799107142857143 0.10379464285714286
13 0.375 0.026785714285714284 0.24553571428571427 0.052455357142857144
13 0.5870535714285714 0.027901785714285716 0.2622767857142857 0.05580357142857143
13 0.5323660714285714 0.8470982142857143 0.20200892857142858 0.27120535714285715
13 0.16629464285714285 0.027901785714285716 0.20200892857142858 0.05580357142857143
13 0.96875 0.08370535714285714 0.0625 0.16741071428571427
13 0.03459821428571429 0.08147321428571429 0.06919642857142858 0.15848214285714285
13 0.15066964285714285 0.45200892857142855 0.25 0.17075892857142858
13 0.8839285714285714 0.3325892857142857 0.21651785714285715 0.22879464285714285
13 0.2689732142857143 0.7042410714285714 0.22879464285714285 0.30245535714285715
13 0.6662946428571429 0.7957589285714286 0.21428571428571427 0.22544642857142858
13 0.9296875 0.6428571428571429 0.140625 0.1875
13 0.14955357142857142 0.18080357142857142 0.26450892857142855 0.23995535714285715
13 0.7957589285714286 0.5212053571428571 0.20870535714285715 0.23325892857142858
6 0.49888392857142855 0.5279017857142857 0.42075892857142855 0.42745535714285715