17 0.8125 0.5993303571428571 0.11272321428571429 0.07700892857142858
17 0.6841517857142857 0.42075892857142855 0.10825892857142858 0.08705357142857142
17 0.8024553571428571 0.10379464285714286 0.10044642857142858 0.07700892857142858
17 0.2845982142857143 0.5904017857142857 0.11272321428571429 0.07700892857142858
17 0.09598214285714286 0.6763392857142857 0.10602678571428571 0.07924107142857142
13 0.6785714285714286 0.5256696428571429 0.11272321428571429 0.07700892857142858
7 0.49441964285714285 0.5212053571428571 0.11272321428571429 0.07700892857142858
7 0.35267857142857145 0.7712053571428571 0.11272321428571429 0.07700892857142858
7 0.5256696428571429 0.15625 0.11272321428571429 0.07700892857142858
14 0.7857142857142857 0.46316964285714285 0.06696428571428571 0.07254464285714286
13 0.13727678571428573 0.8448660714285714 0.11272321428571429 0.07700892857142858
7 0.19866071428571427 0.6395089285714286 0.11272321428571429 0.07700892857142858
7 0.17075892857142858 0.24888392857142858 0.11272321428571429 0.07700892857142858
13 0.060267857142857144 0.19754464285714285 0.11272321428571429 0.07700892857142858
7 0.9095982142857143 0.30691964285714285 0.11272321428571429 0.09598214285714286
12 0.2935267857142857 0.3560267857142857 0.03125 0.018973214285714284
17 0.2421875 0.021205357142857144 0.12723214285714285 0.04241071428571429
2 0.6551339285714286 0.7745535714285714 0.11049107142857142 0.09598214285714286
11 0.27120535714285715 0.6964285714285714 0.12053571428571429 0.06919642857142858