13 0.5334821428571429 0.25558035714285715 0.27120535714285715 0.19196428571428573
13 0.5256696428571429 0.11049107142857142 0.3125 0.19196428571428573
13 0.6595982142857143 0.026785714285714284 0.22544642857142858 0.052455357142857144
13 0.9274553571428571 0.4877232142857143 0.14397321428571427 0.20870535714285715
13 0.7879464285714286 0.5926339285714286 0.17299107142857142 0.25223214285714285
13 0.6908482142857143 0.24441964285714285 0.21205357142857142 0.20647321428571427
12 0.49330357142857145 0.8794642857142857 0.08147321428571429 0.07477678571428571
13 0.8861607142857143 0.6919642857142857 0.22321428571428573 0.20200892857142858
13 0.08816964285714286 0.15848214285714285 0.17522321428571427 0.22879464285714285
13 0.22433035714285715 0.45424107142857145 0.22321428571428573 0.20424107142857142
13 0.8939732142857143 0.2857142857142857 0.19977678571428573 0.22098214285714285
3 0.5033482142857143 0.5412946428571429 0.49776785714285715 0.49330357142857145
13 0.09933035714285714 0.6808035714285714 0.19419642857142858 0.19977678571428573
13 0.3002232142857143 0.25669642857142855 0.22321428571428573 0.20200892857142858
13 0.20870535714285715 0.9084821428571429 0.2767857142857143 0.18303571428571427
13 0.26674107142857145 0.078125 0.22544642857142858 0.15625