5 0.20982142857142858 0.8772321428571429 0.07700892857142858 0.11272321428571429
1 0.27120535714285715 0.7410714285714286 0.07700892857142858 0.11272321428571429
1 0.12388392857142858 0.5457589285714286 0.07700892857142858 0.11272321428571429
5 0.07254464285714286 0.4263392857142857 0.07700892857142858 0.11272321428571429
5 0.09709821428571429 0.34598214285714285 0.07700892857142858 0.11272321428571429
1 0.03571428571428571 0.4966517857142857 0.07142857142857142 0.11383928571428571
5 0.21763392857142858 0.20424107142857142 0.07700892857142858 0.11272321428571429
1 0.6417410714285714 0.40848214285714285 0.07700892857142858 0.11272321428571429
5 0.5770089285714286 0.5033482142857143 0.07700892857142858 0.11272321428571429
5 0.4575892857142857 0.5200892857142857 0.07700892857142858 0.11272321428571429
5 0.7377232142857143 0.6752232142857143 0.07700892857142858 0.11272321428571429
5 0.7131696428571429 0.46651785714285715 0.07700892857142858 0.11272321428571429
5 0.9609375 0.7053571428571429 0.078125 0.11160714285714286
1 0.6417410714285714 0.15959821428571427 0.07700892857142858 0.11272321428571429
5 0.3404017857142857 0.15848214285714285 0.07700892857142858 0.11272321428571429
5 0.17075892857142858 0.49107142857142855 0.07700892857142858 0.11272321428571429
5 0.2611607142857143 0.9453125 0.07589285714285714 0.109375
5 0.036830357142857144 0.9185267857142857 0.07254464285714286 0.11272321428571429
1 0.10602678571428571 0.8772321428571429 0.07700892857142858 0.11272321428571429
5 0.23549107142857142 0.5714285714285714 0.07700892857142858 0.11272321428571429
5 0.6863839285714286 0.23102678571428573 0.07700892857142858 0.11272321428571429
1 0.16294642857142858 0.37723214285714285 0.07700892857142858 0.11272321428571429
5 0.7834821428571429 0.9475446428571429 0.08035714285714286 0.10491071428571429
5 0.5558035714285714 0.8939732142857143 0.07700892857142858 0.11272321428571429
1 0.9486607142857143 0.28125 0.07700892857142858 0.11272321428571429
5 0.2779017857142857 0.20647321428571427 0.07700892857142858 0.11272321428571429
1 0.4029017857142857 0.7064732142857143 0.07254464285714286 0.09151785714285714
5 0.14174107142857142 0.6997767857142857 0.07700892857142858 0.11272321428571429
5 0.7120535714285714 0.12834821428571427 0.07700892857142858 0.11272321428571429
5 0.8761160714285714 0.10491071428571429 0.07700892857142858 0.11272321428571429
5 0.8582589285714286 0.04575892857142857 0.07700892857142858 0.09151785714285714
2 0.36160714285714285 0.33370535714285715 0.06919642857142858 0.052455357142857144