17 0.13169642857142858 0.8448660714285714 0.08147321428571429 0.09821428571428571
17 0.4341517857142857 0.7522321428571429 0.07700892857142858 0.11272321428571429
17 0.47879464285714285 0.5970982142857143 0.07700892857142858 0.11272321428571429
17 0.6674107142857143 0.8147321428571429 0.06696428571428571 0.09151785714285714
17 0.9051339285714286 0.5647321428571429 0.07700892857142858 0.11272321428571429
17 0.8392857142857143 0.11049107142857142 0.07924107142857142 0.09598214285714286
17 0.7790178571428571 0.036830357142857144 0.07589285714285714 0.07366071428571429
17 0.3861607142857143 0.34933035714285715 0.07700892857142858 0.11272321428571429
17 0.3560267857142857 0.234375 0.07700892857142858 0.11272321428571429
7 0.32700892857142855 0.5055803571428571 0.07700892857142858 0.11272321428571429
13 0.6316964285714286 0.3236607142857143 0.07700892857142858 0.11272321428571429
13 0.5011160714285714 0.46763392857142855 0.07700892857142858 0.09375
13 0.7131696428571429 0.7622767857142857 0.07700892857142858 0.11272321428571429
13 0.3783482142857143 0.625 0.07700892857142858 0.11272321428571429
13 0.7823660714285714 0.49441964285714285 0.07700892857142858 0.11272321428571429
13 0.8270089285714286 0.34375 0.07700892857142858 0.11272321428571429
13 0.5479910714285714 0.3080357142857143 0.07700892857142858 0.11272321428571429
13 0.4497767857142857 0.26674107142857145 0.07700892857142858 0.11272321428571429
13 0.06808035714285714 0.5200892857142857 0.07700892857142858 0.11272321428571429
13 0.15959821428571427 0.40848214285714285 0.07700892857142858 0.11272321428571429
13 0.14397321428571427 0.25223214285714285 0.07700892857142858 0.11272321428571429
13 0.2779017857142857 0.6060267857142857 0.07700892857142858 0.11272321428571429
13 0.6149553571428571 0.6852678571428571 0.07700892857142858 0.11272321428571429
13 0.5167410714285714 0.6852678571428571 0.07700892857142858 0.11272321428571429
13 0.0625 0.8895089285714286 0.07700892857142858 0.11272321428571429