2 0.9363839285714286 0.47433035714285715 0.09151785714285714 0.08705357142857142
2 0.8258928571428571 0.8604910714285714 0.12276785714285714 0.08928571428571429
2 0.7488839285714286 0.4174107142857143 0.12053571428571429 0.08705357142857142
2 0.7053571428571429 0.7466517857142857 0.09598214285714286 0.09821428571428571
2 0.6517857142857143 0.27566964285714285 0.12053571428571429 0.08705357142857142
2 0.6227678571428571 0.8337053571428571 0.11272321428571429 0.07700892857142858
2 0.5591517857142857 0.5658482142857143 0.11272321428571429 0.07700892857142858
2 0.5602678571428571 0.42075892857142855 0.11272321428571429 0.07700892857142858
2 0.5290178571428571 0.3325892857142857 0.11272321428571429 0.07700892857142858
2 0.38950892857142855 0.15066964285714285 0.09598214285714286 0.07924107142857142
2 0.40625 0.6986607142857143 0.12276785714285714 0.08705357142857142
2 0.3627232142857143 0.6305803571428571 0.11272321428571429 0.07700892857142858
2 0.3560267857142857 0.8136160714285714 0.11272321428571429 0.07924107142857142
2 0.35714285714285715 0.2544642857142857 0.11272321428571429 0.07700892857142858
2 0.3002232142857143 0.9263392857142857 0.12946428571428573 0.09598214285714286
2 0.25892857142857145 0.7600446428571429 0.11272321428571429 0.07924107142857142
2 0.25892857142857145 0.12611607142857142 0.11272321428571429 0.07700892857142858
2 0.22433035714285715 0.6272321428571429 0.12053571428571429 0.08928571428571429
2 0.21540178571428573 0.26004464285714285 0.11272321428571429 0.07700892857142858
2 0.19308035714285715 0.5011160714285714 0.11272321428571429 0.07700892857142858
2 0.15066964285714285 0.7131696428571429 0.11272321428571429 0.07924107142857142
2 0.15290178571428573 0.37611607142857145 0.11272321428571429 0.07700892857142858
2 0.12723214285714285 0.29799107142857145 0.11272321428571429 0.07700892857142858
2 0.09375 0.8113839285714286 0.10602678571428571 0.08705357142857142
2 0.07477678571428571 0.47098214285714285 0.10044642857142858 0.09151785714285714
2 0.8917410714285714 0.44642857142857145 0.13504464285714285 0.06696428571428571
12 0.41629464285714285 0.3783482142857143 0.03794642857142857 0.029017857142857144
12 0.4095982142857143 0.35825892857142855 0.033482142857142856 0.026785714285714284
12 0.6071428571428571 0.6473214285714286 0.04799107142857143 0.03794642857142857
12 0.9787946428571429 0.6037946428571429 0.04241071428571429 0.03794642857142857
12 0.6495535714285714 0.8839285714285714 0.03794642857142857 0.029017857142857144
12 0.5479910714285714 0.6785714285714286 0.05022321428571429 0.029017857142857144
12 0.5535714285714286 0.65625 0.033482142857142856 0.026785714285714284
14 0.328125 0.5680803571428571 0.08705357142857142 0.0625