14 0.8950892857142857 0.17522321428571427 0.041294642857142856 0.11049107142857142
2 0.5212053571428571 0.20089285714285715 0.07700892857142858 0.10044642857142858
14 0.38392857142857145 0.7176339285714286 0.052455357142857144 0.08705357142857142
14 0.34375 0.6584821428571429 0.05803571428571429 0.0625
11 0.7678571428571429 0.5011160714285714 0.06919642857142858 0.09598214285714286
11 0.34375 0.7868303571428571 0.0625 0.10044642857142858
16 0.3314732142857143 0.16629464285714285 0.08147321428571429 0.10602678571428571
13 0.6138392857142857 0.8928571428571429 0.07254464285714286 0.09151785714285714
13 0.7600446428571429 0.8348214285714286 0.07254464285714286 0.09151785714285714
13 0.46763392857142855 0.9118303571428571 0.07700892857142858 0.10044642857142858
13 0.5970982142857143 0.5892857142857143 0.06919642857142858 0.08928571428571429
13 0.5200892857142857 0.5569196428571429 0.07477678571428571 0.10602678571428571