13 0.10825892857142858 0.020089285714285716 0.21651785714285715 0.04017857142857143
13 0.9720982142857143 0.31473214285714285 0.05022321428571429 0.22321428571428573
13 0.9430803571428571 0.9140625 0.109375 0.171875
12 0.7433035714285714 0.6584821428571429 0.09821428571428571 0.09375
13 0.5625 0.030133928571428572 0.23549107142857142 0.060267857142857144
13 0.6852678571428571 0.8002232142857143 0.24776785714285715 0.22879464285714285
6 0.4642857142857143 0.5 0.40625 0.38950892857142855
13 0.4375 0.9575892857142857 0.22098214285714285 0.08370535714285714
13 0.9029017857142857 0.12946428571428573 0.18973214285714285 0.22544642857142858
13 0.12276785714285714 0.7779017857142857 0.22098214285714285 0.22321428571428573
13 0.8950892857142857 0.7466517857142857 0.19754464285714285 0.22098214285714285
13 0.7321428571428571 0.5089285714285714 0.20424107142857142 0.22879464285714285
13 0.21763392857142858 0.9464285714285714 0.23102678571428573 0.10602678571428571
13 0.42745535714285715 0.7276785714285714 0.21205357142857142 0.21651785714285715
13 0.7633928571428571 0.078125 0.20424107142857142 0.15625
13 0.6194196428571429 0.21875 0.23325892857142858 0.22321428571428573
13 0.34486607142857145 0.29017857142857145 0.24553571428571427 0.24776785714285715
13 0.828125 0.31919642857142855 0.23325892857142858 0.20424107142857142
13 0.9095982142857143 0.5033482142857143 0.17075892857142858 0.20424107142857142
13 0.11941964285714286 0.3560267857142857 0.22321428571428573 0.22544642857142858
13 0.15178571428571427 0.5848214285714286 0.1875 0.17299107142857142