13 0.7254464285714286 0.35825892857142855 0.25223214285714285 0.22321428571428573
13 0.7756696428571429 0.21986607142857142 0.21651785714285715 0.22879464285714285
13 0.9720982142857143 0.7823660714285714 0.05580357142857143 0.22544642857142858
13 0.15401785714285715 0.36049107142857145 0.23549107142857142 0.19419642857142858
13 0.05357142857142857 0.7555803571428571 0.10714285714285714 0.19866071428571427
13 0.24888392857142858 0.052455357142857144 0.22544642857142858 0.10044642857142858
13 0.05915178571428571 0.5011160714285714 0.11830357142857142 0.17522321428571427
13 0.8962053571428571 0.08147321428571429 0.19977678571428573 0.16294642857142858
6 0.4966517857142857 0.5435267857142857 0.40401785714285715 0.40848214285714285
13 0.9107142857142857 0.5625 0.17745535714285715 0.23102678571428573
13 0.19642857142857142 0.5323660714285714 0.22098214285714285 0.18973214285714285