13 0.6875 0.16071428571428573 0.28125 0.26674107142857145
13 0.08035714285714286 0.19642857142857142 0.16071428571428573 0.21651785714285715
13 0.7254464285714286 0.9598214285714286 0.20424107142857142 0.07924107142857142
13 0.5245535714285714 0.9765625 0.22767857142857142 0.046875
13 0.09040178571428571 0.8683035714285714 0.18080357142857142 0.2544642857142857
13 0.8939732142857143 0.06361607142857142 0.20424107142857142 0.12723214285714285
13 0.7209821428571429 0.7533482142857143 0.26004464285714285 0.2622767857142857
12 0.9698660714285714 0.20647321428571427 0.060267857142857144 0.05803571428571429
0 0.8962053571428571 0.8950892857142857 0.16852678571428573 0.17075892857142858
13 0.47767857142857145 0.05915178571428571 0.23772321428571427 0.11830357142857142
13 0.13727678571428573 0.03794642857142857 0.24776785714285715 0.07589285714285714
13 0.20758928571428573 0.37611607142857145 0.21205357142857142 0.24553571428571427
13 0.14508928571428573 0.9319196428571429 0.25 0.13616071428571427
13 0.43191964285714285 0.8493303571428571 0.25223214285714285 0.23995535714285715
3 0.5100446428571429 0.5 0.43080357142857145 0.49330357142857145
13 0.18526785714285715 0.6305803571428571 0.26450892857142855 0.24330357142857142
13 0.8470982142857143 0.28236607142857145 0.21205357142857142 0.20647321428571427
13 0.8337053571428571 0.6037946428571429 0.20870535714285715 0.23772321428571427