13 0.43526785714285715 0.013392857142857142 0.21651785714285715 0.026785714285714284
13 0.08816964285714286 0.9754464285714286 0.17522321428571427 0.04799107142857143
13 0.5915178571428571 0.06808035714285714 0.18973214285714285 0.13169642857142858
13 0.8716517857142857 0.7142857142857143 0.23102678571428573 0.22098214285714285
13 0.4017857142857143 0.7098214285714286 0.18080357142857142 0.21651785714285715
13 0.13392857142857142 0.4263392857142857 0.24553571428571427 0.22544642857142858
12 0.025669642857142856 0.3638392857142857 0.05022321428571429 0.09375
13 0.5502232142857143 0.22544642857142858 0.24330357142857142 0.17745535714285715
13 0.07589285714285714 0.06808035714285714 0.15178571428571427 0.13616071428571427
13 0.23995535714285715 0.59375 0.22098214285714285 0.22879464285714285
9 0.5022321428571429 0.49776785714285715 0.38950892857142855 0.36830357142857145
13 0.5792410714285714 0.875 0.21428571428571427 0.21205357142857142