13 0.06584821428571429 0.5948660714285714 0.13169642857142858 0.2767857142857143
13 0.7466517857142857 0.11495535714285714 0.2689732142857143 0.22544642857142858
13 0.5345982142857143 0.025669642857142856 0.18526785714285715 0.05022321428571429
13 0.7667410714285714 0.21651785714285715 0.22098214285714285 0.17745535714285715
13 0.030133928571428572 0.8928571428571429 0.060267857142857144 0.21428571428571427
13 0.4486607142857143 0.9453125 0.22767857142857142 0.109375
12 0.4564732142857143 0.8470982142857143 0.11495535714285714 0.11049107142857142
6 0.5022321428571429 0.5513392857142857 0.28348214285714285 0.3247767857142857
13 0.37276785714285715 0.359375 0.27901785714285715 0.20424107142857142
13 0.9464285714285714 0.8058035714285714 0.10379464285714286 0.22321428571428573
13 0.7310267857142857 0.40066964285714285 0.26674107142857145 0.21651785714285715
13 0.7377232142857143 0.875 0.26450892857142855 0.24553571428571427
13 0.9319196428571429 0.19977678571428573 0.13616071428571427 0.21205357142857142
13 0.38058035714285715 0.07924107142857142 0.25 0.15848214285714285
13 0.11607142857142858 0.10491071428571429 0.23214285714285715 0.20535714285714285
13 0.10825892857142858 0.6685267857142857 0.21205357142857142 0.21428571428571427
13 0.8125 0.7053571428571429 0.22544642857142858 0.19419642857142858
13 0.5647321428571429 0.2611607142857143 0.20870535714285715 0.21205357142857142
13 0.9073660714285714 0.5345982142857143 0.18526785714285715 0.25669642857142855
13 0.24107142857142858 0.8872767857142857 0.23325892857142858 0.22544642857142858