17 0.3638392857142857 0.34598214285714285 0.06696428571428571 0.09598214285714286
17 0.9151785714285714 0.6127232142857143 0.0625 0.09151785714285714
8 0.7678571428571429 0.8872767857142857 0.060267857142857144 0.08370535714285714
1 0.4810267857142857 0.08816964285714286 0.07700892857142858 0.11272321428571429
1 0.23325892857142858 0.43973214285714285 0.06696428571428571 0.07924107142857142
1 0.32254464285714285 0.7310267857142857 0.07254464285714286 0.07477678571428571
1 0.25 0.8303571428571429 0.06919642857142858 0.09598214285714286
1 0.2622767857142857 0.13169642857142858 0.07700892857142858 0.08705357142857142
17 0.4107142857142857 0.04352678571428571 0.07700892857142858 0.08705357142857142
17 0.36495535714285715 0.17410714285714285 0.07700892857142858 0.09375
17 0.6205357142857143 0.4107142857142857 0.07254464285714286 0.09598214285714286
12 0.40513392857142855 0.7622767857142857 0.04799107142857143 0.06919642857142858
12 0.7600446428571429 0.7142857142857143 0.024553571428571428 0.033482142857142856
12 0.8939732142857143 0.7801339285714286 0.03125 0.04352678571428571
12 0.19308035714285715 0.45424107142857145 0.029017857142857144 0.041294642857142856
12 0.027901785714285716 0.5189732142857143 0.03125 0.033482142857142856
12 0.15178571428571427 0.9375 0.024553571428571428 0.03794642857142857
12 0.06584821428571429 0.9776785714285714 0.029017857142857144 0.03571428571428571
12 0.7723214285714286 0.96875 0.03571428571428571 0.03571428571428571
14 0.7053571428571429 0.29910714285714285 0.08705357142857142 0.09151785714285714
15 0.3013392857142857 0.5904017857142857 0.06919642857142858 0.09375
15 0.49441964285714285 0.28013392857142855 0.06696428571428571 0.09375
15 0.6026785714285714 0.16294642857142858 0.06919642857142858 0.09151785714285714
11 0.7064732142857143 0.14620535714285715 0.08147321428571429 0.07700892857142858
15 0.625 0.8649553571428571 0.0625 0.08705357142857142
15 0.7712053571428571 0.08258928571428571 0.07477678571428571 0.09375
15 0.8627232142857143 0.953125 0.07700892857142858 0.09375
15 0.5535714285714286 0.08928571428571429 0.06473214285714286 0.09151785714285714
15 0.41964285714285715 0.11272321428571429 0.07700892857142858 0.09151785714285714
15 0.09151785714285714 0.18415178571428573 0.06473214285714286 0.09821428571428571