15 0.38169642857142855 0.4877232142857143 0.07924107142857142 0.11272321428571429
15 0.22544642857142858 0.49107142857142855 0.07700892857142858 0.11272321428571429
15 0.28013392857142855 0.7165178571428571 0.07924107142857142 0.11272321428571429
15 0.14174107142857142 0.8292410714285714 0.07924107142857142 0.11272321428571429
15 0.11272321428571429 0.7377232142857143 0.07700892857142858 0.11272321428571429
15 0.033482142857142856 0.65625 0.06696428571428571 0.11272321428571429
15 0.10825892857142858 0.6272321428571429 0.07924107142857142 0.11272321428571429
15 0.09486607142857142 0.7935267857142857 0.07924107142857142 0.11272321428571429
15 0.16629464285714285 0.6875 0.07924107142857142 0.11272321428571429
15 0.28236607142857145 0.8660714285714286 0.07924107142857142 0.11272321428571429
15 0.35379464285714285 0.7098214285714286 0.07924107142857142 0.11272321428571429
15 0.3002232142857143 0.4654017857142857 0.07924107142857142 0.11272321428571429
15 0.265625 0.21316964285714285 0.07924107142857142 0.11272321428571429
15 0.07924107142857142 0.265625 0.06919642857142858 0.08370535714285714
15 0.14397321428571427 0.10267857142857142 0.052455357142857144 0.09151785714285714
15 0.34151785714285715 0.06473214285714286 0.06473214285714286 0.08928571428571429
15 0.3950892857142857 0.29799107142857145 0.07924107142857142 0.11272321428571429
15 0.3314732142857143 0.2622767857142857 0.07924107142857142 0.11272321428571429
15 0.35825892857142855 0.34933035714285715 0.07924107142857142 0.11272321428571429
15 0.48549107142857145 0.8292410714285714 0.07924107142857142 0.11272321428571429
15 0.6495535714285714 0.7622767857142857 0.07924107142857142 0.11272321428571429
15 0.6316964285714286 0.6651785714285714 0.07924107142857142 0.11272321428571429
15 0.7120535714285714 0.71875 0.07924107142857142 0.11272321428571429
15 0.8225446428571429 0.46316964285714285 0.07924107142857142 0.11272321428571429
15 0.8917410714285714 0.4185267857142857 0.07924107142857142 0.11272321428571429
15 0.8995535714285714 0.2689732142857143 0.07924107142857142 0.11272321428571429
15 0.9408482142857143 0.3325892857142857 0.07924107142857142 0.11272321428571429
15 0.7087053571428571 0.17522321428571427 0.07924107142857142 0.11272321428571429
15 0.6238839285714286 0.3013392857142857 0.07924107142857142 0.11272321428571429
15 0.5412946428571429 0.25 0.07924107142857142 0.11272321428571429
15 0.4330357142857143 0.25 0.07924107142857142 0.11272321428571429
15 0.6071428571428571 0.05357142857142857 0.08035714285714286 0.10714285714285714
8 0.5558035714285714 0.036830357142857144 0.0625 0.07366071428571429
15 0.5345982142857143 0.3939732142857143 0.07924107142857142 0.11272321428571429
15 0.5993303571428571 0.43973214285714285 0.07924107142857142 0.11272321428571429
15 0.8504464285714286 0.7064732142857143 0.07924107142857142 0.11272321428571429
15 0.6830357142857143 0.9397321428571429 0.07924107142857142 0.11272321428571429
15 0.7511160714285714 0.875 0.07924107142857142 0.11272321428571429
15 0.7801339285714286 0.7901785714285714 0.07924107142857142 0.11272321428571429
15 0.9073660714285714 0.5714285714285714 0.07924107142857142 0.11272321428571429
15 0.5948660714285714 0.12723214285714285 0.07700892857142858 0.11272321428571429
15 0.6417410714285714 0.11160714285714286 0.060267857142857144 0.09375
15 0.9654017857142857 0.04799107142857143 0.06919642857142858 0.09598214285714286
15 0.6997767857142857 0.3939732142857143 0.07924107142857142 0.11272321428571429
8 0.06919642857142858 0.328125 0.06696428571428571 0.08370535714285714
8 0.12276785714285714 0.041294642857142856 0.06696428571428571 0.08147321428571429
8 0.5513392857142857 0.7243303571428571 0.07924107142857142 0.11272321428571429
15 0.15625 0.27232142857142855 0.07924107142857142 0.11272321428571429
1 0.28013392857142855 0.30691964285714285 0.05022321428571429 0.07700892857142858
1 0.33816964285714285 0.6495535714285714 0.07477678571428571 0.09151785714285714
1 0.7901785714285714 0.2845982142857143 0.06473214285714286 0.10379464285714286