8 0.1875 0.15066964285714285 0.11272321428571429 0.07700892857142858
12 0.29910714285714285 0.23660714285714285 0.03794642857142857 0.033482142857142856
12 0.28236607142857145 0.37723214285714285 0.024553571428571428 0.016741071428571428
12 0.6919642857142857 0.22879464285714285 0.03125 0.024553571428571428
12 0.25892857142857145 0.8169642857142857 0.029017857142857144 0.018973214285714284
12 0.26450892857142855 0.8392857142857143 0.024553571428571428 0.012276785714285714
12 0.3002232142857143 0.8169642857142857 0.024553571428571428 0.016741071428571428
12 0.35044642857142855 0.9508928571428571 0.024553571428571428 0.018973214285714284
12 0.3404017857142857 0.8493303571428571 0.024553571428571428 0.024553571428571428
12 0.34263392857142855 0.8136160714285714 0.029017857142857144 0.018973214285714284
15 0.42745535714285715 0.8147321428571429 0.06473214285714286 0.052455357142857144
14 0.47433035714285715 0.53125 0.07477678571428571 0.07700892857142858
12 0.16741071428571427 0.8962053571428571 0.024553571428571428 0.029017857142857144
12 0.14174107142857142 0.78125 0.024553571428571428 0.03125
12 0.24330357142857142 0.5959821428571429 0.024553571428571428 0.024553571428571428
12 0.09375 0.4642857142857143 0.024553571428571428 0.021205357142857144
12 0.026785714285714284 0.28125 0.029017857142857144 0.024553571428571428
12 0.6071428571428571 0.6975446428571429 0.029017857142857144 0.021205357142857144
12 0.7321428571428571 0.9040178571428571 0.033482142857142856 0.029017857142857144
1 0.8002232142857143 0.8180803571428571 0.09375 0.06473214285714286
1 0.8694196428571429 0.7232142857142857 0.09151785714285714 0.060267857142857144
1 0.5591517857142857 0.5189732142857143 0.09151785714285714 0.08370535714285714
1 0.5580357142857143 0.2845982142857143 0.11049107142857142 0.07700892857142858
13 0.6517857142857143 0.42857142857142855 0.09375 0.07477678571428571
13 0.6551339285714286 0.5256696428571429 0.08705357142857142 0.07254464285714286
13 0.6685267857142857 0.5881696428571429 0.08147321428571429 0.0625
13 0.7912946428571429 0.7522321428571429 0.09375 0.07254464285714286
13 0.7723214285714286 0.9575892857142857 0.08147321428571429 0.06696428571428571
13 0.15178571428571427 0.49776785714285715 0.09375 0.07254464285714286
1 0.17075892857142858 0.046875 0.08705357142857142 0.07700892857142858
12 0.09263392857142858 0.06696428571428571 0.029017857142857144 0.024553571428571428
1 0.7600446428571429 0.18526785714285715 0.09375 0.07700892857142858
17 0.8169642857142857 0.32589285714285715 0.09151785714285714 0.07254464285714286
13 0.5167410714285714 0.40848214285714285 0.08705357142857142 0.06696428571428571
13 0.47433035714285715 0.125 0.08147321428571429 0.0625
13 0.38950892857142855 0.09598214285714286 0.08705357142857142 0.07254464285714286
13 0.7924107142857143 0.09040178571428571 0.08705357142857142 0.0625
13 0.8928571428571429 0.10714285714285714 0.08147321428571429 0.06696428571428571
13 0.8816964285714286 0.04352678571428571 0.08147321428571429 0.06696428571428571
13 0.7991071428571429 0.03125 0.08147321428571429 0.0625
13 0.3705357142857143 0.3080357142857143 0.08147321428571429 0.0625
12 0.30357142857142855 0.3013392857142857 0.024553571428571428 0.016741071428571428