3 0.17522321428571427 0.15959821428571427 0.35044642857142855 0.31919642857142855
13 0.7321428571428571 0.30691964285714285 0.31026785714285715 0.026785714285714284
13 0.875 0.19754464285714285 0.25 0.24553571428571427
13 0.7667410714285714 0.17857142857142858 0.2689732142857143 0.26450892857142855
3 0.7946428571428571 0.04799107142857143 0.4107142857142857 0.09598214285714286
13 0.5625 0.08370535714285714 0.24553571428571427 0.16741071428571427
13 0.5279017857142857 0.22098214285714285 0.17522321428571427 0.19754464285714285
13 0.03459821428571429 0.6294642857142857 0.06919642857142858 0.25
3 0.23995535714285715 0.6517857142857143 0.39955357142857145 0.5245535714285714
13 0.07589285714285714 0.40625 0.15178571428571427 0.17299107142857142
13 0.2689732142857143 0.3705357142857143 0.24553571428571427 0.10044642857142858
3 0.8091517857142857 0.5725446428571429 0.38169642857142855 0.5044642857142857