18 0.5558035714285714 0.7477678571428571 0.14620535714285715 0.08147321428571429
14 0.09151785714285714 0.6897321428571429 0.07700892857142858 0.04575892857142857
14 0.17410714285714285 0.7098214285714286 0.08928571428571429 0.06919642857142858
14 0.29464285714285715 0.8872767857142857 0.08147321428571429 0.04799107142857143
14 0.24553571428571427 0.9464285714285714 0.0625 0.04799107142857143
14 0.39620535714285715 0.9040178571428571 0.05803571428571429 0.041294642857142856
14 0.46875 0.9207589285714286 0.041294642857142856 0.041294642857142856
14 0.7321428571428571 0.796875 0.07254464285714286 0.052455357142857144
14 0.6908482142857143 0.6919642857142857 0.0625 0.052455357142857144
14 0.6886160714285714 0.5736607142857143 0.0625 0.05022321428571429
14 0.5825892857142857 0.6272321428571429 0.06696428571428571 0.04799107142857143
14 0.6216517857142857 0.40625 0.07254464285714286 0.05580357142857143
14 0.7991071428571429 0.24776785714285715 0.06919642857142858 0.052455357142857144
14 0.8660714285714286 0.19642857142857142 0.07254464285714286 0.08705357142857142
14 0.9040178571428571 0.07477678571428571 0.11049107142857142 0.03794642857142857
14 0.9252232142857143 0.10491071428571429 0.052455357142857144 0.04352678571428571
14 0.9732142857142857 0.10379464285714286 0.052455357142857144 0.04799107142857143
14 0.5491071428571429 0.05357142857142857 0.0625 0.06696428571428571
14 0.5915178571428571 0.15736607142857142 0.07477678571428571 0.05803571428571429
14 0.6875 0.28683035714285715 0.07700892857142858 0.052455357142857144
14 0.6595982142857143 0.15513392857142858 0.052455357142857144 0.05803571428571429
14 0.40848214285714285 0.3325892857142857 0.0625 0.04352678571428571
14 0.4966517857142857 0.35267857142857145 0.06696428571428571 0.052455357142857144
17 0.7377232142857143 0.14285714285714285 0.10379464285714286 0.07700892857142858
17 0.9285714285714286 0.5345982142857143 0.10602678571428571 0.07254464285714286
14 0.5625 0.5122767857142857 0.08147321428571429 0.06473214285714286
14 0.35379464285714285 0.5379464285714286 0.0625 0.05803571428571429
14 0.30691964285714285 0.17633928571428573 0.06696428571428571 0.06473214285714286
14 0.08370535714285714 0.2689732142857143 0.05803571428571429 0.04799107142857143
14 0.09486607142857142 0.7779017857142857 0.05580357142857143 0.041294642857142856
18 0.31026785714285715 0.2700892857142857 0.08928571428571429 0.07477678571428571
12 0.203125 0.4966517857142857 0.033482142857142856 0.026785714285714284
12 0.27901785714285715 0.7366071428571429 0.03125 0.024553571428571428
12 0.23325892857142858 0.8705357142857143 0.03571428571428571 0.024553571428571428
12 0.5636160714285714 0.5602678571428571 0.033482142857142856 0.024553571428571428
12 0.24330357142857142 0.11049107142857142 0.03794642857142857 0.029017857142857144
7 0.13727678571428573 0.08705357142857142 0.11049107142857142 0.07254464285714286
17 0.7600446428571429 0.036830357142857144 0.10825892857142858 0.07254464285714286
17 0.29910714285714285 0.38839285714285715 0.11049107142857142 0.09375