13 0.8549107142857143 0.7589285714285714 0.07700892857142858 0.11272321428571429
13 0.9006696428571429 0.9375 0.07700892857142858 0.11272321428571429
11 0.7868303571428571 0.9375 0.07700892857142858 0.08370535714285714
13 0.8392857142857143 0.8861607142857143 0.07700892857142858 0.11272321428571429
13 0.703125 0.9363839285714286 0.07254464285714286 0.09821428571428571
16 0.6238839285714286 0.9229910714285714 0.07700892857142858 0.11272321428571429
16 0.49330357142857145 0.8627232142857143 0.07477678571428571 0.09375
13 0.9542410714285714 0.6852678571428571 0.07700892857142858 0.11272321428571429
15 0.65625 0.7745535714285714 0.07700892857142858 0.11272321428571429
13 0.6607142857142857 0.6729910714285714 0.07700892857142858 0.11272321428571429
13 0.7154017857142857 0.5959821428571429 0.07700892857142858 0.11272321428571429
13 0.7332589285714286 0.8035714285714286 0.07700892857142858 0.11272321428571429
15 0.5334821428571429 0.7845982142857143 0.07700892857142858 0.11272321428571429
13 0.6238839285714286 0.5825892857142857 0.07700892857142858 0.11272321428571429
13 0.5770089285714286 0.6595982142857143 0.07700892857142858 0.11272321428571429
13 0.6986607142857143 0.40848214285714285 0.07700892857142858 0.11272321428571429
13 0.5970982142857143 0.44642857142857145 0.07700892857142858 0.11272321428571429
13 0.8058035714285714 0.38504464285714285 0.07700892857142858 0.11272321428571429
15 0.39732142857142855 0.375 0.07700892857142858 0.11272321428571429
15 0.39174107142857145 0.6517857142857143 0.07700892857142858 0.11272321428571429
16 0.19754464285714285 0.8571428571428571 0.07700892857142858 0.11272321428571429
8 0.31919642857142855 0.7176339285714286 0.05803571428571429 0.07254464285714286
8 0.28013392857142855 0.46986607142857145 0.07254464285714286 0.08147321428571429
11 0.5223214285714286 0.9341517857142857 0.07700892857142858 0.09375
11 0.03571428571428571 0.7165178571428571 0.07142857142857142 0.08482142857142858
11 0.2611607142857143 0.6618303571428571 0.0625 0.10044642857142858
13 0.30357142857142855 0.5569196428571429 0.07700892857142858 0.11272321428571429
13 0.15848214285714285 0.6060267857142857 0.07700892857142858 0.11272321428571429
13 0.44419642857142855 0.9274553571428571 0.07700892857142858 0.11272321428571429
13 0.41294642857142855 0.84375 0.07700892857142858 0.11272321428571429
13 0.3169642857142857 0.8314732142857143 0.07700892857142858 0.11272321428571429
13 0.31361607142857145 0.9162946428571429 0.07700892857142858 0.08705357142857142
13 0.18191964285714285 0.9564732142857143 0.07700892857142858 0.08705357142857142
13 0.09263392857142858 0.8973214285714286 0.07700892857142858 0.11272321428571429
13 0.03794642857142857 0.6328125 0.07589285714285714 0.11383928571428571
11 0.22544642857142858 0.7533482142857143 0.07924107142857142 0.09151785714285714
15 0.10714285714285714 0.4185267857142857 0.07700892857142858 0.11272321428571429
15 0.24665178571428573 0.3325892857142857 0.07700892857142858 0.11272321428571429
16 0.28125 0.25111607142857145 0.07700892857142858 0.11272321428571429
13 0.08705357142857142 0.265625 0.07254464285714286 0.08928571428571429
13 0.049107142857142856 0.03794642857142857 0.07589285714285714 0.07589285714285714
13 0.10491071428571429 0.08816964285714286 0.0625 0.09151785714285714
13 0.030133928571428572 0.12834821428571427 0.060267857142857144 0.11272321428571429
13 0.07924107142857142 0.17075892857142858 0.07700892857142858 0.11272321428571429
11 0.20200892857142858 0.42075892857142855 0.07700892857142858 0.11272321428571429
13 0.03459821428571429 0.40625 0.06919642857142858 0.11272321428571429
11 0.44308035714285715 0.18638392857142858 0.07254464285714286 0.09375
13 0.38058035714285715 0.11607142857142858 0.07700892857142858 0.11272321428571429
13 0.5625 0.09598214285714286 0.07700892857142858 0.11272321428571429
13 0.5145089285714286 0.13727678571428573 0.07700892857142858 0.11272321428571429
13 0.6261160714285714 0.12723214285714285 0.07700892857142858 0.11272321428571429
13 0.6986607142857143 0.056919642857142856 0.07700892857142858 0.11272321428571429
11 0.8169642857142857 0.30245535714285715 0.07700892857142858 0.09598214285714286
13 0.8359375 0.05133928571428571 0.078125 0.10267857142857142
13 0.5323660714285714 0.41517857142857145 0.07700892857142858 0.11272321428571429
13 0.46763392857142855 0.46651785714285715 0.07700892857142858 0.11272321428571429
13 0.65625 0.5055803571428571 0.07700892857142858 0.11272321428571429
15 0.7857142857142857 0.15625 0.07477678571428571 0.08928571428571429
13 0.32700892857142855 0.17857142857142858 0.07700892857142858 0.11272321428571429
13 0.5669642857142857 0.21986607142857142 0.07700892857142858 0.11272321428571429
13 0.6316964285714286 0.2533482142857143 0.07700892857142858 0.11272321428571429
8 0.11383928571428571 0.8214285714285714 0.0625 0.08705357142857142
8 0.15513392857142858 0.3247767857142857 0.05803571428571429 0.07254464285714286
8 0.18415178571428573 0.23883928571428573 0.060267857142857144 0.09598214285714286
8 0.15401785714285715 0.15848214285714285 0.060267857142857144 0.07477678571428571
8 0.17857142857142858 0.03125 0.06696428571428571 0.0625