2 0.9441964285714286 0.19084821428571427 0.11049107142857142 0.07700892857142858
2 0.9084821428571429 0.8225446428571429 0.11272321428571429 0.07700892857142858
2 0.8783482142857143 0.6361607142857143 0.11272321428571429 0.07700892857142858
2 0.8839285714285714 0.5055803571428571 0.11272321428571429 0.07700892857142858
2 0.8493303571428571 0.18303571428571427 0.11495535714285714 0.08705357142857142
2 0.8526785714285714 0.31361607142857145 0.11272321428571429 0.07700892857142858
2 0.8136160714285714 0.7399553571428571 0.12946428571428573 0.10044642857142858
2 0.7935267857142857 0.6238839285714286 0.11272321428571429 0.07700892857142858
2 0.8013392857142857 0.4029017857142857 0.11272321428571429 0.07700892857142858
2 0.75 0.8962053571428571 0.11272321428571429 0.07700892857142858
2 0.7299107142857143 0.5457589285714286 0.11272321428571429 0.07700892857142858
2 0.7165178571428571 0.7131696428571429 0.11272321428571429 0.07700892857142858
2 0.6450892857142857 0.8448660714285714 0.11272321428571429 0.07924107142857142
2 0.6651785714285714 0.65625 0.125 0.08705357142857142
2 0.6272321428571429 0.25558035714285715 0.11272321428571429 0.07700892857142858
2 0.6194196428571429 0.4564732142857143 0.11272321428571429 0.07700892857142858
2 0.5993303571428571 0.38504464285714285 0.11495535714285714 0.08147321428571429
2 0.6060267857142857 0.15736607142857142 0.11272321428571429 0.07700892857142858
2 0.5669642857142857 0.30691964285714285 0.10602678571428571 0.06919642857142858
2 0.5569196428571429 0.8482142857142857 0.11272321428571429 0.07700892857142858
2 0.4799107142857143 0.8091517857142857 0.11272321428571429 0.07700892857142858
2 0.47767857142857145 0.3560267857142857 0.11272321428571429 0.07700892857142858
2 0.46316964285714285 0.9263392857142857 0.11272321428571429 0.07700892857142858
2 0.4341517857142857 0.07700892857142858 0.11272321428571429 0.07700892857142858
2 0.40066964285714285 0.15736607142857142 0.11272321428571429 0.07700892857142858
2 0.37723214285714285 0.7723214285714286 0.125 0.09151785714285714
2 0.36830357142857145 0.5011160714285714 0.11272321428571429 0.07700892857142858
2 0.34598214285714285 0.21316964285714285 0.11272321428571429 0.07700892857142858
2 0.296875 0.8883928571428571 0.125 0.09151785714285714
2 0.27901785714285715 0.5892857142857143 0.11272321428571429 0.07700892857142858
2 0.22767857142857142 0.7075892857142857 0.11495535714285714 0.08370535714285714
2 0.17633928571428573 0.14508928571428573 0.12053571428571429 0.08370535714285714
2 0.18526785714285715 0.7912946428571429 0.11272321428571429 0.07924107142857142
2 0.17075892857142858 0.3169642857142857 0.11272321428571429 0.07700892857142858
2 0.16183035714285715 0.8895089285714286 0.11272321428571429 0.07700892857142858
2 0.14174107142857142 0.4955357142857143 0.11272321428571429 0.07700892857142858
2 0.10044642857142858 0.40066964285714285 0.13504464285714285 0.10825892857142858
2 0.09709821428571429 0.6149553571428571 0.11272321428571429 0.07700892857142858
2 0.09709821428571429 0.203125 0.11272321428571429 0.07700892857142858
2 0.07142857142857142 0.9542410714285714 0.11272321428571429 0.07924107142857142
12 0.31138392857142855 0.6238839285714286 0.041294642857142856 0.033482142857142856
12 0.9095982142857143 0.5558035714285714 0.04352678571428571 0.033482142857142856
12 0.9084821428571429 0.4185267857142857 0.04575892857142857 0.03794642857142857