17 0.6517857142857143 0.7254464285714286 0.07477678571428571 0.10044642857142858
17 0.6752232142857143 0.31026785714285715 0.07700892857142858 0.11272321428571429
14 0.7410714285714286 0.6439732142857143 0.07477678571428571 0.09598214285714286
14 0.4185267857142857 0.6082589285714286 0.052455357142857144 0.08147321428571429
14 0.3091517857142857 0.22991071428571427 0.05580357142857143 0.06696428571428571
5 0.7935267857142857 0.23549107142857142 0.07700892857142858 0.11272321428571429
5 0.9375 0.7209821428571429 0.07700892857142858 0.11272321428571429
5 0.5725446428571429 0.33816964285714285 0.07700892857142858 0.11272321428571429
11 0.09933035714285714 0.8426339285714286 0.07700892857142858 0.11272321428571429
14 0.5323660714285714 0.8537946428571429 0.04799107142857143 0.07700892857142858
11 0.7120535714285714 0.9174107142857143 0.07700892857142858 0.11272321428571429
12 0.796875 0.7455357142857143 0.03571428571428571 0.05580357142857143
12 0.6986607142857143 0.7232142857142857 0.033482142857142856 0.052455357142857144
12 0.5022321428571429 0.5022321428571429 0.04352678571428571 0.05803571428571429
12 0.9241071428571429 0.19977678571428573 0.033482142857142856 0.04799107142857143
12 0.18303571428571427 0.7433035714285714 0.03794642857142857 0.052455357142857144
5 0.3861607142857143 0.4955357142857143 0.08147321428571429 0.11049107142857142