13 0.018973214285714284 0.9520089285714286 0.03794642857142857 0.09151785714285714
13 0.3091517857142857 0.016741071428571428 0.21205357142857142 0.033482142857142856
13 0.9765625 0.09933035714285714 0.046875 0.19866071428571427
13 0.9776785714285714 0.8113839285714286 0.044642857142857144 0.21651785714285715
13 0.3247767857142857 0.9263392857142857 0.19419642857142858 0.14620535714285715
13 0.46316964285714285 0.7388392857142857 0.25223214285714285 0.19977678571428573
13 0.14955357142857142 0.9497767857142857 0.20424107142857142 0.10044642857142858
13 0.9185267857142857 0.10714285714285714 0.16294642857142858 0.21428571428571427
13 0.49330357142857145 0.9107142857142857 0.22544642857142858 0.17745535714285715
13 0.9587053571428571 0.47879464285714285 0.08147321428571429 0.17745535714285715
13 0.125 0.05915178571428571 0.22321428571428573 0.11830357142857142
13 0.22544642857142858 0.5736607142857143 0.20424107142857142 0.18526785714285715
13 0.6997767857142857 0.7198660714285714 0.21651785714285715 0.17299107142857142
13 0.8314732142857143 0.5881696428571429 0.22098214285714285 0.1875
13 0.8537946428571429 0.41294642857142855 0.19977678571428573 0.18526785714285715
13 0.28683035714285715 0.12723214285714285 0.20870535714285715 0.22879464285714285
6 0.5379464285714286 0.5111607142857143 0.39174107142857145 0.40401785714285715
13 0.7176339285714286 0.8928571428571429 0.19754464285714285 0.21428571428571427
13 0.21986607142857142 0.31808035714285715 0.21205357142857142 0.1875