6 0.3392857142857143 0.18191964285714285 0.42299107142857145 0.33370535714285715
3 0.7845982142857143 0.17410714285714285 0.43080357142857145 0.3482142857142857
0 0.3872767857142857 0.6696428571428571 0.36495535714285715 0.4877232142857143
13 0.9698660714285714 0.5345982142857143 0.060267857142857144 0.26674107142857145
13 0.8950892857142857 0.7209821428571429 0.20870535714285715 0.25
6 0.6729910714285714 0.6941964285714286 0.20647321428571427 0.36049107142857145
13 0.6841517857142857 0.8984375 0.22991071428571427 0.203125
13 0.8627232142857143 0.8191964285714286 0.27455357142857145 0.25223214285714285
13 0.6741071428571429 0.46763392857142855 0.20870535714285715 0.23772321428571427
13 0.8683035714285714 0.9475446428571429 0.26339285714285715 0.10491071428571429
13 0.8638392857142857 0.46316964285714285 0.27120535714285715 0.22879464285714285