1 0.3169642857142857 0.6919642857142857 0.07254464285714286 0.10602678571428571
1 0.15848214285714285 0.5133928571428571 0.07254464285714286 0.09375
1 0.025669642857142856 0.59375 0.05022321428571429 0.08147321428571429
1 0.7901785714285714 0.8761160714285714 0.07700892857142858 0.09598214285714286
1 0.7589285714285714 0.33370535714285715 0.07254464285714286 0.08705357142857142
1 0.7042410714285714 0.12611607142857142 0.06696428571428571 0.09151785714285714
1 0.5825892857142857 0.19419642857142858 0.07254464285714286 0.10379464285714286
1 0.027901785714285716 0.20200892857142858 0.05580357142857143 0.09151785714285714
1 0.5279017857142857 0.7991071428571429 0.07254464285714286 0.09151785714285714
17 0.26004464285714285 0.7857142857142857 0.06919642857142858 0.09598214285714286
17 0.43973214285714285 0.7388392857142857 0.06696428571428571 0.10602678571428571
17 0.030133928571428572 0.7823660714285714 0.060267857142857144 0.08928571428571429
17 0.5970982142857143 0.8180803571428571 0.07254464285714286 0.09598214285714286
17 0.9475446428571429 0.453125 0.07254464285714286 0.08928571428571429
17 0.9765625 0.25111607142857145 0.046875 0.10044642857142858
17 0.6305803571428571 0.12834821428571427 0.06473214285714286 0.08705357142857142
17 0.32700892857142855 0.34375 0.07254464285714286 0.08928571428571429
17 0.3247767857142857 0.25 0.06696428571428571 0.08705357142857142
15 0.4810267857142857 0.31808035714285715 0.0625 0.08147321428571429
15 0.36941964285714285 0.4888392857142857 0.06696428571428571 0.08705357142857142
12 0.27901785714285715 0.2700892857142857 0.033482142857142856 0.04799107142857143
12 0.18191964285714285 0.5803571428571429 0.029017857142857144 0.07254464285714286
12 0.16517857142857142 0.3091517857142857 0.029017857142857144 0.04799107142857143
12 0.17633928571428573 0.20424107142857142 0.029017857142857144 0.04799107142857143
12 0.703125 0.33370535714285715 0.033482142857142856 0.04799107142857143
12 0.84375 0.20758928571428573 0.03794642857142857 0.03571428571428571
12 0.9162946428571429 0.12276785714285714 0.03794642857142857 0.05803571428571429
12 0.9575892857142857 0.31473214285714285 0.03125 0.04352678571428571
12 0.2533482142857143 0.8716517857142857 0.029017857142857144 0.04352678571428571
11 0.19977678571428573 0.8861607142857143 0.07254464285714286 0.07254464285714286
2 0.7700892857142857 0.9732142857142857 0.07924107142857142 0.052455357142857144
14 0.7767857142857143 0.5647321428571429 0.0625 0.06473214285714286
1 0.5613839285714286 0.04241071428571429 0.07254464285714286 0.08147321428571429
11 0.3939732142857143 0.27120535714285715 0.07254464285714286 0.10602678571428571