13 0.07254464285714286 0.08928571428571429 0.14397321428571427 0.17745535714285715
6 0.16071428571428573 0.37388392857142855 0.32142857142857145 0.43080357142857145
13 0.4486607142857143 0.033482142857142856 0.12276785714285714 0.06696428571428571
13 0.41517857142857145 0.5558035714285714 0.18973214285714285 0.06696428571428571
13 0.29910714285714285 0.08928571428571429 0.24330357142857142 0.17745535714285715
13 0.3939732142857143 0.40401785714285715 0.23102678571428573 0.27455357142857145
12 0.9040178571428571 0.578125 0.07700892857142858 0.021205357142857144
3 0.6997767857142857 0.296875 0.3794642857142857 0.5212053571428571
13 0.8828125 0.06584821428571429 0.234375 0.13169642857142858
13 0.9475446428571429 0.48325892857142855 0.10491071428571429 0.21205357142857142
13 0.9162946428571429 0.2611607142857143 0.16741071428571427 0.26785714285714285
10 0.140625 0.7332589285714286 0.28125 0.28794642857142855
13 0.7712053571428571 0.7779017857142857 0.32924107142857145 0.21205357142857142
13 0.9196428571428571 0.9430803571428571 0.16071428571428573 0.11272321428571429
13 0.953125 0.7444196428571429 0.09375 0.22321428571428573
6 0.7377232142857143 0.6886160714285714 0.30245535714285715 0.19977678571428573