9 0.14955357142857142 0.3560267857142857 0.29799107142857145 0.38504464285714285
10 0.6763392857142857 0.3470982142857143 0.5122767857142857 0.4017857142857143
13 0.06696428571428571 0.9140625 0.13392857142857142 0.171875
13 0.11495535714285714 0.6238839285714286 0.22991071428571427 0.15401785714285715
6 0.16517857142857142 0.7678571428571429 0.26674107142857145 0.37723214285714285
13 0.5245535714285714 0.6082589285714286 0.24553571428571427 0.12053571428571429
13 0.8191964285714286 0.6662946428571429 0.25 0.23549107142857142
6 0.6830357142857143 0.8537946428571429 0.4330357142857143 0.2924107142857143
13 0.35825892857142855 0.6763392857142857 0.12053571428571429 0.25669642857142855
13 0.45870535714285715 0.7700892857142857 0.25 0.24553571428571427
13 0.9453125 0.6651785714285714 0.109375 0.23660714285714285