1 0.22991071428571427 0.3549107142857143 0.06919642857142858 0.08370535714285714
1 0.34598214285714285 0.14174107142857142 0.06696428571428571 0.10602678571428571
1 0.6316964285714286 0.33816964285714285 0.07924107142857142 0.09375
1 0.021205357142857144 0.2611607142857143 0.04241071428571429 0.11160714285714286
1 0.08928571428571429 0.22433035714285715 0.06696428571428571 0.08928571428571429
15 0.19419642857142858 0.6294642857142857 0.07254464285714286 0.08928571428571429
15 0.13727678571428573 0.8872767857142857 0.07477678571428571 0.09598214285714286
15 0.37611607142857145 0.9598214285714286 0.06473214285714286 0.07924107142857142
15 0.9330357142857143 0.6060267857142857 0.0625 0.09151785714285714
15 0.36941964285714285 0.024553571428571428 0.07254464285714286 0.04799107142857143
11 0.34151785714285715 0.3404017857142857 0.06696428571428571 0.10044642857142858
1 0.37276785714285715 0.25669642857142855 0.07254464285714286 0.10379464285714286
1 0.421875 0.07589285714285714 0.0625 0.08147321428571429
17 0.10044642857142858 0.6462053571428571 0.07700892857142858 0.08147321428571429
17 0.84375 0.5189732142857143 0.07254464285714286 0.11049107142857142
17 0.5122767857142857 0.15959821428571427 0.0625 0.09151785714285714
17 0.6138392857142857 0.07589285714285714 0.07700892857142858 0.08705357142857142
1 0.08816964285714286 0.11383928571428571 0.06919642857142858 0.09375
1 0.8705357142857143 0.12611607142857142 0.06696428571428571 0.09821428571428571
1 0.9118303571428571 0.22433035714285715 0.06696428571428571 0.08705357142857142
1 0.9754464285714286 0.08035714285714286 0.04799107142857143 0.09375
17 0.06919642857142858 0.5714285714285714 0.07700892857142858 0.08705357142857142
1 0.15513392857142858 0.29910714285714285 0.07254464285714286 0.07924107142857142
12 0.13616071428571427 0.19866071428571427 0.03125 0.052455357142857144
12 0.10825892857142858 0.453125 0.033482142857142856 0.04799107142857143
12 0.796875 0.25669642857142855 0.033482142857142856 0.05022321428571429
12 0.8102678571428571 0.35825892857142855 0.04575892857142857 0.052455357142857144
12 0.6897321428571429 0.7678571428571429 0.03125 0.052455357142857144
12 0.38950892857142855 0.7410714285714286 0.033482142857142856 0.04799107142857143
12 0.22991071428571427 0.8772321428571429 0.03794642857142857 0.04799107142857143
12 0.484375 0.8292410714285714 0.033482142857142856 0.04352678571428571
12 0.6674107142857143 0.45535714285714285 0.029017857142857144 0.04799107142857143
12 0.6361607142857143 0.46205357142857145 0.029017857142857144 0.03794642857142857