3 0.24888392857142858 0.36495535714285715 0.4877232142857143 0.32700892857142855
13 0.8526785714285714 0.4654017857142857 0.2622767857142857 0.12723214285714285
13 0.9296875 0.4408482142857143 0.140625 0.171875
0 0.6941964285714286 0.15959821428571427 0.3125 0.31919642857142855
13 0.8526785714285714 0.26785714285714285 0.2689732142857143 0.27120535714285715
13 0.9073660714285714 0.05357142857142857 0.18526785714285715 0.10714285714285714
13 0.45982142857142855 0.6975446428571429 0.15625 0.26004464285714285
13 0.33035714285714285 0.5825892857142857 0.18526785714285715 0.10825892857142858
6 0.2935267857142857 0.7622767857142857 0.2935267857142857 0.29575892857142855
13 0.04575892857142857 0.7366071428571429 0.09151785714285714 0.22321428571428573
13 0.453125 0.9084821428571429 0.17075892857142858 0.18303571428571427
3 0.7957589285714286 0.7645089285714286 0.40848214285714285 0.47098214285714285
13 0.6060267857142857 0.9475446428571429 0.13616071428571427 0.10491071428571429
13 0.6897321428571429 0.5602678571428571 0.23549107142857142 0.0625
13 0.5825892857142857 0.7689732142857143 0.08928571428571429 0.21205357142857142