3 0.25669642857142855 0.234375 0.5133928571428571 0.1875
13 0.9598214285714286 0.12611607142857142 0.07924107142857142 0.25223214285714285
9 0.7600446428571429 0.16517857142857142 0.42299107142857145 0.32924107142857145
13 0.15290178571428573 0.47098214285714285 0.2544642857142857 0.2622767857142857
13 0.033482142857142856 0.5669642857142857 0.06696428571428571 0.23549107142857142
13 0.033482142857142856 0.4330357142857143 0.06696428571428571 0.20647321428571427
13 0.04575892857142857 0.9129464285714286 0.09151785714285714 0.17299107142857142
13 0.3794642857142857 0.5267857142857143 0.25223214285714285 0.22879464285714285
13 0.45870535714285715 0.9140625 0.17633928571428573 0.171875
13 0.4575892857142857 0.39955357142857145 0.18080357142857142 0.13950892857142858
13 0.4654017857142857 0.7232142857142857 0.16629464285714285 0.25
0 0.21316964285714285 0.7622767857142857 0.40401785714285715 0.41294642857142855
13 0.7220982142857143 0.40736607142857145 0.21428571428571427 0.15625
13 0.8694196428571429 0.5044642857142857 0.23549107142857142 0.20870535714285715
13 0.9441964285714286 0.8459821428571429 0.11049107142857142 0.21205357142857142
13 0.7723214285714286 0.7667410714285714 0.22879464285714285 0.2544642857142857
0 0.6316964285714286 0.6272321428571429 0.16852678571428573 0.38950892857142855