13 0.9765625 0.9174107142857143 0.046875 0.16071428571428573
13 0.9497767857142857 0.06808035714285714 0.08928571428571429 0.13169642857142858
12 0.20647321428571427 0.025669642857142856 0.15178571428571427 0.05022321428571429
13 0.9363839285714286 0.5379464285714286 0.12723214285714285 0.25669642857142855
13 0.9441964285714286 0.25111607142857145 0.11049107142857142 0.21651785714285715
13 0.09933035714285714 0.5100446428571429 0.19866071428571427 0.25223214285714285
13 0.5613839285714286 0.9375 0.20647321428571427 0.125
3 0.5022321428571429 0.49330357142857145 0.43973214285714285 0.4252232142857143
13 0.2924107142857143 0.7232142857142857 0.20424107142857142 0.20200892857142858
13 0.11272321428571429 0.23549107142857142 0.22098214285714285 0.25223214285714285
13 0.7823660714285714 0.08816964285714286 0.24776785714285715 0.17522321428571427
13 0.08370535714285714 0.7700892857142857 0.16741071428571427 0.21875
13 0.21763392857142858 0.421875 0.19754464285714285 0.22098214285714285
13 0.7868303571428571 0.5089285714285714 0.20424107142857142 0.25223214285714285
13 0.6774553571428571 0.25669642857142855 0.18526785714285715 0.18973214285714285
13 0.7779017857142857 0.8616071428571429 0.23995535714285715 0.22544642857142858
13 0.49888392857142855 0.7901785714285714 0.20870535714285715 0.20200892857142858
13 0.32142857142857145 0.18303571428571427 0.18973214285714285 0.18973214285714285