3 0.28348214285714285 0.4642857142857143 0.4330357142857143 0.6205357142857143
13 0.6595982142857143 0.6607142857142857 0.2767857142857143 0.23549107142857142
13 0.7522321428571429 0.46986607142857145 0.26004464285714285 0.27455357142857145
13 0.8816964285714286 0.11830357142857142 0.23549107142857142 0.17299107142857142
6 0.609375 0.46986607142857145 0.21875 0.45870535714285715
13 0.6473214285714286 0.26339285714285715 0.2767857142857143 0.22098214285714285
13 0.9006696428571429 0.6138392857142857 0.19866071428571427 0.21875
13 0.8828125 0.29017857142857145 0.234375 0.2544642857142857
0 0.25 0.8939732142857143 0.5 0.21205357142857142
13 0.8604910714285714 0.8616071428571429 0.27901785714285715 0.16629464285714285
13 0.6819196428571429 0.90625 0.28125 0.1875
13 0.8794642857142857 0.9375 0.23995535714285715 0.125
13 0.5345982142857143 0.8895089285714286 0.06919642857142858 0.22098214285714285