16 0.9508928571428571 0.17299107142857142 0.09598214285714286 0.08147321428571429
16 0.7176339285714286 0.28236607142857145 0.09151785714285714 0.0625
16 0.6060267857142857 0.36495535714285715 0.11272321428571429 0.07700892857142858
14 0.9575892857142857 0.47098214285714285 0.07700892857142858 0.05803571428571429
14 0.9073660714285714 0.6305803571428571 0.07924107142857142 0.052455357142857144
14 0.31361607142857145 0.36495535714285715 0.12053571428571429 0.07254464285714286
16 0.35714285714285715 0.7957589285714286 0.11272321428571429 0.07477678571428571
16 0.7220982142857143 0.9185267857142857 0.08705357142857142 0.06696428571428571
17 0.14732142857142858 0.3482142857142857 0.11272321428571429 0.07700892857142858
16 0.4564732142857143 0.36495535714285715 0.10044642857142858 0.07700892857142858
5 0.5 0.25892857142857145 0.08147321428571429 0.05803571428571429
13 0.17410714285714285 0.6573660714285714 0.06919642857142858 0.07254464285714286
13 0.8861607142857143 0.7857142857142857 0.08705357142857142 0.06696428571428571
16 0.16294642857142858 0.9441964285714286 0.09598214285714286 0.07700892857142858
16 0.8950892857142857 0.9274553571428571 0.09598214285714286 0.07924107142857142
13 0.796875 0.8247767857142857 0.08705357142857142 0.0625
13 0.8794642857142857 0.8482142857142857 0.08705357142857142 0.06919642857142858
13 0.9654017857142857 0.8917410714285714 0.06696428571428571 0.07700892857142858
13 0.7522321428571429 0.7767857142857143 0.07924107142857142 0.0625
13 0.7946428571428571 0.7276785714285714 0.08705357142857142 0.0625
13 0.8683035714285714 0.6886160714285714 0.09598214285714286 0.06919642857142858
13 0.9587053571428571 0.6930803571428571 0.08147321428571429 0.06473214285714286
13 0.6774553571428571 0.7633928571428571 0.08147321428571429 0.07254464285714286
13 0.6060267857142857 0.7321428571428571 0.08705357142857142 0.0625
13 0.5625 0.8080357142857143 0.08370535714285714 0.06696428571428571
13 0.6473214285714286 0.8314732142857143 0.08705357142857142 0.060267857142857144
13 0.5892857142857143 0.8772321428571429 0.08370535714285714 0.06696428571428571
13 0.6473214285714286 0.9598214285714286 0.10044642857142858 0.07254464285714286
13 0.47098214285714285 0.9263392857142857 0.08705357142857142 0.06473214285714286
13 0.5033482142857143 0.8850446428571429 0.08370535714285714 0.0625
13 0.43191964285714285 0.8270089285714286 0.11272321428571429 0.07700892857142858
13 0.3627232142857143 0.9185267857142857 0.08928571428571429 0.0625
13 0.44754464285714285 0.7366071428571429 0.08147321428571429 0.060267857142857144
11 0.38392857142857145 0.6986607142857143 0.07254464285714286 0.06473214285714286
13 0.23883928571428573 0.7901785714285714 0.08705357142857142 0.06473214285714286
13 0.31026785714285715 0.7332589285714286 0.08705357142857142 0.07254464285714286
13 0.28125 0.8493303571428571 0.08147321428571429 0.060267857142857144
13 0.18191964285714285 0.8738839285714286 0.09375 0.06919642857142858
13 0.26450892857142855 0.9263392857142857 0.09151785714285714 0.07254464285714286
13 0.13950892857142858 0.7488839285714286 0.11272321428571429 0.07700892857142858
13 0.041294642857142856 0.7779017857142857 0.08147321428571429 0.06696428571428571
13 0.06584821428571429 0.8024553571428571 0.08147321428571429 0.05803571428571429
13 0.0625 0.6997767857142857 0.08147321428571429 0.07254464285714286
13 0.30357142857142855 0.6517857142857143 0.09821428571428571 0.06696428571428571
13 0.2845982142857143 0.5825892857142857 0.08147321428571429 0.06696428571428571
13 0.10267857142857142 0.6138392857142857 0.08147321428571429 0.060267857142857144
13 0.15625 0.5647321428571429 0.09821428571428571 0.06696428571428571
13 0.24330357142857142 0.5066964285714286 0.09151785714285714 0.07477678571428571
13 0.234375 0.42857142857142855 0.09375 0.06696428571428571
13 0.3638392857142857 0.5267857142857143 0.09151785714285714 0.06919642857142858
13 0.43861607142857145 0.5669642857142857 0.09598214285714286 0.06473214285714286
13 0.48660714285714285 0.5044642857142857 0.09375 0.06696428571428571
13 0.5725446428571429 0.5602678571428571 0.09598214285714286 0.07254464285714286
13 0.5848214285714286 0.6339285714285714 0.09821428571428571 0.07924107142857142
13 0.6607142857142857 0.6316964285714286 0.09151785714285714 0.0625
11 0.13058035714285715 0.6685267857142857 0.08147321428571429 0.04799107142857143
13 0.6852678571428571 0.4732142857142857 0.09598214285714286 0.06696428571428571
13 0.7790178571428571 0.4575892857142857 0.10044642857142858 0.07254464285714286
13 0.8459821428571429 0.5022321428571429 0.08705357142857142 0.06919642857142858
13 0.9274553571428571 0.5200892857142857 0.08705357142857142 0.0625
13 0.9319196428571429 0.5825892857142857 0.09375 0.0625
13 0.8415178571428571 0.5758928571428571 0.08370535714285714 0.0625
13 0.7522321428571429 0.6004464285714286 0.09598214285714286 0.06696428571428571
13 0.9029017857142857 0.37388392857142855 0.08705357142857142 0.0625
13 0.8381696428571429 0.4107142857142857 0.07924107142857142 0.06696428571428571
13 0.9397321428571429 0.31919642857142855 0.08705357142857142 0.06696428571428571
13 0.9241071428571429 0.24553571428571427 0.07700892857142858 0.06696428571428571
13 0.8683035714285714 0.20424107142857142 0.09151785714285714 0.08370535714285714
15 0.6819196428571429 0.33482142857142855 0.09151785714285714 0.05580357142857143
13 0.5502232142857143 0.31138392857142855 0.08705357142857142 0.06473214285714286
13 0.6261160714285714 0.27232142857142855 0.08370535714285714 0.07254464285714286
13 0.7209821428571429 0.19084821428571427 0.08370535714285714 0.06696428571428571
13 0.7388392857142857 0.15290178571428573 0.09151785714285714 0.05803571428571429
13 0.6897321428571429 0.09263392857142858 0.09375 0.06919642857142858
13 0.5848214285714286 0.09486607142857142 0.09375 0.0625
13 0.6160714285714286 0.033482142857142856 0.09598214285714286 0.0625
13 0.48549107142857145 0.07700892857142858 0.10044642857142858 0.07700892857142858
13 0.4497767857142857 0.030133928571428572 0.08705357142857142 0.060267857142857144
13 0.31473214285714285 0.08147321428571429 0.08705357142857142 0.07700892857142858
13 0.3939732142857143 0.10491071428571429 0.11272321428571429 0.07700892857142858
13 0.34933035714285715 0.21986607142857142 0.10602678571428571 0.07700892857142858
16 0.37611607142857145 0.3013392857142857 0.10602678571428571 0.07700892857142858
13 0.11383928571428571 0.21428571428571427 0.08147321428571429 0.0625
13 0.21986607142857142 0.23549107142857142 0.08147321428571429 0.06696428571428571
13 0.23883928571428573 0.16964285714285715 0.09821428571428571 0.06696428571428571
13 0.19866071428571427 0.12053571428571429 0.09598214285714286 0.06473214285714286
13 0.125 0.14174107142857142 0.09375 0.07254464285714286
13 0.08370535714285714 0.030133928571428572 0.09598214285714286 0.060267857142857144
13 0.036830357142857144 0.16071428571428573 0.07366071428571429 0.06696428571428571
13 0.03571428571428571 0.34375 0.07142857142857142 0.06696428571428571
13 0.10267857142857142 0.2845982142857143 0.10044642857142858 0.06696428571428571
8 0.17410714285714285 0.026785714285714284 0.07477678571428571 0.052455357142857144
13 0.7064732142857143 0.39955357142857145 0.11272321428571429 0.07700892857142858
13 0.5200892857142857 0.43080357142857145 0.08705357142857142 0.07700892857142858
13 0.7477678571428571 0.5345982142857143 0.09151785714285714 0.07700892857142858
13 0.05022321428571429 0.5334821428571429 0.07700892857142858 0.060267857142857144