5 0.8225446428571429 0.9308035714285714 0.11495535714285714 0.09151785714285714
5 0.30691964285714285 0.8560267857142857 0.11272321428571429 0.08705357142857142
7 0.38169642857142855 0.5368303571428571 0.12053571428571429 0.09151785714285714
7 0.7566964285714286 0.6729910714285714 0.11830357142857142 0.08705357142857142
13 0.65625 0.6662946428571429 0.09598214285714286 0.07254464285714286
13 0.6127232142857143 0.7310267857142857 0.09598214285714286 0.07477678571428571
8 0.3794642857142857 0.7209821428571429 0.08928571428571429 0.07254464285714286
8 0.8102678571428571 0.5491071428571429 0.08928571428571429 0.06696428571428571
13 0.8102678571428571 0.35044642857142855 0.11272321428571429 0.07700892857142858
13 0.4263392857142857 0.22098214285714285 0.10044642857142858 0.07700892857142858
11 0.07700892857142858 0.5669642857142857 0.125 0.09598214285714286
13 0.4575892857142857 0.04575892857142857 0.11272321428571429 0.07700892857142858
13 0.640625 0.04352678571428571 0.10602678571428571 0.06919642857142858
13 0.5401785714285714 0.16741071428571427 0.10602678571428571 0.07477678571428571
11 0.7589285714285714 0.40625 0.11272321428571429 0.07700892857142858
11 0.7142857142857143 0.5658482142857143 0.09375 0.06919642857142858
7 0.11495535714285714 0.2845982142857143 0.13504464285714285 0.09598214285714286
13 0.8861607142857143 0.8258928571428571 0.11272321428571429 0.07924107142857142
11 0.7868303571428571 0.19977678571428573 0.11272321428571429 0.07700892857142858
14 0.17299107142857142 0.21763392857142858 0.09151785714285714 0.06696428571428571
5 0.7712053571428571 0.8214285714285714 0.09375 0.09598214285714286
8 0.234375 0.7589285714285714 0.08928571428571429 0.06919642857142858
14 0.6071428571428571 0.8694196428571429 0.11049107142857142 0.0625
12 0.4888392857142857 0.39620535714285715 0.04352678571428571 0.033482142857142856
12 0.53125 0.32700892857142855 0.04352678571428571 0.024553571428571428
12 0.29464285714285715 0.48995535714285715 0.033482142857142856 0.024553571428571428
12 0.4330357142857143 0.484375 0.033482142857142856 0.029017857142857144