2 0.9040178571428571 0.6037946428571429 0.11272321428571429 0.07700892857142858
2 0.8705357142857143 0.6618303571428571 0.12276785714285714 0.08928571428571429
2 0.8549107142857143 0.5245535714285714 0.11272321428571429 0.07700892857142858
2 0.8839285714285714 0.8292410714285714 0.125 0.09151785714285714
2 0.8147321428571429 0.359375 0.11272321428571429 0.07700892857142858
2 0.7779017857142857 0.6395089285714286 0.11272321428571429 0.07700892857142858
2 0.7354910714285714 0.20424107142857142 0.11272321428571429 0.07700892857142858
2 0.7131696428571429 0.8917410714285714 0.11272321428571429 0.07700892857142858
2 0.5970982142857143 0.14955357142857142 0.11272321428571429 0.07700892857142858
2 0.6049107142857143 0.8392857142857143 0.11272321428571429 0.07700892857142858
2 0.5915178571428571 0.3482142857142857 0.11272321428571429 0.07700892857142858
2 0.59375 0.6919642857142857 0.11272321428571429 0.07700892857142858
2 0.5680803571428571 0.5111607142857143 0.11272321428571429 0.07700892857142858
2 0.5591517857142857 0.04017857142857143 0.11272321428571429 0.07924107142857142
2 0.5290178571428571 0.40848214285714285 0.13950892857142858 0.11049107142857142
2 0.5267857142857143 0.6841517857142857 0.11495535714285714 0.08928571428571429
2 0.44642857142857145 0.18303571428571427 0.11272321428571429 0.07700892857142858
2 0.43191964285714285 0.29799107142857145 0.11272321428571429 0.07700892857142858
2 0.41294642857142855 0.6752232142857143 0.12723214285714285 0.08147321428571429
2 0.36049107142857145 0.8470982142857143 0.11272321428571429 0.07924107142857142
2 0.35714285714285715 0.13504464285714285 0.12053571428571429 0.08928571428571429
2 0.36160714285714285 0.04575892857142857 0.12276785714285714 0.08147321428571429
2 0.2935267857142857 0.8816964285714286 0.11272321428571429 0.07924107142857142
2 0.2767857142857143 0.5502232142857143 0.11495535714285714 0.08705357142857142
2 0.24776785714285715 0.10044642857142858 0.11272321428571429 0.07700892857142858
2 0.22991071428571427 0.6194196428571429 0.11272321428571429 0.07700892857142858
2 0.17075892857142858 0.6104910714285714 0.11495535714285714 0.10602678571428571
2 0.15401785714285715 0.47544642857142855 0.11272321428571429 0.07700892857142858
2 0.18191964285714285 0.2779017857142857 0.11272321428571429 0.07700892857142858
2 0.16741071428571427 0.17745535714285715 0.11272321428571429 0.07700892857142858
2 0.09709821428571429 0.33705357142857145 0.11272321428571429 0.07700892857142858
2 0.060267857142857144 0.8147321428571429 0.12053571428571429 0.10044642857142858
2 0.19419642857142858 0.13392857142857142 0.09151785714285714 0.07700892857142858
14 0.2924107142857143 0.7667410714285714 0.09151785714285714 0.08705357142857142
14 0.3013392857142857 0.421875 0.09375 0.07924107142857142