13 0.9631696428571429 0.6417410714285714 0.06919642857142858 0.22544642857142858
13 0.9564732142857143 0.9229910714285714 0.08147321428571429 0.15401785714285715
13 0.5814732142857143 0.8895089285714286 0.20647321428571427 0.20870535714285715
13 0.234375 0.23660714285714285 0.19754464285714285 0.24776785714285715
13 0.9419642857142857 0.34151785714285715 0.11495535714285714 0.19196428571428573
13 0.19419642857142858 0.11383928571428571 0.24553571428571427 0.20647321428571427
13 0.08370535714285714 0.34933035714285715 0.16294642857142858 0.21875
13 0.31473214285714285 0.7198660714285714 0.21428571428571427 0.20647321428571427
6 0.49776785714285715 0.49441964285714285 0.37276785714285715 0.3560267857142857
13 0.8370535714285714 0.8147321428571429 0.21651785714285715 0.23772321428571427
13 0.6897321428571429 0.6830357142857143 0.21428571428571427 0.20870535714285715
13 0.7678571428571429 0.34151785714285715 0.20424107142857142 0.20870535714285715
13 0.16964285714285715 0.9006696428571429 0.22321428571428573 0.19866071428571427
13 0.46763392857142855 0.20089285714285715 0.20870535714285715 0.22098214285714285
13 0.11830357142857142 0.6886160714285714 0.21428571428571427 0.22098214285714285