13 0.4955357142857143 0.05022321428571429 0.07924107142857142 0.10044642857142858
13 0.46986607142857145 0.6160714285714286 0.07924107142857142 0.11272321428571429
13 0.39620535714285715 0.2611607142857143 0.07924107142857142 0.11272321428571429
13 0.20535714285714285 0.036830357142857144 0.08035714285714286 0.07366071428571429
13 0.7935267857142857 0.05022321428571429 0.07924107142857142 0.10044642857142858
13 0.8270089285714286 0.45982142857142855 0.07924107142857142 0.11272321428571429
13 0.33370535714285715 0.31473214285714285 0.07924107142857142 0.11272321428571429
13 0.16294642857142858 0.7243303571428571 0.07924107142857142 0.11272321428571429
13 0.14174107142857142 0.8917410714285714 0.07924107142857142 0.11272321428571429
13 0.53125 0.4720982142857143 0.07924107142857142 0.11272321428571429
13 0.46986607142857145 0.48549107142857145 0.07924107142857142 0.11272321428571429
13 0.4419642857142857 0.15625 0.07924107142857142 0.11272321428571429
13 0.59375 0.24665178571428573 0.07924107142857142 0.11272321428571429
5 0.71875 0.53125 0.07924107142857142 0.11272321428571429
13 0.06696428571428571 0.8895089285714286 0.07924107142857142 0.11272321428571429
13 0.8069196428571429 0.5647321428571429 0.07924107142857142 0.11272321428571429
13 0.6316964285714286 0.5279017857142857 0.07924107142857142 0.11272321428571429
13 0.03236607142857143 0.5256696428571429 0.06473214285714286 0.11272321428571429
13 0.9720982142857143 0.4966517857142857 0.05580357142857143 0.11272321428571429
13 0.6819196428571429 0.45200892857142855 0.07924107142857142 0.11272321428571429
13 0.8448660714285714 0.2924107142857143 0.07924107142857142 0.11272321428571429
13 0.5279017857142857 0.12276785714285714 0.07924107142857142 0.11272321428571429
13 0.7377232142857143 0.08258928571428571 0.07924107142857142 0.11272321428571429
13 0.23325892857142858 0.09151785714285714 0.07924107142857142 0.11272321428571429
13 0.6417410714285714 0.041294642857142856 0.07700892857142858 0.08147321428571429
14 0.7645089285714286 0.3091517857142857 0.07924107142857142 0.11272321428571429
13 0.10825892857142858 0.05022321428571429 0.07924107142857142 0.10044642857142858
13 0.07366071428571429 0.15848214285714285 0.07924107142857142 0.11272321428571429
13 0.17075892857142858 0.08258928571428571 0.07924107142857142 0.11272321428571429
8 0.24330357142857142 0.203125 0.06919642857142858 0.08928571428571429
13 0.171875 0.2611607142857143 0.07924107142857142 0.11272321428571429
13 0.3002232142857143 0.09375 0.07924107142857142 0.11272321428571429
13 0.3392857142857143 0.19642857142857142 0.07924107142857142 0.11272321428571429
13 0.26450892857142855 0.3716517857142857 0.07924107142857142 0.11272321428571429
13 0.07366071428571429 0.4263392857142857 0.07924107142857142 0.11272321428571429
16 0.029017857142857144 0.09263392857142858 0.05803571428571429 0.11272321428571429
13 0.09263392857142858 0.7935267857142857 0.07924107142857142 0.11272321428571429
8 0.05580357142857143 0.7366071428571429 0.06919642857142858 0.10602678571428571
13 0.12388392857142858 0.6529017857142857 0.07924107142857142 0.11272321428571429
13 0.11049107142857142 0.5591517857142857 0.07924107142857142 0.11272321428571429
13 0.20200892857142858 0.5535714285714286 0.07924107142857142 0.11272321428571429
13 0.23102678571428573 0.46316964285714285 0.07924107142857142 0.11272321428571429
13 0.28683035714285715 0.5290178571428571 0.07924107142857142 0.11272321428571429
8 0.359375 0.4888392857142857 0.0625 0.08705357142857142
13 0.4095982142857143 0.5189732142857143 0.07924107142857142 0.11272321428571429
13 0.27120535714285715 0.7064732142857143 0.07924107142857142 0.11272321428571429
13 0.3091517857142857 0.9520089285714286 0.07924107142857142 0.09598214285714286
13 0.37611607142857145 0.7522321428571429 0.07924107142857142 0.11272321428571429
13 0.6149553571428571 0.12834821428571427 0.07924107142857142 0.11272321428571429
13 0.5837053571428571 0.060267857142857144 0.07924107142857142 0.11272321428571429
13 0.6506696428571429 0.19642857142857142 0.07924107142857142 0.11272321428571429
13 0.9263392857142857 0.11049107142857142 0.07924107142857142 0.11272321428571429
13 0.953125 0.19866071428571427 0.07924107142857142 0.11272321428571429
13 0.8761160714285714 0.14732142857142858 0.07924107142857142 0.11272321428571429
13 0.8158482142857143 0.19308035714285715 0.07924107142857142 0.11272321428571429
13 0.796875 0.37276785714285715 0.07924107142857142 0.11272321428571429
13 0.8962053571428571 0.5089285714285714 0.07924107142857142 0.11272321428571429
13 0.9229910714285714 0.6986607142857143 0.07924107142857142 0.11272321428571429
13 0.8694196428571429 0.7790178571428571 0.07924107142857142 0.11272321428571429
13 0.8225446428571429 0.8549107142857143 0.07924107142857142 0.11272321428571429
13 0.859375 0.9464285714285714 0.08035714285714286 0.10714285714285714
13 0.9319196428571429 0.8549107142857143 0.07924107142857142 0.11272321428571429
13 0.6875 0.7645089285714286 0.07924107142857142 0.11272321428571429
13 0.5993303571428571 0.7555803571428571 0.07924107142857142 0.11272321428571429
13 0.6551339285714286 0.9185267857142857 0.07924107142857142 0.11272321428571429
13 0.47879464285714285 0.9029017857142857 0.07924107142857142 0.11272321428571429
16 0.3560267857142857 0.8493303571428571 0.07924107142857142 0.11272321428571429
17 0.5189732142857143 0.7924107142857143 0.07924107142857142 0.11272321428571429
13 0.5435267857142857 0.6361607142857143 0.07924107142857142 0.11272321428571429
2 0.9441964285714286 0.5825892857142857 0.07924107142857142 0.11272321428571429
13 0.96875 0.9386160714285714 0.0625 0.11272321428571429
13 0.6194196428571429 0.6540178571428571 0.07924107142857142 0.11272321428571429
13 0.8024553571428571 0.6584821428571429 0.07924107142857142 0.11272321428571429
13 0.37611607142857145 0.6651785714285714 0.07924107142857142 0.11272321428571429
13 0.4486607142857143 0.7901785714285714 0.07924107142857142 0.11272321428571429
13 0.15625 0.9464285714285714 0.08035714285714286 0.10714285714285714
13 0.9709821428571429 0.36160714285714285 0.05803571428571429 0.11272321428571429
16 0.453125 0.40625 0.07924107142857142 0.11272321428571429
8 0.7220982142857143 0.6651785714285714 0.07924107142857142 0.11272321428571429
11 0.5613839285714286 0.36941964285714285 0.07924107142857142 0.11272321428571429
11 0.15736607142857142 0.46875 0.07924107142857142 0.11272321428571429
13 0.18861607142857142 0.40401785714285715 0.07924107142857142 0.11272321428571429
8 0.6417410714285714 0.3783482142857143 0.07700892857142858 0.11272321428571429
13 0.5424107142857143 0.27232142857142855 0.07924107142857142 0.11272321428571429
8 0.2767857142857143 0.6350446428571429 0.06473214285714286 0.08705357142857142
13 0.5558035714285714 0.90625 0.07924107142857142 0.11272321428571429
13 0.15290178571428573 0.18415178571428573 0.07477678571428571 0.09598214285714286
8 0.34375 0.6026785714285714 0.07254464285714286 0.10044642857142858