0 0.16517857142857142 0.23883928571428573 0.33035714285714285 0.47767857142857145
13 0.44419642857142855 0.09151785714285714 0.09151785714285714 0.18303571428571427
12 0.8247767857142857 0.10044642857142858 0.08705357142857142 0.08147321428571429
13 0.43526785714285715 0.20647321428571427 0.07254464285714286 0.28348214285714285
13 0.9453125 0.43861607142857145 0.109375 0.078125
0 0.6183035714285714 0.18303571428571427 0.4375 0.36495535714285715
13 0.7455357142857143 0.38392857142857145 0.25 0.18973214285714285
13 0.47879464285714285 0.4419642857142857 0.15848214285714285 0.07254464285714286
13 0.9698660714285714 0.19754464285714285 0.060267857142857144 0.26450892857142855
13 0.8984375 0.3392857142857143 0.203125 0.26785714285714285
6 0.05022321428571429 0.8828125 0.10044642857142858 0.234375
3 0.5691964285714286 0.7142857142857143 0.34151785714285715 0.47098214285714285
0 0.7544642857142857 0.8035714285714286 0.48995535714285715 0.39174107142857145