12 0.32700892857142855 0.7957589285714286 0.09821428571428571 0.10044642857142858
13 0.984375 0.12165178571428571 0.03125 0.24330357142857142
13 0.8716517857142857 0.021205357142857144 0.23883928571428573 0.04241071428571429
13 0.5602678571428571 0.049107142857142856 0.28348214285714285 0.09821428571428571
13 0.9107142857142857 0.40066964285714285 0.16852678571428573 0.3125
13 0.9252232142857143 0.6897321428571429 0.14397321428571427 0.28348214285714285
13 0.9464285714285714 0.9196428571428571 0.10714285714285714 0.16071428571428573
13 0.26004464285714285 0.11272321428571429 0.25223214285714285 0.22544642857142858
13 0.1875 0.8604910714285714 0.22544642857142858 0.23995535714285715
13 0.3392857142857143 0.6104910714285714 0.20424107142857142 0.22321428571428573
13 0.7299107142857143 0.19642857142857142 0.2935267857142857 0.2544642857142857
10 0.5 0.49107142857142855 0.26674107142857145 0.25223214285714285
13 0.13950892857142858 0.625 0.23995535714285715 0.23102678571428573
13 0.5457589285714286 0.9352678571428571 0.18973214285714285 0.12946428571428573