10 0.23102678571428573 0.36160714285714285 0.21651785714285715 0.33370535714285715
10 0.7589285714285714 0.30691964285714285 0.48214285714285715 0.44419642857142855
13 0.03459821428571429 0.8649553571428571 0.06919642857142858 0.23995535714285715
6 0.29464285714285715 0.7979910714285714 0.08928571428571429 0.40401785714285715
13 0.15066964285714285 0.8013392857142857 0.2544642857142857 0.25223214285714285
13 0.25223214285714285 0.5959821428571429 0.17299107142857142 0.13504464285714285
13 0.11160714285714286 0.6350446428571429 0.22321428571428573 0.21205357142857142
13 0.7410714285714286 0.9877232142857143 0.17522321428571427 0.024553571428571428
13 0.7299107142857143 0.9408482142857143 0.20424107142857142 0.11830357142857142
13 0.5758928571428571 0.8426339285714286 0.2622767857142857 0.27120535714285715
13 0.9252232142857143 0.6573660714285714 0.14955357142857142 0.20870535714285715
13 0.8705357142857143 0.7979910714285714 0.25669642857142855 0.20424107142857142
9 0.7209821428571429 0.6428571428571429 0.46651785714285715 0.22879464285714285
13 0.39174107142857145 0.9185267857142857 0.10602678571428571 0.16294642857142858
13 0.45870535714285715 0.6908482142857143 0.23549107142857142 0.23325892857142858