7 0.8761160714285714 0.13058035714285715 0.07924107142857142 0.11272321428571429
7 0.15848214285714285 0.8214285714285714 0.09375 0.11272321428571429
7 0.8504464285714286 0.5290178571428571 0.08370535714285714 0.10044642857142858
7 0.7957589285714286 0.6060267857142857 0.09598214285714286 0.11272321428571429
16 0.23102678571428573 0.44642857142857145 0.09151785714285714 0.11830357142857142
16 0.04799107142857143 0.2935267857142857 0.07924107142857142 0.11272321428571429
16 0.6194196428571429 0.6808035714285714 0.09151785714285714 0.10602678571428571
12 0.4497767857142857 0.026785714285714284 0.04352678571428571 0.05022321428571429
17 0.515625 0.265625 0.08928571428571429 0.10602678571428571
16 0.7388392857142857 0.15290178571428573 0.08370535714285714 0.11272321428571429
17 0.48549107142857145 0.4720982142857143 0.07700892857142858 0.10825892857142858
13 0.3013392857142857 0.7399553571428571 0.07700892857142858 0.10602678571428571
13 0.26450892857142855 0.6439732142857143 0.07477678571428571 0.09598214285714286
13 0.2779017857142857 0.5412946428571429 0.07477678571428571 0.09375
13 0.31919642857142855 0.31919642857142855 0.07700892857142858 0.09375
13 0.27566964285714285 0.25223214285714285 0.07700892857142858 0.09151785714285714
13 0.21205357142857142 0.22098214285714285 0.06473214285714286 0.08705357142857142
13 0.19866071428571427 0.12053571428571429 0.08147321428571429 0.09821428571428571
5 0.43080357142857145 0.22879464285714285 0.07477678571428571 0.10602678571428571
13 0.4419642857142857 0.32142857142857145 0.08147321428571429 0.08705357142857142
14 0.8448660714285714 0.234375 0.07477678571428571 0.09821428571428571
13 0.625 0.5412946428571429 0.07477678571428571 0.09821428571428571
13 0.6194196428571429 0.4017857142857143 0.07477678571428571 0.10602678571428571
13 0.625 0.2935267857142857 0.06919642857142858 0.10044642857142858
12 0.6674107142857143 0.2533482142857143 0.021205357142857144 0.03125