17 0.7142857142857143 0.12723214285714285 0.07700892857142858 0.11272321428571429
17 0.8816964285714286 0.14397321428571427 0.07700892857142858 0.11272321428571429
17 0.6651785714285714 0.24776785714285715 0.08705357142857142 0.11272321428571429
17 0.40066964285714285 0.25892857142857145 0.07700892857142858 0.11272321428571429
17 0.27566964285714285 0.3013392857142857 0.07700892857142858 0.11272321428571429
17 0.2935267857142857 0.6886160714285714 0.08705357142857142 0.10602678571428571
7 0.09040178571428571 0.7243303571428571 0.07700892857142858 0.11272321428571429
7 0.3470982142857143 0.5334821428571429 0.07700892857142858 0.11272321428571429
7 0.47544642857142855 0.7154017857142857 0.07700892857142858 0.11272321428571429
13 0.13727678571428573 0.36941964285714285 0.07700892857142858 0.11272321428571429
7 0.18861607142857142 0.2845982142857143 0.07700892857142858 0.11272321428571429
13 0.828125 0.6852678571428571 0.07700892857142858 0.10825892857142858
12 0.38950892857142855 0.8069196428571429 0.024553571428571428 0.029017857142857144
17 0.4799107142857143 0.14508928571428573 0.06919642857142858 0.10825892857142858
17 0.84375 0.9185267857142857 0.09375 0.11049107142857142