16 0.9520089285714286 0.8861607142857143 0.09598214285714286 0.06696428571428571
16 0.9207589285714286 0.7622767857142857 0.08928571428571429 0.07700892857142858
16 0.8303571428571429 0.8861607142857143 0.10044642857142858 0.06696428571428571
16 0.6997767857142857 0.7232142857142857 0.08147321428571429 0.06919642857142858
16 0.90625 0.53125 0.09151785714285714 0.07477678571428571
16 0.8270089285714286 0.484375 0.10602678571428571 0.07700892857142858
16 0.7276785714285714 0.5625 0.09151785714285714 0.06696428571428571
16 0.6272321428571429 0.5334821428571429 0.07700892857142858 0.0625
16 0.7377232142857143 0.36607142857142855 0.09151785714285714 0.07254464285714286
16 0.8582589285714286 0.13504464285714285 0.09598214285714286 0.07477678571428571
16 0.9497767857142857 0.09821428571428571 0.10044642857142858 0.07254464285714286
16 0.9508928571428571 0.39955357142857145 0.08928571428571429 0.06473214285714286
16 0.9676339285714286 0.33035714285714285 0.06473214285714286 0.06919642857142858
16 0.25558035714285715 0.33482142857142855 0.09598214285714286 0.06919642857142858
16 0.3404017857142857 0.4029017857142857 0.08705357142857142 0.06696428571428571
16 0.43973214285714285 0.6116071428571429 0.09151785714285714 0.0625
16 0.35044642857142855 0.6763392857142857 0.09151785714285714 0.06696428571428571
16 0.42857142857142855 0.8995535714285714 0.09598214285714286 0.07254464285714286
16 0.546875 0.7857142857142857 0.08705357142857142 0.07477678571428571
16 0.23102678571428573 0.5580357142857143 0.08928571428571429 0.06696428571428571
16 0.03571428571428571 0.42410714285714285 0.07142857142857142 0.06696428571428571
16 0.13392857142857142 0.04575892857142857 0.09151785714285714 0.0625
16 0.12053571428571429 0.11049107142857142 0.08147321428571429 0.06696428571428571
16 0.39620535714285715 0.24553571428571427 0.08705357142857142 0.06473214285714286
17 0.33816964285714285 0.29799107142857145 0.09821428571428571 0.06696428571428571
17 0.6930803571428571 0.47433035714285715 0.10044642857142858 0.06919642857142858
16 0.05580357142857143 0.7310267857142857 0.09375 0.06919642857142858
16 0.20089285714285715 0.8147321428571429 0.08928571428571429 0.06696428571428571
16 0.20982142857142858 0.15290178571428573 0.09151785714285714 0.07254464285714286
17 0.04799107142857143 0.033482142857142856 0.08705357142857142 0.0625
16 0.09040178571428571 0.4732142857142857 0.09151785714285714 0.0625
16 0.8973214285714286 0.6216517857142857 0.09151785714285714 0.0625
13 0.6082589285714286 0.7310267857142857 0.09151785714285714 0.07254464285714286
13 0.3783482142857143 0.18080357142857142 0.08705357142857142 0.0625
13 0.4497767857142857 0.10491071428571429 0.09151785714285714 0.06696428571428571
13 0.10602678571428571 0.6696428571428571 0.08705357142857142 0.06696428571428571
13 0.08482142857142858 0.5379464285714286 0.08705357142857142 0.0625
13 0.2611607142857143 0.6975446428571429 0.08928571428571429 0.06696428571428571
13 0.3861607142857143 0.7399553571428571 0.09375 0.06696428571428571
12 0.6439732142857143 0.6339285714285714 0.029017857142857144 0.021205357142857144
11 0.12165178571428571 0.8482142857142857 0.09151785714285714 0.07477678571428571