13 0.24441964285714285 0.8002232142857143 0.07924107142857142 0.05803571428571429
1 0.8459821428571429 0.10491071428571429 0.10602678571428571 0.07254464285714286
1 0.8236607142857143 0.15959821428571427 0.09598214285714286 0.06696428571428571
1 0.32700892857142855 0.08816964285714286 0.09598214285714286 0.06919642857142858
1 0.23325892857142858 0.19419642857142858 0.08147321428571429 0.06696428571428571
1 0.16629464285714285 0.46986607142857145 0.09375 0.07700892857142858
1 0.03571428571428571 0.3861607142857143 0.07142857142857142 0.06696428571428571
1 0.36049107142857145 0.36941964285714285 0.07700892857142858 0.07700892857142858
1 0.5200892857142857 0.27566964285714285 0.07477678571428571 0.0625
1 0.5100446428571429 0.32924107142857145 0.07924107142857142 0.05803571428571429
1 0.6752232142857143 0.38504464285714285 0.10044642857142858 0.07700892857142858
1 0.6049107142857143 0.4263392857142857 0.08147321428571429 0.06696428571428571
1 0.12165178571428571 0.8147321428571429 0.09375 0.06696428571428571
1 0.39620535714285715 0.8080357142857143 0.09375 0.07254464285714286
1 0.40066964285714285 0.7444196428571429 0.09151785714285714 0.0625
1 0.4341517857142857 0.6841517857142857 0.08705357142857142 0.06696428571428571
14 0.37723214285714285 0.5145089285714286 0.07924107142857142 0.0625
8 0.6383928571428571 0.07700892857142858 0.06919642857142858 0.05022321428571429
12 0.7857142857142857 0.46875 0.03125 0.024553571428571428
12 0.8013392857142857 0.4966517857142857 0.018973214285714284 0.018973214285714284
12 0.6886160714285714 0.5513392857142857 0.029017857142857144 0.018973214285714284
12 0.7209821428571429 0.5033482142857143 0.024553571428571428 0.018973214285714284
12 0.765625 0.3861607142857143 0.026785714285714284 0.014508928571428572
12 0.8270089285714286 0.43191964285714285 0.029017857142857144 0.016741071428571428
12 0.8080357142857143 0.6629464285714286 0.024553571428571428 0.018973214285714284
12 0.5691964285714286 0.46986607142857145 0.024553571428571428 0.016741071428571428
12 0.31361607142857145 0.34375 0.024553571428571428 0.018973214285714284
12 0.33705357142857145 0.3080357142857143 0.029017857142857144 0.029017857142857144
12 0.2935267857142857 0.234375 0.033482142857142856 0.024553571428571428
12 0.30245535714285715 0.20982142857142858 0.029017857142857144 0.024553571428571428
12 0.09709821428571429 0.3549107142857143 0.029017857142857144 0.024553571428571428
12 0.020089285714285716 0.25558035714285715 0.029017857142857144 0.024553571428571428
12 0.13392857142857142 0.5502232142857143 0.024553571428571428 0.021205357142857144
12 0.10602678571428571 0.5424107142857143 0.024553571428571428 0.018973214285714284
12 0.4486607142857143 0.3482142857142857 0.04352678571428571 0.033482142857142856
12 0.48214285714285715 0.022321428571428572 0.03125 0.024553571428571428
12 0.578125 0.16629464285714285 0.024553571428571428 0.024553571428571428
12 0.6986607142857143 0.26450892857142855 0.021205357142857144 0.014508928571428572
12 0.7142857142857143 0.09821428571428571 0.033482142857142856 0.021205357142857144
12 0.8482142857142857 0.06584821428571429 0.029017857142857144 0.018973214285714284
12 0.8337053571428571 0.3247767857142857 0.024553571428571428 0.018973214285714284
12 0.7555803571428571 0.5892857142857143 0.018973214285714284 0.014508928571428572
12 0.8370535714285714 0.609375 0.021205357142857144 0.021205357142857144
12 0.78125 0.18080357142857142 0.024553571428571428 0.018973214285714284
12 0.22544642857142858 0.8694196428571429 0.03125 0.024553571428571428
12 0.34375 0.796875 0.041294642857142856 0.029017857142857144
12 0.11607142857142858 0.9408482142857143 0.029017857142857144 0.018973214285714284
12 0.03459821428571429 0.8995535714285714 0.024553571428571428 0.014508928571428572
1 0.8738839285714286 0.39174107142857145 0.09598214285714286 0.07477678571428571
13 0.5870535714285714 0.7745535714285714 0.08705357142857142 0.06919642857142858
13 0.5200892857142857 0.6875 0.07477678571428571 0.06696428571428571
13 0.7779017857142857 0.7232142857142857 0.08147321428571429 0.07254464285714286
14 0.7287946428571429 0.6305803571428571 0.08147321428571429 0.06919642857142858
13 0.046875 0.78125 0.08147321428571429 0.06473214285714286
13 0.05022321428571429 0.5558035714285714 0.07924107142857142 0.0625
13 0.14620535714285715 0.65625 0.08705357142857142 0.06696428571428571
13 0.05022321428571429 0.453125 0.07924107142857142 0.06696428571428571
13 0.10825892857142858 0.40625 0.08147321428571429 0.06696428571428571
12 0.14397321428571427 0.025669642857142856 0.018973214285714284 0.014508928571428572
12 0.16629464285714285 0.014508928571428572 0.024553571428571428 0.018973214285714284
12 0.05022321428571429 0.044642857142857144 0.029017857142857144 0.018973214285714284