18 0.8872767857142857 0.24665178571428573 0.10044642857142858 0.06696428571428571
18 0.7622767857142857 0.2611607142857143 0.09151785714285714 0.05803571428571429
18 0.8002232142857143 0.8537946428571429 0.10044642857142858 0.05803571428571429
18 0.28125 0.6607142857142857 0.10044642857142858 0.08147321428571429
18 0.13839285714285715 0.2924107142857143 0.10044642857142858 0.0625
18 0.24888392857142858 0.4642857142857143 0.09151785714285714 0.06696428571428571
18 0.16964285714285715 0.4252232142857143 0.10602678571428571 0.05022321428571429
18 0.10044642857142858 0.7935267857142857 0.08147321428571429 0.06696428571428571
18 0.3627232142857143 0.7220982142857143 0.08705357142857142 0.07700892857142858
18 0.5904017857142857 0.5345982142857143 0.11272321428571429 0.07700892857142858
14 0.23102678571428573 0.39174107142857145 0.07254464285714286 0.04799107142857143
14 0.28013392857142855 0.3560267857142857 0.060267857142857144 0.06919642857142858
14 0.21875 0.5055803571428571 0.06696428571428571 0.05803571428571429
14 0.11830357142857142 0.5558035714285714 0.08147321428571429 0.0625
14 0.5145089285714286 0.8660714285714286 0.10044642857142858 0.06696428571428571
14 0.6662946428571429 0.6685267857142857 0.06473214285714286 0.09375
14 0.8147321428571429 0.7444196428571429 0.07254464285714286 0.04799107142857143
14 0.7979910714285714 0.6941964285714286 0.0625 0.060267857142857144
14 0.7589285714285714 0.7176339285714286 0.0625 0.05803571428571429
14 0.8180803571428571 0.21205357142857142 0.0625 0.0625
14 0.7678571428571429 0.05580357142857143 0.09151785714285714 0.06696428571428571
14 0.6495535714285714 0.04575892857142857 0.06696428571428571 0.06696428571428571
14 0.5636160714285714 0.29575892857142855 0.04799107142857143 0.0625
14 0.48325892857142855 0.30245535714285715 0.07254464285714286 0.07477678571428571
14 0.4263392857142857 0.3404017857142857 0.07477678571428571 0.05803571428571429
14 0.45982142857142855 0.5725446428571429 0.06696428571428571 0.07477678571428571
14 0.06696428571428571 0.8962053571428571 0.06473214285714286 0.0625
14 0.20647321428571427 0.8895089285714286 0.07700892857142858 0.06696428571428571
14 0.20424107142857142 0.7064732142857143 0.11272321428571429 0.07700892857142858
17 0.29129464285714285 0.8482142857142857 0.11049107142857142 0.06919642857142858
2 0.6160714285714286 0.6116071428571429 0.07477678571428571 0.10044642857142858
5 0.2689732142857143 0.6071428571428571 0.09151785714285714 0.07700892857142858
17 0.7957589285714286 0.13058035714285715 0.11272321428571429 0.07254464285714286