1 0.3013392857142857 0.9319196428571429 0.07700892857142858 0.07254464285714286
1 0.4654017857142857 0.32589285714285715 0.07700892857142858 0.06696428571428571
1 0.8549107142857143 0.43526785714285715 0.08147321428571429 0.06919642857142858
1 0.9508928571428571 0.47767857142857145 0.07477678571428571 0.06696428571428571
1 0.13058035714285715 0.6138392857142857 0.07924107142857142 0.0625
1 0.23214285714285715 0.7120535714285714 0.07924107142857142 0.06473214285714286
1 0.15401785714285715 0.8727678571428571 0.08928571428571429 0.06696428571428571
1 0.11495535714285714 0.7645089285714286 0.07700892857142858 0.0625
1 0.48995535714285715 0.6194196428571429 0.07477678571428571 0.07477678571428571
1 0.7444196428571429 0.38504464285714285 0.07924107142857142 0.05803571428571429
1 0.8794642857142857 0.22767857142857142 0.07924107142857142 0.0625
1 0.7979910714285714 0.029017857142857144 0.07700892857142858 0.05803571428571429
1 0.29799107142857145 0.2845982142857143 0.06696428571428571 0.052455357142857144
12 0.6316964285714286 0.9029017857142857 0.029017857142857144 0.024553571428571428
12 0.6919642857142857 0.9207589285714286 0.018973214285714284 0.016741071428571428
12 0.7466517857142857 0.8102678571428571 0.029017857142857144 0.018973214285714284
12 0.9174107142857143 0.9375 0.029017857142857144 0.016741071428571428
12 0.8270089285714286 0.8091517857142857 0.026785714285714284 0.016741071428571428
12 0.8794642857142857 0.32142857142857145 0.029017857142857144 0.014508928571428572
12 0.9118303571428571 0.31808035714285715 0.018973214285714284 0.016741071428571428
12 0.9341517857142857 0.24553571428571427 0.021205357142857144 0.014508928571428572
1 0.49330357142857145 0.26450892857142855 0.07924107142857142 0.060267857142857144
1 0.22991071428571427 0.06138392857142857 0.08147321428571429 0.06473214285714286
12 0.08258928571428571 0.20200892857142858 0.024553571428571428 0.018973214285714284
12 0.08928571428571429 0.1875 0.024553571428571428 0.018973214285714284
1 0.052455357142857144 0.9709821428571429 0.09375 0.05803571428571429