13 0.06584821428571429 0.9832589285714286 0.13169642857142858 0.033482142857142856
13 0.38169642857142855 0.11272321428571429 0.20424107142857142 0.19754464285714285
12 0.7477678571428571 0.17633928571428573 0.06696428571428571 0.08705357142857142
13 0.9698660714285714 0.9151785714285714 0.060267857142857144 0.16964285714285715
13 0.9732142857142857 0.45870535714285715 0.052455357142857144 0.20870535714285715
13 0.8147321428571429 0.6395089285714286 0.23549107142857142 0.23995535714285715
13 0.20535714285714285 0.5 0.23325892857142858 0.20647321428571427
13 0.5625 0.9453125 0.27232142857142855 0.109375
13 0.046875 0.34933035714285715 0.08928571428571429 0.21651785714285715
13 0.5658482142857143 0.06138392857142857 0.21651785714285715 0.12276785714285714
13 0.14955357142857142 0.703125 0.20870535714285715 0.19977678571428573
6 0.5066964285714286 0.5591517857142857 0.41294642857142855 0.43973214285714285
13 0.05133928571428571 0.5591517857142857 0.10267857142857142 0.21651785714285715
13 0.06808035714285714 0.8738839285714286 0.13504464285714285 0.20424107142857142
13 0.2845982142857143 0.13727678571428573 0.19196428571428573 0.19754464285714285
13 0.7790178571428571 0.42857142857142855 0.20424107142857142 0.22098214285714285
13 0.9040178571428571 0.28013392857142855 0.19196428571428573 0.23995535714285715
13 0.08035714285714286 0.06473214285714286 0.16071428571428573 0.12946428571428573
13 0.11941964285714286 0.21763392857142858 0.21205357142857142 0.20870535714285715
13 0.2622767857142857 0.9129464285714286 0.21428571428571427 0.17299107142857142