12 0.90625 0.11383928571428571 0.04799107142857143 0.041294642857142856
12 0.6462053571428571 0.20535714285714285 0.04352678571428571 0.04352678571428571
12 0.16071428571428573 0.11607142857142858 0.03794642857142857 0.024553571428571428
12 0.6651785714285714 0.8415178571428571 0.04352678571428571 0.03125
14 0.11160714285714286 0.43191964285714285 0.08705357142857142 0.06696428571428571
14 0.8582589285714286 0.41183035714285715 0.06919642857142858 0.052455357142857144
11 0.12053571428571429 0.9341517857142857 0.10044642857142858 0.08928571428571429
1 0.3794642857142857 0.3705357142857143 0.08705357142857142 0.06696428571428571
1 0.14620535714285715 0.19754464285714285 0.09151785714285714 0.05803571428571429
1 0.5044642857142857 0.6361607142857143 0.10602678571428571 0.060267857142857144
1 0.5212053571428571 0.7075892857142857 0.09151785714285714 0.07477678571428571