13 0.8727678571428571 0.8147321428571429 0.25 0.33705357142857145
13 0.7444196428571429 0.12053571428571429 0.32924107142857145 0.23995535714285715
13 0.7522321428571429 0.6808035714285714 0.3125 0.23549107142857142
13 0.9575892857142857 0.16071428571428573 0.07924107142857142 0.2622767857142857
13 0.9029017857142857 0.03125 0.18526785714285715 0.0625
13 0.7600446428571429 0.2622767857142857 0.22098214285714285 0.20424107142857142
12 0.8660714285714286 0.9073660714285714 0.11830357142857142 0.14174107142857142
13 0.27455357142857145 0.41517857142857145 0.3314732142857143 0.29129464285714285
13 0.546875 0.05357142857142857 0.19419642857142858 0.10379464285714286
13 0.34263392857142855 0.7645089285714286 0.31473214285714285 0.29129464285714285
13 0.09709821428571429 0.5345982142857143 0.19419642857142858 0.27455357142857145
13 0.20200892857142858 0.9185267857142857 0.2935267857142857 0.16294642857142858
13 0.21763392857142858 0.08147321428571429 0.31026785714285715 0.16294642857142858
13 0.43191964285714285 0.18526785714285715 0.2767857142857143 0.26450892857142855