13 0.9698660714285714 0.6595982142857143 0.05580357142857143 0.25669642857142855
13 0.8716517857142857 0.8113839285714286 0.23549107142857142 0.22321428571428573
13 0.8091517857142857 0.6964285714285714 0.26674107142857145 0.28348214285714285
13 0.08258928571428571 0.25111607142857145 0.16517857142857142 0.24776785714285715
13 0.28683035714285715 0.39732142857142855 0.28125 0.23995535714285715
13 0.12165178571428571 0.05357142857142857 0.24330357142857142 0.10714285714285714
13 0.7600446428571429 0.07477678571428571 0.2857142857142857 0.14955357142857142
13 0.8392857142857143 0.30580357142857145 0.27901785714285715 0.26450892857142855
6 0.5602678571428571 0.45424107142857145 0.35825892857142855 0.31026785714285715
13 0.5904017857142857 0.8058035714285714 0.22098214285714285 0.22321428571428573
13 0.5658482142857143 0.9564732142857143 0.18973214285714285 0.08705357142857142
13 0.35044642857142855 0.8805803571428571 0.30245535714285715 0.23772321428571427
13 0.36495535714285715 0.10379464285714286 0.23102678571428573 0.20647321428571427
13 0.5680803571428571 0.18638392857142858 0.23102678571428573 0.22879464285714285
13 0.19866071428571427 0.6283482142857143 0.29799107142857145 0.21651785714285715