9 0.15401785714285715 0.29017857142857145 0.3080357142857143 0.5792410714285714
13 0.8794642857142857 0.5580357142857143 0.23995535714285715 0.04352678571428571
13 0.9631696428571429 0.11049107142857142 0.07366071428571429 0.22098214285714285
0 0.7433035714285714 0.21875 0.45200892857142855 0.4375
12 0.3560267857142857 0.43973214285714285 0.09598214285714286 0.10044642857142858
13 0.9453125 0.22767857142857142 0.109375 0.24107142857142858
13 0.34598214285714285 0.515625 0.07700892857142858 0.12723214285714285
13 0.5200892857142857 0.34933035714285715 0.26004464285714285 0.25
13 0.484375 0.10714285714285714 0.2622767857142857 0.21428571428571427
10 0.15401785714285715 0.8816964285714286 0.3080357142857143 0.23549107142857142
3 0.6462053571428571 0.734375 0.5770089285714286 0.31026785714285715