2 0.06361607142857142 0.5256696428571429 0.09151785714285714 0.08705357142857142
2 0.17410714285714285 0.13950892857142858 0.12276785714285714 0.08705357142857142
2 0.25111607142857145 0.5825892857142857 0.12053571428571429 0.08705357142857142
2 0.29464285714285715 0.2533482142857143 0.09598214285714286 0.09821428571428571
2 0.3482142857142857 0.7243303571428571 0.12053571428571429 0.08705357142857142
2 0.37723214285714285 0.16629464285714285 0.11272321428571429 0.07700892857142858
2 0.4408482142857143 0.4341517857142857 0.11272321428571429 0.07700892857142858
2 0.43973214285714285 0.5792410714285714 0.11272321428571429 0.07700892857142858
2 0.47098214285714285 0.6674107142857143 0.11272321428571429 0.07700892857142858
2 0.6104910714285714 0.8493303571428571 0.09598214285714286 0.07924107142857142
2 0.59375 0.3013392857142857 0.12276785714285714 0.08705357142857142
2 0.6372767857142857 0.36941964285714285 0.11272321428571429 0.07700892857142858
2 0.6439732142857143 0.18638392857142858 0.11272321428571429 0.07700892857142858
2 0.6428571428571429 0.7455357142857143 0.11272321428571429 0.07700892857142858
2 0.6997767857142857 0.07366071428571429 0.12946428571428573 0.09598214285714286
2 0.7410714285714286 0.23995535714285715 0.11272321428571429 0.07700892857142858
2 0.7410714285714286 0.8738839285714286 0.11272321428571429 0.07924107142857142
2 0.7756696428571429 0.37276785714285715 0.12053571428571429 0.08928571428571429
2 0.7845982142857143 0.7399553571428571 0.11272321428571429 0.07924107142857142
2 0.8069196428571429 0.49888392857142855 0.11272321428571429 0.07700892857142858
2 0.8493303571428571 0.28683035714285715 0.11272321428571429 0.07700892857142858
2 0.8470982142857143 0.6238839285714286 0.11272321428571429 0.07700892857142858
2 0.8727678571428571 0.7020089285714286 0.11272321428571429 0.07924107142857142
2 0.90625 0.18861607142857142 0.10602678571428571 0.08705357142857142
2 0.9252232142857143 0.5290178571428571 0.10044642857142858 0.09151785714285714
2 0.10825892857142858 0.5535714285714286 0.13504464285714285 0.06696428571428571
12 0.5837053571428571 0.6216517857142857 0.03794642857142857 0.029017857142857144
12 0.5904017857142857 0.6417410714285714 0.033482142857142856 0.026785714285714284
12 0.39285714285714285 0.35267857142857145 0.04799107142857143 0.03794642857142857
12 0.020089285714285716 0.3939732142857143 0.04017857142857143 0.03794642857142857
12 0.35044642857142855 0.11607142857142858 0.03794642857142857 0.029017857142857144
12 0.45200892857142855 0.32142857142857145 0.05022321428571429 0.029017857142857144
12 0.44642857142857145 0.34375 0.033482142857142856 0.026785714285714284
14 0.671875 0.43191964285714285 0.08705357142857142 0.0625