12 0.6741071428571429 0.8236607142857143 0.029017857142857144 0.024553571428571428
12 0.6517857142857143 0.8024553571428571 0.033482142857142856 0.024553571428571428
12 0.5011160714285714 0.9587053571428571 0.03794642857142857 0.029017857142857144
12 0.4263392857142857 0.45089285714285715 0.033482142857142856 0.024553571428571428
12 0.3950892857142857 0.45870535714285715 0.03571428571428571 0.029017857142857144
12 0.9252232142857143 0.8337053571428571 0.026785714285714284 0.018973214285714284
12 0.9475446428571429 0.8236607142857143 0.04352678571428571 0.024553571428571428
12 0.6618303571428571 0.09151785714285714 0.03794642857142857 0.029017857142857144
12 0.7466517857142857 0.08705357142857142 0.024553571428571428 0.016741071428571428
12 0.7198660714285714 0.06696428571428571 0.024553571428571428 0.018973214285714284
12 0.7120535714285714 0.052455357142857144 0.021205357142857144 0.016741071428571428
12 0.7332589285714286 0.04799107142857143 0.029017857142857144 0.021205357142857144
12 0.7020089285714286 0.09263392857142858 0.05803571428571429 0.03794642857142857
17 0.6149553571428571 0.07254464285714286 0.08705357142857142 0.06696428571428571
12 0.39732142857142855 0.07366071428571429 0.03794642857142857 0.029017857142857144
12 0.3783482142857143 0.08928571428571429 0.024553571428571428 0.018973214285714284
12 0.3549107142857143 0.08258928571428571 0.033482142857142856 0.018973214285714284
12 0.3705357142857143 0.06138392857142857 0.021205357142857144 0.018973214285714284
12 0.3861607142857143 0.05022321428571429 0.029017857142857144 0.018973214285714284
12 0.34933035714285715 0.06584821428571429 0.029017857142857144 0.021205357142857144
12 0.3392857142857143 0.05133928571428571 0.024553571428571428 0.018973214285714284
17 0.41517857142857145 0.15178571428571427 0.08370535714285714 0.0625
2 0.3861607142857143 0.020089285714285716 0.10044642857142858 0.03794642857142857
2 0.046875 0.09933035714285714 0.09151785714285714 0.04799107142857143
12 0.17075892857142858 0.5212053571428571 0.033482142857142856 0.024553571428571428
12 0.09598214285714286 0.7220982142857143 0.03125 0.024553571428571428
12 0.06473214285714286 0.796875 0.03125 0.024553571428571428
1 0.7321428571428571 0.19754464285714285 0.07924107142857142 0.060267857142857144
1 0.5569196428571429 0.90625 0.09821428571428571 0.05803571428571429
17 0.8002232142857143 0.8772321428571429 0.08705357142857142 0.06473214285714286
17 0.8917410714285714 0.14397321428571427 0.09151785714285714 0.06473214285714286
17 0.19308035714285715 0.6473214285714286 0.09375 0.06696428571428571
17 0.5379464285714286 0.6305803571428571 0.09151785714285714 0.0625