7 0.16183035714285715 0.48325892857142855 0.07700892857142858 0.11272321428571429
13 0.13392857142857142 0.6049107142857143 0.07700892857142858 0.11272321428571429
11 0.16964285714285715 0.3236607142857143 0.07254464285714286 0.08370535714285714
11 0.21651785714285715 0.18080357142857142 0.07700892857142858 0.11272321428571429
18 0.5479910714285714 0.7611607142857143 0.07700892857142858 0.11272321428571429
18 0.5245535714285714 0.3716517857142857 0.07924107142857142 0.08705357142857142
18 0.6997767857142857 0.13950892857142858 0.06696428571428571 0.10044642857142858
13 0.6752232142857143 0.5145089285714286 0.07700892857142858 0.11272321428571429
11 0.7979910714285714 0.23883928571428573 0.05803571428571429 0.10044642857142858
11 0.9319196428571429 0.15290178571428573 0.07477678571428571 0.11049107142857142
13 0.5502232142857143 0.19084821428571427 0.07700892857142858 0.11272321428571429
11 0.40625 0.32142857142857145 0.07700892857142858 0.11272321428571429
8 0.46205357142857145 0.3314732142857143 0.07700892857142858 0.11272321428571429
11 0.3091517857142857 0.28348214285714285 0.07700892857142858 0.11272321428571429
13 0.234375 0.3872767857142857 0.07700892857142858 0.11272321428571429
11 0.24330357142857142 0.8080357142857143 0.07700892857142858 0.11272321428571429
11 0.19754464285714285 0.8627232142857143 0.07700892857142858 0.11272321428571429
13 0.20200892857142858 0.6227678571428571 0.07700892857142858 0.11272321428571429
13 0.23995535714285715 0.5424107142857143 0.07700892857142858 0.11272321428571429
13 0.05133928571428571 0.08147321428571429 0.07700892857142858 0.11272321428571429
13 0.36049107142857145 0.6272321428571429 0.07700892857142858 0.11272321428571429
11 0.6551339285714286 0.39732142857142855 0.07700892857142858 0.11272321428571429
13 0.5636160714285714 0.10267857142857142 0.07700892857142858 0.11272321428571429
11 0.8225446428571429 0.7477678571428571 0.07700892857142858 0.11272321428571429
13 0.8247767857142857 0.49107142857142855 0.07700892857142858 0.11272321428571429
7 0.15066964285714285 0.78125 0.07700892857142858 0.11272321428571429
13 0.06473214285714286 0.4095982142857143 0.07700892857142858 0.11272321428571429
12 0.515625 0.9352678571428571 0.03571428571428571 0.04352678571428571
12 0.44419642857142855 0.7756696428571429 0.033482142857142856 0.052455357142857144
12 0.8571428571428571 0.9665178571428571 0.033482142857142856 0.04799107142857143
1 0.8962053571428571 0.9453125 0.06473214285714286 0.109375
1 0.7354910714285714 0.3638392857142857 0.07477678571428571 0.10044642857142858
14 0.9386160714285714 0.33705357142857145 0.0625 0.11495535714285714
7 0.9274553571428571 0.3950892857142857 0.08370535714285714 0.09821428571428571
12 0.4095982142857143 0.17745535714285715 0.08705357142857142 0.09821428571428571
12 0.4486607142857143 0.5446428571428571 0.029017857142857144 0.04352678571428571
1 0.5357142857142857 0.5825892857142857 0.08705357142857142 0.08147321428571429
18 0.8337053571428571 0.6104910714285714 0.09598214285714286 0.09151785714285714