13 0.36160714285714285 0.11160714285714286 0.3247767857142857 0.20647321428571427
13 0.07254464285714286 0.3705357142857143 0.14397321428571427 0.23549107142857142
13 0.11049107142857142 0.13058035714285715 0.22098214285714285 0.21875
6 0.38950892857142855 0.22098214285714285 0.29799107142857145 0.23325892857142858
13 0.45535714285714285 0.5267857142857143 0.16629464285714285 0.14397321428571427
9 0.7689732142857143 0.21316964285714285 0.46205357142857145 0.4252232142857143
0 0.16071428571428573 0.8270089285714286 0.32142857142857145 0.34598214285714285
13 0.8627232142857143 0.7254464285714286 0.22544642857142858 0.2544642857142857
13 0.7310267857142857 0.6294642857142857 0.2544642857142857 0.0625
13 0.9107142857142857 0.90625 0.17745535714285715 0.1875
13 0.9765625 0.7455357142857143 0.046875 0.21428571428571427
3 0.7008928571428571 0.8058035714285714 0.32589285714285715 0.38839285714285715