3 0.15401785714285715 0.4107142857142857 0.3080357142857143 0.3939732142857143
13 0.7299107142857143 0.018973214285714284 0.35379464285714285 0.03794642857142857
13 0.5066964285714286 0.5591517857142857 0.23549107142857142 0.09821428571428571
13 0.42075892857142855 0.09263392857142858 0.22544642857142858 0.18526785714285715
13 0.8950892857142857 0.5033482142857143 0.20870535714285715 0.19977678571428573
13 0.9196428571428571 0.06138392857142857 0.16071428571428573 0.12276785714285714
13 0.46986607142857145 0.029017857142857144 0.21875 0.05803571428571429
12 0.42299107142857145 0.3158482142857143 0.09598214285714286 0.09151785714285714
6 0.6696428571428571 0.38839285714285715 0.3482142857142857 0.3627232142857143
13 0.3716517857142857 0.5379464285714286 0.12723214285714285 0.13950892857142858
13 0.9363839285714286 0.32142857142857145 0.12723214285714285 0.26674107142857145
13 0.43191964285714285 0.4408482142857143 0.21875 0.22879464285714285
9 0.18526785714285715 0.8214285714285714 0.24553571428571427 0.35714285714285715
9 0.6685267857142857 0.8035714285714286 0.5959821428571429 0.39174107142857145