15 0.3861607142857143 0.9151785714285714 0.07924107142857142 0.11272321428571429
15 0.26004464285714285 0.6071428571428571 0.07924107142857142 0.11272321428571429
18 0.6551339285714286 0.48549107142857145 0.07924107142857142 0.11272321428571429
14 0.14397321428571427 0.6997767857142857 0.0625 0.09598214285714286
15 0.3794642857142857 0.11049107142857142 0.06696428571428571 0.08370535714285714
11 0.7198660714285714 0.6305803571428571 0.07924107142857142 0.11272321428571429
5 0.5479910714285714 0.8180803571428571 0.07924107142857142 0.11272321428571429
5 0.05022321428571429 0.5993303571428571 0.07924107142857142 0.11272321428571429
5 0.19642857142857142 0.9464285714285714 0.08035714285714286 0.10714285714285714
5 0.25669642857142855 0.8314732142857143 0.07924107142857142 0.11272321428571429
5 0.35044642857142855 0.7633928571428571 0.07924107142857142 0.11272321428571429
16 0.5814732142857143 0.29799107142857145 0.07700892857142858 0.11272321428571429
16 0.328125 0.30691964285714285 0.07924107142857142 0.11272321428571429
18 0.5625 0.10379464285714286 0.07924107142857142 0.11272321428571429
11 0.8225446428571429 0.8738839285714286 0.07924107142857142 0.11272321428571429
16 0.3549107142857143 0.6629464285714286 0.07924107142857142 0.11272321428571429
18 0.6517857142857143 0.07366071428571429 0.08928571428571429 0.11272321428571429
8 0.9084821428571429 0.953125 0.05803571428571429 0.07700892857142858
8 0.9241071428571429 0.8102678571428571 0.05022321428571429 0.07700892857142858
11 0.3169642857142857 0.5055803571428571 0.08370535714285714 0.14174107142857142
18 0.21205357142857142 0.4330357142857143 0.09598214285714286 0.12276785714285714
12 0.5089285714285714 0.027901785714285716 0.033482142857142856 0.04799107142857143
12 0.6997767857142857 0.4642857142857143 0.03571428571428571 0.04799107142857143
12 0.984375 0.41629464285714285 0.029017857142857144 0.041294642857142856
7 0.9676339285714286 0.375 0.06473214285714286 0.10825892857142858