1 0.8950892857142857 0.7433035714285714 0.09598214285714286 0.07477678571428571
1 0.8002232142857143 0.7466517857142857 0.10602678571428571 0.07700892857142858
1 0.7220982142857143 0.7366071428571429 0.09375 0.06919642857142858
1 0.5982142857142857 0.75 0.09598214285714286 0.09151785714285714
1 0.6450892857142857 0.7198660714285714 0.08370535714285714 0.07700892857142858
1 0.6082589285714286 0.48549107142857145 0.09151785714285714 0.06919642857142858
1 0.43861607142857145 0.6116071428571429 0.09151785714285714 0.07477678571428571
1 0.578125 0.17522321428571427 0.08370535714285714 0.07254464285714286
1 0.29017857142857145 0.16741071428571427 0.08928571428571429 0.06919642857142858
1 0.37388392857142855 0.49330357142857145 0.09598214285714286 0.06696428571428571
1 0.625 0.3470982142857143 0.08705357142857142 0.0625
1 0.6305803571428571 0.28125 0.08705357142857142 0.05803571428571429
1 0.53125 0.6205357142857143 0.09151785714285714 0.060267857142857144
1 0.5133928571428571 0.42857142857142855 0.08147321428571429 0.0625
1 0.5279017857142857 0.484375 0.07254464285714286 0.0625
1 0.9419642857142857 0.32924107142857145 0.08147321428571429 0.052455357142857144
1 0.8950892857142857 0.26450892857142855 0.10602678571428571 0.0625
17 0.8035714285714286 0.5212053571428571 0.08705357142857142 0.05803571428571429
17 0.8381696428571429 0.030133928571428572 0.08147321428571429 0.060267857142857144
1 0.16183035714285715 0.16852678571428573 0.09151785714285714 0.052455357142857144
1 0.06361607142857142 0.3872767857142857 0.08705357142857142 0.06696428571428571
11 0.03794642857142857 0.6986607142857143 0.07589285714285714 0.0625
15 0.35044642857142855 0.5870535714285714 0.09151785714285714 0.0625
15 0.2935267857142857 0.36607142857142855 0.08705357142857142 0.06696428571428571
15 0.3002232142857143 0.44419642857142855 0.07700892857142858 0.05803571428571429
15 0.21875 0.8839285714285714 0.09598214285714286 0.06696428571428571
11 0.49776785714285715 0.6830357142857143 0.09151785714285714 0.07254464285714286
15 0.8214285714285714 0.8125 0.07700892857142858 0.07254464285714286
15 0.5770089285714286 0.875 0.07700892857142858 0.060267857142857144
11 0.5502232142857143 0.9430803571428571 0.10044642857142858 0.06696428571428571
17 0.49776785714285715 0.8727678571428571 0.08705357142857142 0.06696428571428571
1 0.7098214285714286 0.5915178571428571 0.10044642857142858 0.06696428571428571
12 0.7689732142857143 0.6071428571428571 0.03794642857142857 0.029017857142857144
12 0.8470982142857143 0.9598214285714286 0.04352678571428571 0.029017857142857144