13 0.3236607142857143 0.014508928571428572 0.24776785714285715 0.029017857142857144
13 0.013392857142857142 0.6361607142857143 0.026785714285714284 0.21428571428571427
3 0.3314732142857143 0.44642857142857145 0.2544642857142857 0.5267857142857143
13 0.34598214285714285 0.17745535714285715 0.22544642857142858 0.22098214285714285
13 0.12834821428571427 0.22991071428571427 0.25223214285714285 0.2689732142857143
13 0.2779017857142857 0.7767857142857143 0.24776785714285715 0.04352678571428571
13 0.06584821428571429 0.05580357142857143 0.13169642857142858 0.11049107142857142
13 0.12723214285714285 0.6908482142857143 0.23995535714285715 0.21428571428571427
13 0.11941964285714286 0.4799107142857143 0.23772321428571427 0.24776785714285715
0 0.8125 0.3549107142857143 0.375 0.49330357142857145
9 0.12165178571428571 0.8984375 0.24330357142857142 0.203125
9 0.7712053571428571 0.9196428571428571 0.4564732142857143 0.16071428571428573