13 0.22879464285714285 0.6060267857142857 0.19977678571428573 0.20870535714285715
13 0.03794642857142857 0.4877232142857143 0.07254464285714286 0.21875
13 0.11272321428571429 0.6540178571428571 0.21428571428571427 0.22879464285714285
13 0.7868303571428571 0.22433035714285715 0.26004464285714285 0.22879464285714285
13 0.9720982142857143 0.8850446428571429 0.05022321428571429 0.22098214285714285
13 0.9564732142857143 0.5457589285714286 0.08147321428571429 0.24776785714285715
13 0.40513392857142855 0.11607142857142858 0.22879464285714285 0.21205357142857142
12 0.24776785714285715 0.32924107142857145 0.10044642857142858 0.10379464285714286
13 0.16629464285714285 0.10491071428571429 0.22544642857142858 0.19977678571428573
13 0.8850446428571429 0.9542410714285714 0.22991071428571427 0.08705357142857142
13 0.6305803571428571 0.9575892857142857 0.25669642857142855 0.08370535714285714
13 0.37611607142857145 0.19642857142857142 0.23102678571428573 0.20870535714285715
13 0.09040178571428571 0.29575892857142855 0.18080357142857142 0.21205357142857142
13 0.8381696428571429 0.78125 0.23549107142857142 0.22879464285714285
13 0.9363839285714286 0.31919642857142855 0.12276785714285714 0.20424107142857142
13 0.6194196428571429 0.07477678571428571 0.23325892857142858 0.14955357142857142
13 0.11830357142857142 0.8950892857142857 0.23102678571428573 0.20870535714285715
6 0.5 0.4966517857142857 0.3939732142857143 0.4810267857142857
13 0.5736607142857143 0.8080357142857143 0.23549107142857142 0.21651785714285715
13 0.32254464285714285 0.8058035714285714 0.21205357142857142 0.21205357142857142
13 0.8125 0.4732142857142857 0.21428571428571427 0.22544642857142858