1 0.6361607142857143 0.5200892857142857 0.09598214285714286 0.06919642857142858
1 0.3125 0.6595982142857143 0.11272321428571429 0.07700892857142858
1 0.15178571428571427 0.6629464285714286 0.09598214285714286 0.06696428571428571
1 0.14620535714285715 0.8169642857142857 0.10379464285714286 0.07477678571428571
1 0.4263392857142857 0.12388392857142858 0.11272321428571429 0.07700892857142858
17 0.6540178571428571 0.40513392857142855 0.11272321428571429 0.07700892857142858
17 0.05803571428571429 0.7555803571428571 0.09151785714285714 0.07700892857142858
17 0.09821428571428571 0.9397321428571429 0.10602678571428571 0.07254464285714286
17 0.5011160714285714 0.8270089285714286 0.11272321428571429 0.07700892857142858
17 0.5881696428571429 0.8158482142857143 0.10044642857142858 0.06696428571428571
17 0.8292410714285714 0.53125 0.11272321428571429 0.07700892857142858
5 0.12276785714285714 0.5613839285714286 0.11272321428571429 0.07700892857142858
5 0.1875 0.9564732142857143 0.11272321428571429 0.07700892857142858
5 0.4185267857142857 0.9375 0.11272321428571429 0.07700892857142858
1 0.8660714285714286 0.921875 0.11272321428571429 0.07700892857142858
5 0.7611607142857143 0.7667410714285714 0.11272321428571429 0.07924107142857142
15 0.7991071428571429 0.35825892857142855 0.10044642857142858 0.06696428571428571
15 0.6194196428571429 0.3627232142857143 0.08705357142857142 0.06696428571428571
1 0.24776785714285715 0.5178571428571429 0.09151785714285714 0.07254464285714286
1 0.8660714285714286 0.40066964285714285 0.11272321428571429 0.07700892857142858
1 0.8872767857142857 0.6004464285714286 0.11272321428571429 0.07700892857142858
15 0.5658482142857143 0.13058035714285715 0.10044642857142858 0.07254464285714286
15 0.48995535714285715 0.2533482142857143 0.08705357142857142 0.060267857142857144
13 0.6227678571428571 0.20982142857142858 0.11272321428571429 0.07700892857142858
13 0.7924107142857143 0.13392857142857142 0.10044642857142858 0.07700892857142858
13 0.6618303571428571 0.04575892857142857 0.11272321428571429 0.07700892857142858
13 0.7611607142857143 0.060267857142857144 0.11272321428571429 0.07700892857142858
13 0.5747767857142857 0.06919642857142858 0.11272321428571429 0.07700892857142858
13 0.3091517857142857 0.35825892857142855 0.11272321428571429 0.07700892857142858
13 0.34263392857142855 0.5100446428571429 0.09598214285714286 0.06696428571428571
13 0.3939732142857143 0.5948660714285714 0.10602678571428571 0.07254464285714286
13 0.31473214285714285 0.7857142857142857 0.11272321428571429 0.07700892857142858
13 0.7957589285714286 0.65625 0.11272321428571429 0.07924107142857142
12 0.20982142857142858 0.2689732142857143 0.06696428571428571 0.04575892857142857
12 0.11941964285714286 0.17633928571428573 0.07477678571428571 0.03794642857142857
12 0.26785714285714285 0.11049107142857142 0.0625 0.03794642857142857
12 0.5279017857142857 0.6662946428571429 0.052455357142857144 0.03794642857142857
12 0.8314732142857143 0.6004464285714286 0.03794642857142857 0.026785714285714284
12 0.8526785714285714 0.8013392857142857 0.04799107142857143 0.029017857142857144
12 0.5714285714285714 0.7756696428571429 0.052455357142857144 0.03794642857142857