13 0.9363839285714286 0.018973214285714284 0.12723214285714285 0.03794642857142857
13 0.04241071428571429 0.5948660714285714 0.07924107142857142 0.22879464285714285
13 0.25558035714285715 0.5200892857142857 0.16852678571428573 0.18080357142857142
13 0.6082589285714286 0.05022321428571429 0.21205357142857142 0.10044642857142858
13 0.7700892857142857 0.9107142857142857 0.34151785714285715 0.17299107142857142
6 0.5033482142857143 0.5022321428571429 0.40848214285714285 0.42299107142857145
13 0.9363839285714286 0.3549107142857143 0.12723214285714285 0.18526785714285715
13 0.04799107142857143 0.33705357142857145 0.09151785714285714 0.21205357142857142
13 0.11495535714285714 0.7176339285714286 0.22098214285714285 0.23549107142857142
13 0.859375 0.18861607142857142 0.22098214285714285 0.16852678571428573
13 0.5055803571428571 0.7767857142857143 0.18526785714285715 0.1875
13 0.17857142857142858 0.29129464285714285 0.20870535714285715 0.21428571428571427
13 0.35044642857142855 0.11495535714285714 0.21428571428571427 0.22098214285714285
13 0.3783482142857143 0.9040178571428571 0.25223214285714285 0.19196428571428573
13 0.7779017857142857 0.7354910714285714 0.22098214285714285 0.21205357142857142
13 0.7991071428571429 0.06473214285714286 0.19419642857142858 0.12946428571428573
13 0.328125 0.7299107142857143 0.19419642857142858 0.19754464285714285