9 0.18526785714285715 0.20870535714285715 0.3705357142857143 0.4174107142857143
13 0.7745535714285714 0.04352678571428571 0.34598214285714285 0.08705357142857142
13 0.9508928571428571 0.17633928571428573 0.09821428571428571 0.24330357142857142
13 0.8850446428571429 0.13616071428571427 0.21651785714285715 0.23995535714285715
13 0.9040178571428571 0.3861607142857143 0.19196428571428573 0.06473214285714286
13 0.7544642857142857 0.11383928571428571 0.29464285714285715 0.22767857142857142
13 0.8560267857142857 0.027901785714285716 0.19196428571428573 0.05580357142857143
6 0.5758928571428571 0.27901785714285715 0.29575892857142855 0.27901785714285715
13 0.7801339285714286 0.29575892857142855 0.27120535714285715 0.24553571428571427
9 0.21428571428571427 0.7064732142857143 0.42745535714285715 0.5770089285714286
13 0.9497767857142857 0.46651785714285715 0.10044642857142858 0.09598214285714286
13 0.546875 0.4642857142857143 0.23772321428571427 0.09151785714285714
13 0.8136160714285714 0.49441964285714285 0.2767857142857143 0.15178571428571427
13 0.9185267857142857 0.8816964285714286 0.16294642857142858 0.23549107142857142
13 0.8214285714285714 0.9631696428571429 0.24107142857142858 0.07366071428571429
6 0.6261160714285714 0.8147321428571429 0.39620535714285715 0.3705357142857143