8 0.6305803571428571 0.3627232142857143 0.07924107142857142 0.05803571428571429
15 0.3560267857142857 0.11272321428571429 0.08147321428571429 0.05803571428571429
15 0.3404017857142857 0.24888392857142858 0.08705357142857142 0.06696428571428571
8 0.8783482142857143 0.34933035714285715 0.08147321428571429 0.05803571428571429
8 0.28013392857142855 0.38058035714285715 0.08147321428571429 0.05803571428571429
8 0.53125 0.8917410714285714 0.08147321428571429 0.0625
12 0.04352678571428571 0.3716517857142857 0.029017857142857144 0.018973214285714284
12 0.1875 0.41964285714285715 0.018973214285714284 0.018973214285714284
12 0.2845982142857143 0.6763392857142857 0.029017857142857144 0.018973214285714284
12 0.2544642857142857 0.7834821428571429 0.029017857142857144 0.021205357142857144
12 0.4654017857142857 0.5178571428571429 0.033482142857142856 0.029017857142857144
13 0.5926339285714286 0.29575892857142855 0.08705357142857142 0.06473214285714286
1 0.38839285714285715 0.46875 0.10044642857142858 0.07254464285714286
1 0.20089285714285715 0.640625 0.08147321428571429 0.08147321428571429
12 0.7712053571428571 0.5200892857142857 0.03794642857142857 0.026785714285714284
12 0.7433035714285714 0.47544642857142855 0.029017857142857144 0.021205357142857144
12 0.7533482142857143 0.36607142857142855 0.033482142857142856 0.024553571428571428
12 0.7845982142857143 0.13616071428571427 0.024553571428571428 0.024553571428571428
12 0.8616071428571429 0.10379464285714286 0.03125 0.026785714285714284