13 0.5959821428571429 0.06138392857142857 0.06696428571428571 0.12276785714285714
13 0.14508928571428573 0.07700892857142858 0.19419642857142858 0.15401785714285715
13 0.3169642857142857 0.09933035714285714 0.2767857142857143 0.19866071428571427
13 0.59375 0.31361607142857145 0.07254464285714286 0.2622767857142857
13 0.5122767857142857 0.09040178571428571 0.23549107142857142 0.18080357142857142
0 0.45200892857142855 0.3861607142857143 0.3560267857142857 0.24776785714285715
13 0.23883928571428573 0.36160714285714285 0.27901785714285715 0.27455357142857145
10 0.7310267857142857 0.27901785714285715 0.20200892857142858 0.46205357142857145
3 0.19754464285714285 0.7667410714285714 0.3939732142857143 0.46651785714285715
6 0.7857142857142857 0.65625 0.3125 0.2935267857142857
13 0.9397321428571429 0.8839285714285714 0.12053571428571429 0.23214285714285715
13 0.8604910714285714 0.9508928571428571 0.27901785714285715 0.09821428571428571
13 0.7433035714285714 0.8604910714285714 0.22544642857142858 0.26004464285714285
13 0.9308035714285714 0.6350446428571429 0.13839285714285715 0.25223214285714285