1 0.7131696428571429 0.6316964285714286 0.10379464285714286 0.06473214285714286
1 0.7287946428571429 0.703125 0.08928571428571429 0.07254464285714286
1 0.5881696428571429 0.36830357142857145 0.09151785714285714 0.0625
1 0.4877232142857143 0.31138392857142855 0.07700892857142858 0.07924107142857142
14 0.32142857142857145 0.42745535714285715 0.08370535714285714 0.06473214285714286
1 0.09486607142857142 0.2767857142857143 0.11049107142857142 0.06473214285714286
12 0.8504464285714286 0.19977678571428573 0.04799107142857143 0.03571428571428571
12 0.36607142857142855 0.11383928571428571 0.033482142857142856 0.024553571428571428
12 0.8727678571428571 0.8381696428571429 0.03794642857142857 0.026785714285714284
1 0.8950892857142857 0.6395089285714286 0.09821428571428571 0.07477678571428571
7 0.7511160714285714 0.41294642857142855 0.125 0.10044642857142858