8 0.11495535714285714 0.15625 0.05803571428571429 0.07924107142857142
8 0.47767857142857145 0.8147321428571429 0.060267857142857144 0.08370535714285714
1 0.9308035714285714 0.40401785714285715 0.07700892857142858 0.09151785714285714
1 0.9229910714285714 0.32142857142857145 0.07924107142857142 0.09598214285714286
1 0.9676339285714286 0.23102678571428573 0.06473214285714286 0.10602678571428571
1 0.734375 0.23660714285714285 0.07924107142857142 0.09821428571428571
1 0.46986607142857145 0.24441964285714285 0.06696428571428571 0.08928571428571429
1 0.40066964285714285 0.05357142857142857 0.07924107142857142 0.09151785714285714
1 0.16071428571428573 0.06361607142857142 0.07477678571428571 0.10379464285714286
1 0.18080357142857142 0.16852678571428573 0.06919642857142858 0.08705357142857142
1 0.08928571428571429 0.7533482142857143 0.07477678571428571 0.09151785714285714
1 0.5625 0.6428571428571429 0.07924107142857142 0.09375
1 0.6685267857142857 0.6450892857142857 0.07700892857142858 0.10602678571428571
1 0.7064732142857143 0.49107142857142855 0.07924107142857142 0.11272321428571429
15 0.36160714285714285 0.9151785714285714 0.06473214285714286 0.07924107142857142
8 0.26339285714285715 0.26785714285714285 0.0625 0.07477678571428571
14 0.5491071428571429 0.49441964285714285 0.06473214285714286 0.08928571428571429
12 0.16629464285714285 0.4408482142857143 0.029017857142857144 0.033482142857142856
12 0.0625 0.29799107142857145 0.021205357142857144 0.033482142857142856
12 0.390625 0.5212053571428571 0.026785714285714284 0.03125
12 0.4564732142857143 0.4877232142857143 0.021205357142857144 0.029017857142857144
12 0.5267857142857143 0.39620535714285715 0.021205357142857144 0.026785714285714284
12 0.5457589285714286 0.4408482142857143 0.016741071428571428 0.026785714285714284
12 0.6607142857142857 0.7064732142857143 0.021205357142857144 0.029017857142857144
12 0.9252232142857143 0.8169642857142857 0.021205357142857144 0.03125
12 0.9464285714285714 0.8303571428571429 0.018973214285714284 0.03125
12 0.7723214285714286 0.14732142857142858 0.024553571428571428 0.029017857142857144
12 0.6819196428571429 0.17522321428571427 0.018973214285714284 0.029017857142857144
12 0.6194196428571429 0.31919642857142855 0.024553571428571428 0.03125
12 0.6573660714285714 0.7566964285714286 0.026785714285714284 0.03125
1 0.03459821428571429 0.6584821428571429 0.052455357142857144 0.08370535714285714
1 0.8147321428571429 0.3158482142857143 0.07477678571428571 0.08928571428571429
13 0.6763392857142857 0.3861607142857143 0.06696428571428571 0.07924107142857142
13 0.7935267857142857 0.45870535714285715 0.06696428571428571 0.09375
13 0.8638392857142857 0.4419642857142857 0.06696428571428571 0.08705357142857142
17 0.8470982142857143 0.5870535714285714 0.06473214285714286 0.08147321428571429
13 0.12723214285714285 0.5212053571428571 0.06473214285714286 0.08705357142857142
13 0.11495535714285714 0.35267857142857145 0.0625 0.07924107142857142
13 0.18415178571428573 0.27232142857142855 0.060267857142857144 0.07477678571428571
1 0.12723214285714285 0.23102678571428573 0.06919642857142858 0.09151785714285714
13 0.46651785714285715 0.07477678571428571 0.06473214285714286 0.08705357142857142
13 0.22544642857142858 0.7488839285714286 0.06696428571428571 0.08705357142857142
13 0.3013392857142857 0.7332589285714286 0.0625 0.08370535714285714
13 0.3158482142857143 0.8180803571428571 0.06919642857142858 0.07924107142857142
13 0.22433035714285715 0.8392857142857143 0.06696428571428571 0.08147321428571429
15 0.22209821428571427 0.9330357142857143 0.0625 0.07700892857142858
13 0.40848214285714285 0.3783482142857143 0.07924107142857142 0.10379464285714286
13 0.4732142857142857 0.6886160714285714 0.06473214285714286 0.07700892857142858
13 0.3705357142857143 0.6350446428571429 0.06473214285714286 0.08705357142857142
13 0.43973214285714285 0.5680803571428571 0.060267857142857144 0.07477678571428571
13 0.5 0.5435267857142857 0.07477678571428571 0.08147321428571429
13 0.5334821428571429 0.8415178571428571 0.060267857142857144 0.07254464285714286
13 0.6060267857142857 0.9497767857142857 0.06919642857142858 0.08705357142857142
13 0.25111607142857145 0.17299107142857142 0.06919642857142858 0.08370535714285714
13 0.3125 0.10379464285714286 0.07254464285714286 0.09375
13 0.3158482142857143 0.19419642857142858 0.07924107142857142 0.09151785714285714
13 0.23660714285714285 0.08147321428571429 0.07477678571428571 0.08928571428571429
13 0.35714285714285715 0.48214285714285715 0.07477678571428571 0.09151785714285714
13 0.48549107142857145 0.3325892857142857 0.06696428571428571 0.08928571428571429
13 0.5982142857142857 0.08035714285714286 0.07254464285714286 0.08147321428571429
1 0.42745535714285715 0.7790178571428571 0.0625 0.09598214285714286