2 0.39620535714285715 0.9040178571428571 0.07700892857142858 0.11272321428571429
2 0.33816964285714285 0.8705357142857143 0.09151785714285714 0.12276785714285714
2 0.47544642857142855 0.8549107142857143 0.07700892857142858 0.11272321428571429
2 0.17075892857142858 0.8839285714285714 0.09151785714285714 0.125
2 0.640625 0.8147321428571429 0.07700892857142858 0.11272321428571429
2 0.36049107142857145 0.7779017857142857 0.07700892857142858 0.11272321428571429
2 0.7957589285714286 0.7354910714285714 0.07700892857142858 0.11272321428571429
2 0.10825892857142858 0.7131696428571429 0.07700892857142858 0.11272321428571429
2 0.8504464285714286 0.5970982142857143 0.07700892857142858 0.11272321428571429
2 0.16071428571428573 0.6049107142857143 0.07700892857142858 0.11272321428571429
2 0.6517857142857143 0.5915178571428571 0.07700892857142858 0.11272321428571429
2 0.3080357142857143 0.59375 0.07700892857142858 0.11272321428571429
2 0.4888392857142857 0.5680803571428571 0.07700892857142858 0.11272321428571429
2 0.9598214285714286 0.5591517857142857 0.07924107142857142 0.11272321428571429
2 0.5915178571428571 0.5290178571428571 0.11049107142857142 0.13950892857142858
2 0.3158482142857143 0.5267857142857143 0.08928571428571429 0.11495535714285714
2 0.8169642857142857 0.44642857142857145 0.07700892857142858 0.11272321428571429
2 0.7020089285714286 0.43191964285714285 0.07700892857142858 0.11272321428571429
2 0.3247767857142857 0.41294642857142855 0.08147321428571429 0.12723214285714285
2 0.15290178571428573 0.36049107142857145 0.07700892857142858 0.11272321428571429
2 0.8649553571428571 0.35714285714285715 0.08928571428571429 0.12053571428571429
2 0.9542410714285714 0.36160714285714285 0.08147321428571429 0.12276785714285714
2 0.11830357142857142 0.2935267857142857 0.07700892857142858 0.11272321428571429
2 0.4497767857142857 0.2767857142857143 0.08705357142857142 0.11495535714285714
2 0.8995535714285714 0.24776785714285715 0.07700892857142858 0.11272321428571429
2 0.38058035714285715 0.22991071428571427 0.07700892857142858 0.11272321428571429
2 0.38950892857142855 0.17075892857142858 0.10602678571428571 0.11495535714285714
2 0.5245535714285714 0.15401785714285715 0.07700892857142858 0.11272321428571429
2 0.7220982142857143 0.18191964285714285 0.07700892857142858 0.11272321428571429
2 0.8225446428571429 0.16741071428571427 0.07700892857142858 0.11272321428571429
2 0.6629464285714286 0.09709821428571429 0.07700892857142858 0.11272321428571429
2 0.18526785714285715 0.060267857142857144 0.10044642857142858 0.12053571428571429
2 0.8660714285714286 0.19419642857142858 0.07700892857142858 0.09151785714285714
14 0.23325892857142858 0.2924107142857143 0.08705357142857142 0.09151785714285714
14 0.578125 0.3013392857142857 0.07924107142857142 0.09375