13 0.8426339285714286 0.7120535714285714 0.07700892857142858 0.09375
13 0.9419642857142857 0.5803571428571429 0.07700892857142858 0.09598214285714286
7 0.4966517857142857 0.609375 0.10379464285714286 0.12053571428571429
7 0.39620535714285715 0.35044642857142855 0.09598214285714286 0.125
7 0.7723214285714286 0.28794642857142855 0.09598214285714286 0.12723214285714285
11 0.19754464285714285 0.7008928571428571 0.08705357142857142 0.08928571428571429
13 0.8381696428571429 0.12611607142857142 0.06919642857142858 0.09151785714285714
7 0.07254464285714286 0.6383928571428571 0.09598214285714286 0.11049107142857142
7 0.28348214285714285 0.09375 0.08370535714285714 0.12053571428571429
11 0.9073660714285714 0.2924107142857143 0.08705357142857142 0.10602678571428571
7 0.0625 0.7466517857142857 0.08370535714285714 0.10602678571428571
13 0.4017857142857143 0.5491071428571429 0.07254464285714286 0.09598214285714286
13 0.10491071428571429 0.35044642857142855 0.07477678571428571 0.09598214285714286
5 0.036830357142857144 0.14508928571428573 0.07366071428571429 0.11607142857142858
11 0.2845982142857143 0.47098214285714285 0.09598214285714286 0.12946428571428573
1 0.7857142857142857 0.39620535714285715 0.06919642857142858 0.09375
2 0.9375 0.39732142857142855 0.07700892857142858 0.12053571428571429