12 0.23325892857142858 0.8191964285714286 0.033482142857142856 0.04352678571428571
12 0.25558035714285715 0.7522321428571429 0.029017857142857144 0.03571428571428571
12 0.20647321428571427 0.6294642857142857 0.029017857142857144 0.024553571428571428
12 0.19196428571428573 0.6037946428571429 0.024553571428571428 0.033482142857142856
12 0.17522321428571427 0.4799107142857143 0.029017857142857144 0.033482142857142856
12 0.14174107142857142 0.5457589285714286 0.018973214285714284 0.033482142857142856
12 0.16183035714285715 0.5435267857142857 0.024553571428571428 0.03125
12 0.16964285714285715 0.5647321428571429 0.018973214285714284 0.024553571428571428
12 0.43191964285714285 0.5881696428571429 0.024553571428571428 0.033482142857142856
12 0.4497767857142857 0.890625 0.024553571428571428 0.029017857142857144
12 0.8459821428571429 0.8493303571428571 0.024553571428571428 0.03571428571428571
12 0.9095982142857143 0.8604910714285714 0.029017857142857144 0.052455357142857144
12 0.7823660714285714 0.5647321428571429 0.024553571428571428 0.029017857142857144
12 0.6685267857142857 0.5837053571428571 0.018973214285714284 0.03125
12 0.7555803571428571 0.15178571428571427 0.029017857142857144 0.041294642857142856
1 0.49107142857142855 0.9308035714285714 0.06473214285714286 0.07924107142857142
1 0.10491071428571429 0.28348214285714285 0.06696428571428571 0.08928571428571429
1 0.16071428571428573 0.24888392857142858 0.060267857142857144 0.09151785714285714
1 0.734375 0.3080357142857143 0.06473214285714286 0.09598214285714286
1 0.9241071428571429 0.6651785714285714 0.05580357142857143 0.09598214285714286
14 0.49330357142857145 0.7700892857142857 0.06919642857142858 0.05803571428571429
1 0.5803571428571429 0.9341517857142857 0.07254464285714286 0.08705357142857142
1 0.7075892857142857 0.8895089285714286 0.0625 0.08705357142857142
1 0.7622767857142857 0.7243303571428571 0.07254464285714286 0.08370535714285714
1 0.5982142857142857 0.6506696428571429 0.06696428571428571 0.08147321428571429
1 0.7633928571428571 0.9375 0.0625 0.09375
1 0.8091517857142857 0.8805803571428571 0.06696428571428571 0.08928571428571429
1 0.20200892857142858 0.30357142857142855 0.07254464285714286 0.08705357142857142
1 0.3872767857142857 0.3872767857142857 0.06473214285714286 0.09151785714285714
1 0.3080357142857143 0.29129464285714285 0.06919642857142858 0.09151785714285714
1 0.8973214285714286 0.15290178571428573 0.08147321428571429 0.08147321428571429
1 0.9486607142857143 0.203125 0.05803571428571429 0.09598214285714286
1 0.8013392857142857 0.45982142857142855 0.060267857142857144 0.09598214285714286
1 0.9162946428571429 0.4877232142857143 0.060267857142857144 0.08147321428571429
2 0.6383928571428571 0.49776785714285715 0.052455357142857144 0.10044642857142858
17 0.3482142857142857 0.6551339285714286 0.06696428571428571 0.09598214285714286
14 0.7176339285714286 0.8035714285714286 0.07924107142857142 0.060267857142857144
14 0.5881696428571429 0.08928571428571429 0.06473214285714286 0.07254464285714286