17 0.5212053571428571 0.37611607142857145 0.06696428571428571 0.10379464285714286
17 0.4497767857142857 0.28013392857142855 0.07700892857142858 0.09598214285714286
17 0.3125 0.08705357142857142 0.07700892857142858 0.10044642857142858
17 0.125 0.18080357142857142 0.07924107142857142 0.10044642857142858
17 0.20424107142857142 0.09263392857142858 0.06919642857142858 0.09598214285714286
17 0.28683035714285715 0.47767857142857145 0.07700892857142858 0.08705357142857142
17 0.4642857142857143 0.8649553571428571 0.06919642857142858 0.10044642857142858
18 0.5011160714285714 0.53125 0.10602678571428571 0.08370535714285714
14 0.7912946428571429 0.44308035714285715 0.07700892857142858 0.08370535714285714
2 0.7321428571428571 0.578125 0.10602678571428571 0.08147321428571429
2 0.18191964285714285 0.8649553571428571 0.07700892857142858 0.10044642857142858
1 0.5803571428571429 0.07700892857142858 0.0625 0.08705357142857142
15 0.17299107142857142 0.45200892857142855 0.06919642857142858 0.09821428571428571
2 0.9174107142857143 0.35044642857142855 0.07477678571428571 0.12053571428571429
15 0.6205357142857143 0.34375 0.06696428571428571 0.08928571428571429
11 0.4375 0.15401785714285715 0.07477678571428571 0.07477678571428571