13 0.2935267857142857 0.9754464285714286 0.19754464285714285 0.04799107142857143
13 0.020089285714285716 0.5569196428571429 0.04017857142857143 0.22098214285714285
13 0.6060267857142857 0.23549107142857142 0.23995535714285715 0.17745535714285715
13 0.9296875 0.9029017857142857 0.140625 0.18973214285714285
13 0.033482142857142856 0.7533482142857143 0.06696428571428571 0.20424107142857142
13 0.9352678571428571 0.5424107142857143 0.125 0.21651785714285715
13 0.8415178571428571 0.08928571428571429 0.21651785714285715 0.17745535714285715
13 0.044642857142857144 0.28348214285714285 0.08928571428571429 0.18526785714285715
13 0.27120535714285715 0.8761160714285714 0.19977678571428573 0.22544642857142858
13 0.10491071428571429 0.05133928571428571 0.17075892857142858 0.09821428571428571
6 0.5256696428571429 0.546875 0.4497767857142857 0.4564732142857143
13 0.5591517857142857 0.13950892857142858 0.19977678571428573 0.19977678571428573
13 0.18080357142857142 0.19754464285714285 0.21205357142857142 0.19977678571428573
13 0.8236607142857143 0.7087053571428571 0.20870535714285715 0.17522321428571427
13 0.22991071428571427 0.6551339285714286 0.21428571428571427 0.21651785714285715
13 0.5457589285714286 0.9051339285714286 0.21428571428571427 0.18973214285714285
13 0.6964285714285714 0.8136160714285714 0.19754464285714285 0.21205357142857142
13 0.13504464285714285 0.48549107142857145 0.22544642857142858 0.19977678571428573
13 0.38169642857142855 0.26785714285714285 0.18973214285714285 0.20424107142857142