15 0.9207589285714286 0.13950892857142858 0.11272321428571429 0.07700892857142858
15 0.8404017857142857 0.10044642857142858 0.11272321428571429 0.07700892857142858
15 0.7723214285714286 0.39620535714285715 0.11272321428571429 0.07700892857142858
15 0.765625 0.29464285714285715 0.07700892857142858 0.07254464285714286
15 0.4408482142857143 0.3080357142857143 0.11272321428571429 0.07700892857142858
15 0.5334821428571429 0.23660714285714285 0.09151785714285714 0.0625
15 0.41183035714285715 0.40513392857142855 0.11272321428571429 0.07700892857142858
15 0.2845982142857143 0.328125 0.11272321428571429 0.07700892857142858
15 0.09151785714285714 0.3158482142857143 0.11272321428571429 0.07700892857142858
15 0.21763392857142858 0.5881696428571429 0.08370535714285714 0.07254464285714286
15 0.27901785714285715 0.6227678571428571 0.08705357142857142 0.06696428571428571
15 0.44642857142857145 0.8113839285714286 0.11272321428571429 0.07700892857142858
15 0.5200892857142857 0.8069196428571429 0.11272321428571429 0.07700892857142858
15 0.13392857142857142 0.7555803571428571 0.11272321428571429 0.07700892857142858
15 0.7622767857142857 0.6886160714285714 0.11272321428571429 0.07924107142857142
15 0.8604910714285714 0.7287946428571429 0.11272321428571429 0.07924107142857142
15 0.6060267857142857 0.9207589285714286 0.11272321428571429 0.07700892857142858
15 0.8381696428571429 0.6808035714285714 0.11272321428571429 0.07924107142857142
15 0.7845982142857143 0.4732142857142857 0.11272321428571429 0.07700892857142858
15 0.5747767857142857 0.29129464285714285 0.07700892857142858 0.05580357142857143
15 0.5122767857142857 0.09933035714285714 0.11272321428571429 0.07700892857142858
15 0.4966517857142857 0.4955357142857143 0.11272321428571429 0.07700892857142858
15 0.34375 0.6037946428571429 0.11272321428571429 0.07700892857142858
15 0.8493303571428571 0.9363839285714286 0.11272321428571429 0.07700892857142858
15 0.8091517857142857 0.8962053571428571 0.11272321428571429 0.07700892857142858
15 0.8180803571428571 0.8191964285714286 0.11272321428571429 0.07924107142857142
15 0.6395089285714286 0.328125 0.09598214285714286 0.05803571428571429
11 0.40066964285714285 0.23325892857142858 0.11049107142857142 0.05803571428571429
11 0.9118303571428571 0.43861607142857145 0.10602678571428571 0.0625