9 0.29017857142857145 0.21428571428571427 0.5792410714285714 0.21205357142857142
13 0.7399553571428571 0.3002232142857143 0.23102678571428573 0.03794642857142857
13 0.6540178571428571 0.20982142857142858 0.14955357142857142 0.21875
13 0.9229910714285714 0.22544642857142858 0.15401785714285715 0.1875
13 0.8002232142857143 0.15066964285714285 0.25223214285714285 0.2622767857142857
13 0.9453125 0.06808035714285714 0.109375 0.13616071428571427
3 0.7611607142857143 0.0625 0.3627232142857143 0.125
13 0.28125 0.5200892857142857 0.3002232142857143 0.27455357142857145
13 0.5602678571428571 0.6651785714285714 0.03794642857142857 0.24330357142857142
12 0.40401785714285715 0.6149553571428571 0.09375 0.09375
0 0.18973214285714285 0.7332589285714286 0.3794642857142857 0.5334821428571429
13 0.5167410714285714 0.46205357142857145 0.125 0.24553571428571427
13 0.06919642857142858 0.36607142857142855 0.13839285714285715 0.09375
13 0.4263392857142857 0.8069196428571429 0.29575892857142855 0.30245535714285715
13 0.31473214285714285 0.43861607142857145 0.2935267857142857 0.23772321428571427
12 0.4732142857142857 0.44308035714285715 0.08147321428571429 0.07924107142857142
12 0.5513392857142857 0.42410714285714285 0.05580357142857143 0.08928571428571429
9 0.7890625 0.6484375 0.421875 0.6049107142857143