12 0.8236607142857143 0.6517857142857143 0.03794642857142857 0.033482142857142856
12 0.8549107142857143 0.5446428571428571 0.033482142857142856 0.021205357142857144
12 0.7946428571428571 0.40401785714285715 0.029017857142857144 0.024553571428571428
12 0.9162946428571429 0.20200892857142858 0.033482142857142856 0.026785714285714284
12 0.9308035714285714 0.17633928571428573 0.033482142857142856 0.024553571428571428
12 0.890625 0.1875 0.029017857142857144 0.018973214285714284
12 0.8950892857142857 0.17522321428571427 0.029017857142857144 0.018973214285714284
12 0.9162946428571429 0.16294642857142858 0.024553571428571428 0.018973214285714284
12 0.890625 0.15513392857142858 0.024553571428571428 0.016741071428571428
12 0.8683035714285714 0.17299107142857142 0.029017857142857144 0.024553571428571428
12 0.8683035714285714 0.15513392857142858 0.026785714285714284 0.018973214285714284
17 0.8002232142857143 0.03794642857142857 0.09151785714285714 0.06696428571428571
2 0.6495535714285714 0.05357142857142857 0.09598214285714286 0.05803571428571429
2 0.5904017857142857 0.20982142857142858 0.11049107142857142 0.052455357142857144
12 0.03236607142857143 0.15625 0.033482142857142856 0.024553571428571428
12 0.005580357142857143 0.15513392857142858 0.011160714285714286 0.029017857142857144
17 0.17745535714285715 0.359375 0.09821428571428571 0.07254464285714286
12 0.06473214285714286 0.453125 0.026785714285714284 0.021205357142857144
12 0.49107142857142855 0.390625 0.026785714285714284 0.018973214285714284
2 0.7332589285714286 0.33816964285714285 0.11049107142857142 0.04575892857142857
17 0.42857142857142855 0.6618303571428571 0.08147321428571429 0.0625
17 0.8805803571428571 0.9341517857142857 0.09151785714285714 0.07254464285714286
2 0.6607142857142857 0.9698660714285714 0.09151785714285714 0.060267857142857144
17 0.20647321428571427 0.9698660714285714 0.09598214285714286 0.060267857142857144
17 0.041294642857142856 0.22098214285714285 0.08147321428571429 0.06696428571428571
17 0.07924107142857142 0.18303571428571427 0.09151785714285714 0.0625
11 0.6696428571428571 0.7064732142857143 0.10044642857142858 0.05803571428571429
18 0.6875 0.5435267857142857 0.10602678571428571 0.05580357142857143
11 0.4877232142857143 0.8024553571428571 0.07700892857142858 0.07254464285714286
11 0.23102678571428573 0.43973214285714285 0.09821428571428571 0.06919642857142858