10 0.25892857142857145 0.18973214285714285 0.24330357142857142 0.3794642857142857
13 0.8883928571428571 0.5212053571428571 0.22321428571428573 0.19196428571428573
12 0.515625 0.0625 0.08705357142857142 0.08370535714285714
3 0.7410714285714286 0.31026785714285715 0.4017857142857143 0.5122767857142857
13 0.953125 0.36049107142857145 0.09375 0.2544642857142857
13 0.6629464285714286 0.5524553571428571 0.22544642857142858 0.12946428571428573
13 0.953125 0.14955357142857142 0.09375 0.23102678571428573
13 0.4810267857142857 0.5323660714285714 0.20200892857142858 0.17075892857142858
0 0.15178571428571427 0.7354910714285714 0.30245535714285715 0.23549107142857142
13 0.7689732142857143 0.9229910714285714 0.2544642857142857 0.15401785714285715
6 0.6595982142857143 0.7756696428571429 0.28348214285714285 0.28348214285714285
13 0.8816964285714286 0.7589285714285714 0.23549107142857142 0.25669642857142855
13 0.5301339285714286 0.6473214285714286 0.27120535714285715 0.060267857142857144
13 0.5435267857142857 0.9497767857142857 0.2689732142857143 0.10044642857142858
13 0.4575892857142857 0.8549107142857143 0.15625 0.23772321428571427