13 0.9776785714285714 0.6428571428571429 0.044642857142857144 0.20089285714285715
13 0.9441964285714286 0.8783482142857143 0.11049107142857142 0.21651785714285715
13 0.8113839285714286 0.9743303571428571 0.27901785714285715 0.05022321428571429
13 0.8381696428571429 0.08928571428571429 0.28125 0.17299107142857142
12 0.04799107142857143 0.6662946428571429 0.09151785714285714 0.09598214285714286
13 0.13504464285714285 0.40736607142857145 0.2689732142857143 0.29129464285714285
6 0.49441964285714285 0.5 0.28348214285714285 0.28348214285714285
13 0.9263392857142857 0.375 0.14174107142857142 0.23772321428571427
13 0.5535714285714286 0.7511160714285714 0.23102678571428573 0.21205357142857142
13 0.8582589285714286 0.5993303571428571 0.21205357142857142 0.28348214285714285
13 0.36049107142857145 0.2622767857142857 0.27901785714285715 0.29799107142857145
13 0.20200892857142858 0.08370535714285714 0.23883928571428573 0.16741071428571427
13 0.6852678571428571 0.5412946428571429 0.18080357142857142 0.26674107142857145