13 0.18526785714285715 0.5881696428571429 0.35379464285714285 0.39955357142857145
13 0.9676339285714286 0.5334821428571429 0.060267857142857144 0.22321428571428573
12 0.6238839285714286 0.8738839285714286 0.08147321428571429 0.07700892857142858
13 0.19642857142857142 0.6138392857142857 0.25223214285714285 0.1875
12 0.421875 0.90625 0.0625 0.05022321428571429
13 0.06138392857142857 0.8649553571428571 0.12276785714285714 0.26004464285714285
13 0.203125 0.5122767857142857 0.23995535714285715 0.19977678571428573
0 0.5 0.49441964285714285 0.35044642857142855 0.36830357142857145
13 0.7712053571428571 0.890625 0.25669642857142855 0.21875
13 0.4732142857142857 0.9575892857142857 0.21205357142857142 0.08370535714285714
13 0.859375 0.671875 0.22098214285714285 0.22544642857142858
13 0.6595982142857143 0.7254464285714286 0.22544642857142858 0.20647321428571427
13 0.765625 0.5279017857142857 0.20424107142857142 0.19419642857142858