13 0.27232142857142855 0.18973214285714285 0.03125 0.36049107142857145
13 0.09040178571428571 0.125 0.18080357142857142 0.25
13 0.10825892857142858 0.44642857142857145 0.21651785714285715 0.14620535714285715
6 0.044642857142857144 0.34375 0.08928571428571429 0.35044642857142855
13 0.38392857142857145 0.30357142857142855 0.18973214285714285 0.28125
13 0.7410714285714286 0.017857142857142856 0.28125 0.03571428571428571
13 0.8917410714285714 0.3627232142857143 0.21651785714285715 0.3125
0 0.6350446428571429 0.36607142857142855 0.41294642857142855 0.30580357142857145
13 0.328125 0.39285714285714285 0.07924107142857142 0.25223214285714285
13 0.9397321428571429 0.018973214285714284 0.12053571428571429 0.03794642857142857
13 0.47433035714285715 0.10267857142857142 0.31026785714285715 0.20424107142857142
3 0.13392857142857142 0.7589285714285714 0.26785714285714285 0.48214285714285715
9 0.625 0.7544642857142857 0.5524553571428571 0.47098214285714285