1 0.11272321428571429 0.41294642857142855 0.11272321428571429 0.07700892857142858
1 0.5948660714285714 0.5513392857142857 0.07700892857142858 0.07700892857142858
11 0.4341517857142857 0.36495535714285715 0.11272321428571429 0.07700892857142858
11 0.07366071428571429 0.8180803571428571 0.11272321428571429 0.07924107142857142
13 0.8013392857142857 0.5334821428571429 0.09151785714285714 0.06473214285714286
13 0.9464285714285714 0.8381696428571429 0.10714285714285714 0.078125
13 0.8002232142857143 0.2924107142857143 0.11272321428571429 0.07700892857142858
13 0.7042410714285714 0.28013392857142855 0.11272321428571429 0.07700892857142858
11 0.8872767857142857 0.30691964285714285 0.11272321428571429 0.07700892857142858
11 0.6227678571428571 0.8303571428571429 0.11495535714285714 0.06919642857142858
5 0.45982142857142855 0.29575892857142855 0.10044642857142858 0.06696428571428571
13 0.7299107142857143 0.75 0.11272321428571429 0.07924107142857142
13 0.8470982142857143 0.8962053571428571 0.11272321428571429 0.07700892857142858
8 0.41183035714285715 0.6685267857142857 0.11272321428571429 0.07700892857142858
13 0.5892857142857143 0.09151785714285714 0.09598214285714286 0.06696428571428571
13 0.21540178571428573 0.3549107142857143 0.11272321428571429 0.07700892857142858
14 0.15625 0.7991071428571429 0.05803571428571429 0.07254464285714286
13 0.42075892857142855 0.9520089285714286 0.11272321428571429 0.07700892857142858
13 0.6194196428571429 0.9375 0.11272321428571429 0.07924107142857142
1 0.7332589285714286 0.3560267857142857 0.08370535714285714 0.07700892857142858
13 0.4408482142857143 0.22209821428571427 0.11272321428571429 0.07700892857142858
11 0.43526785714285715 0.46205357142857145 0.11272321428571429 0.07700892857142858
11 0.5167410714285714 0.5424107142857143 0.11272321428571429 0.07700892857142858
11 0.30691964285714285 0.5625 0.11272321428571429 0.07700892857142858
13 0.08147321428571429 0.7232142857142857 0.11272321428571429 0.07700892857142858
14 0.5747767857142857 0.8783482142857143 0.07477678571428571 0.05803571428571429
11 0.6785714285714286 0.8604910714285714 0.11272321428571429 0.07924107142857142
12 0.17410714285714285 0.6529017857142857 0.04799107142857143 0.029017857142857144
12 0.07589285714285714 0.34486607142857145 0.03794642857142857 0.029017857142857144
1 0.20200892857142858 0.6205357142857143 0.11495535714285714 0.04799107142857143
1 0.7388392857142857 0.6149553571428571 0.07254464285714286 0.07700892857142858
1 0.34598214285714285 0.8002232142857143 0.09151785714285714 0.07254464285714286
1 0.23772321428571427 0.23660714285714285 0.10044642857142858 0.06696428571428571
1 0.36049107142857145 0.17745535714285715 0.09598214285714286 0.060267857142857144
12 0.36049107142857145 0.22991071428571427 0.03794642857142857 0.033482142857142856