9 0.13839285714285715 0.22433035714285715 0.2767857142857143 0.4486607142857143
13 0.8504464285714286 0.140625 0.24553571428571427 0.23549107142857142
13 0.7455357142857143 0.2767857142857143 0.24553571428571427 0.23102678571428573
13 0.9241071428571429 0.23214285714285715 0.15178571428571427 0.22879464285714285
6 0.5033482142857143 0.17075892857142858 0.3482142857142857 0.34151785714285715
13 0.6707589285714286 0.03571428571428571 0.24330357142857142 0.07142857142857142
13 0.8381696428571429 0.40066964285714285 0.24776785714285715 0.09821428571428571
13 0.8794642857142857 0.027901785714285716 0.21651785714285715 0.05580357142857143
13 0.34598214285714285 0.3091517857142857 0.11495535714285714 0.27120535714285715
10 0.23883928571428573 0.7488839285714286 0.09821428571428571 0.42075892857142855
10 0.6540178571428571 0.6350446428571429 0.46651785714285715 0.3705357142857143