13 0.17299107142857142 0.6573660714285714 0.20424107142857142 0.21205357142857142
13 0.078125 0.8292410714285714 0.15625 0.31026785714285715
13 0.14620535714285715 0.9709821428571429 0.27120535714285715 0.052455357142857144
13 0.6149553571428571 0.9732142857142857 0.23102678571428573 0.052455357142857144
13 0.7399553571428571 0.6964285714285714 0.22098214285714285 0.18080357142857142
13 0.9430803571428571 0.40848214285714285 0.10825892857142858 0.23549107142857142
13 0.12611607142857142 0.0625 0.23549107142857142 0.125
13 0.8694196428571429 0.5848214285714286 0.25669642857142855 0.25223214285714285
3 0.4966517857142857 0.5100446428571429 0.40848214285714285 0.4185267857142857
13 0.8816964285714286 0.09151785714285714 0.23102678571428573 0.17745535714285715
13 0.16741071428571427 0.4888392857142857 0.23995535714285715 0.23549107142857142
13 0.5145089285714286 0.8247767857142857 0.27120535714285715 0.23995535714285715