17 0.22991071428571427 0.08147321428571429 0.08928571428571429 0.12053571428571429
17 0.35379464285714285 0.14955357142857142 0.07254464285714286 0.11495535714285714
17 0.3325892857142857 0.8616071428571429 0.08705357142857142 0.12276785714285714
17 0.6104910714285714 0.9084821428571429 0.07700892857142858 0.11272321428571429
13 0.29910714285714285 0.7332589285714286 0.07254464285714286 0.10044642857142858
7 0.20200892857142858 0.23883928571428573 0.08705357142857142 0.11830357142857142
7 0.42410714285714285 0.10491071428571429 0.08147321428571429 0.11830357142857142
8 0.11383928571428571 0.07924107142857142 0.08370535714285714 0.08928571428571429
14 0.7901785714285714 0.6662946428571429 0.07700892857142858 0.08370535714285714
17 0.8761160714285714 0.4564732142857143 0.09151785714285714 0.11049107142857142
13 0.24553571428571427 0.9475446428571429 0.08147321428571429 0.10044642857142858
5 0.140625 0.3404017857142857 0.08147321428571429 0.11049107142857142