1 0.9720982142857143 0.42299107142857145 0.05580357142857143 0.10044642857142858
1 0.7924107142857143 0.4252232142857143 0.08147321428571429 0.09598214285714286
14 0.6707589285714286 0.6104910714285714 0.06473214285714286 0.06696428571428571
14 0.38058035714285715 0.28236607142857145 0.05803571428571429 0.08705357142857142
15 0.8035714285714286 0.16517857142857142 0.05803571428571429 0.06473214285714286
15 0.44754464285714285 0.8928571428571429 0.052455357142857144 0.07700892857142858
15 0.5223214285714286 0.8895089285714286 0.06696428571428571 0.08370535714285714
15 0.6305803571428571 0.6830357142857143 0.06696428571428571 0.09151785714285714
15 0.03459821428571429 0.4799107142857143 0.052455357142857144 0.07700892857142858
15 0.4095982142857143 0.46875 0.0625 0.08370535714285714
15 0.5580357142857143 0.34263392857142855 0.05803571428571429 0.07700892857142858
15 0.49441964285714285 0.33482142857142855 0.052455357142857144 0.07700892857142858
15 0.026785714285714284 0.07366071428571429 0.052455357142857144 0.07254464285714286
15 0.625 0.453125 0.06696428571428571 0.08147321428571429
15 0.7287946428571429 0.546875 0.05022321428571429 0.06473214285714286
15 0.8236607142857143 0.7410714285714286 0.05580357142857143 0.06473214285714286
15 0.8805803571428571 0.9709821428571429 0.03794642857142857 0.052455357142857144
1 0.9408482142857143 0.7823660714285714 0.05803571428571429 0.09151785714285714
15 0.984375 0.7410714285714286 0.03125 0.07477678571428571
15 0.8839285714285714 0.2689732142857143 0.06696428571428571 0.08928571428571429
15 0.84375 0.6919642857142857 0.060267857142857144 0.07700892857142858
11 0.38058035714285715 0.9252232142857143 0.07254464285714286 0.07924107142857142
11 0.8917410714285714 0.5100446428571429 0.05803571428571429 0.08928571428571429