18 0.7522321428571429 0.8404017857142857 0.07700892857142858 0.11272321428571429
14 0.39955357142857145 0.7310267857142857 0.04352678571428571 0.0625
11 0.7566964285714286 0.14620535714285715 0.07700892857142858 0.11049107142857142
5 0.26674107142857145 0.5089285714285714 0.07700892857142858 0.11272321428571429
7 0.7098214285714286 0.9029017857142857 0.08705357142857142 0.11495535714285714
13 0.7712053571428571 0.42299107142857145 0.07700892857142858 0.11272321428571429
12 0.3783482142857143 0.9352678571428571 0.03571428571428571 0.05580357142857143
12 0.515625 0.44754464285714285 0.03571428571428571 0.04799107142857143
12 0.8448660714285714 0.24665178571428573 0.029017857142857144 0.03794642857142857
18 0.22098214285714285 0.9375 0.05803571428571429 0.08705357142857142
18 0.6462053571428571 0.8035714285714286 0.06473214285714286 0.10602678571428571
8 0.7667410714285714 0.6975446428571429 0.04799107142857143 0.07254464285714286
2 0.05022321428571429 0.6104910714285714 0.06696428571428571 0.13950892857142858
18 0.04575892857142857 0.21205357142857142 0.07700892857142858 0.11495535714285714
2 0.6819196428571429 0.40513392857142855 0.10044642857142858 0.10044642857142858