13 0.35267857142857145 0.14285714285714285 0.15178571428571427 0.2857142857142857
0 0.19642857142857142 0.20424107142857142 0.39174107142857145 0.40848214285714285
13 0.23102678571428573 0.36607142857142855 0.2689732142857143 0.08370535714285714
3 0.6986607142857143 0.29799107142857145 0.44419642857142855 0.22098214285714285
13 0.38504464285714285 0.8303571428571429 0.08705357142857142 0.25669642857142855
13 0.35044642857142855 0.4419642857142857 0.15401785714285715 0.06696428571428571
13 0.14285714285714285 0.421875 0.26674107142857145 0.026785714285714284
13 0.30691964285714285 0.5803571428571429 0.24330357142857142 0.2622767857142857
13 0.34375 0.9698660714285714 0.15401785714285715 0.060267857142857144
6 0.08705357142857142 0.7700892857142857 0.17299107142857142 0.45870535714285715
13 0.09709821428571429 0.5223214285714286 0.19419642857142858 0.22879464285714285
13 0.24665178571428573 0.875 0.24776785714285715 0.25
3 0.5970982142857143 0.6785714285714286 0.3392857142857143 0.5412946428571429
6 0.7555803571428571 0.5691964285714286 0.4877232142857143 0.32254464285714285