2 0.060267857142857144 0.6149553571428571 0.12053571428571429 0.09151785714285714
2 0.07142857142857142 0.40736607142857145 0.11272321428571429 0.07700892857142858
2 0.12165178571428571 0.9542410714285714 0.11272321428571429 0.07924107142857142
2 0.14508928571428573 0.5022321428571429 0.11830357142857142 0.08705357142857142
2 0.15736607142857142 0.65625 0.125 0.08705357142857142
2 0.14732142857142858 0.16852678571428573 0.11272321428571429 0.07700892857142858
2 0.16852678571428573 0.05803571428571429 0.11272321428571429 0.07700892857142858
2 0.18526785714285715 0.42075892857142855 0.12053571428571429 0.08928571428571429
2 0.1875 0.9118303571428571 0.11272321428571429 0.07700892857142858
2 0.23102678571428573 0.5357142857142857 0.11272321428571429 0.07700892857142858
2 0.23214285714285715 0.23102678571428573 0.13950892857142858 0.11049107142857142
2 0.2689732142857143 0.6841517857142857 0.12723214285714285 0.10044642857142858
2 0.3013392857142857 0.32700892857142855 0.11272321428571429 0.07700892857142858
2 0.2924107142857143 0.39955357142857145 0.11272321428571429 0.07700892857142858
2 0.31473214285714285 0.08035714285714286 0.11495535714285714 0.08705357142857142
2 0.3314732142857143 0.5 0.12053571428571429 0.09151785714285714
2 0.36160714285714285 0.8627232142857143 0.12276785714285714 0.09151785714285714
2 0.375 0.20870535714285715 0.11272321428571429 0.07700892857142858
2 0.38392857142857145 0.9575892857142857 0.11272321428571429 0.07924107142857142
2 0.3950892857142857 0.5680803571428571 0.11272321428571429 0.07700892857142858
2 0.4174107142857143 0.6517857142857143 0.11272321428571429 0.07700892857142858
2 0.4654017857142857 0.26674107142857145 0.11272321428571429 0.07700892857142858
2 0.5 0.6595982142857143 0.11272321428571429 0.07700892857142858
2 0.5290178571428571 0.3314732142857143 0.11272321428571429 0.07700892857142858
2 0.5758928571428571 0.6261160714285714 0.12053571428571429 0.08928571428571429
2 0.5993303571428571 0.37611607142857145 0.11272321428571429 0.07700892857142858
2 0.59375 0.71875 0.11272321428571429 0.07700892857142858
2 0.6696428571428571 0.7053571428571429 0.11272321428571429 0.07700892857142858
2 0.6674107142857143 0.390625 0.11272321428571429 0.07700892857142858
2 0.6785714285714286 0.05803571428571429 0.11272321428571429 0.07700892857142858
2 0.6875 0.9252232142857143 0.11272321428571429 0.07924107142857142
2 0.6964285714285714 0.5770089285714286 0.11272321428571429 0.07700892857142858
2 0.7645089285714286 0.27120535714285715 0.11272321428571429 0.07700892857142858
2 0.7790178571428571 0.9162946428571429 0.11272321428571429 0.07700892857142858
2 0.7924107142857143 0.8024553571428571 0.12946428571428573 0.09598214285714286
2 0.8102678571428571 0.6763392857142857 0.11272321428571429 0.07924107142857142
2 0.8459821428571429 0.5357142857142857 0.11272321428571429 0.07700892857142858
2 0.8839285714285714 0.9252232142857143 0.11272321428571429 0.07700892857142858
2 0.8895089285714286 0.8560267857142857 0.11272321428571429 0.07700892857142858
2 0.8816964285714286 0.2935267857142857 0.13504464285714285 0.09598214285714286
2 0.9341517857142857 0.515625 0.11272321428571429 0.07700892857142858