1 0.7756696428571429 0.6752232142857143 0.07700892857142858 0.11272321428571429
1 0.4029017857142857 0.6071428571428571 0.07700892857142858 0.08147321428571429
1 0.5691964285714286 0.23772321428571427 0.07700892857142858 0.11272321428571429
2 0.6774553571428571 0.4408482142857143 0.07700892857142858 0.11272321428571429
8 0.12388392857142858 0.22098214285714285 0.07700892857142858 0.11272321428571429
18 0.9743303571428571 0.6852678571428571 0.05022321428571429 0.11272321428571429
13 0.46205357142857145 0.2611607142857143 0.07700892857142858 0.11272321428571429
13 0.24330357142857142 0.8660714285714286 0.07700892857142858 0.11272321428571429
13 0.31361607142857145 0.9006696428571429 0.07700892857142858 0.11272321428571429
13 0.31361607142857145 0.18526785714285715 0.07700892857142858 0.11272321428571429
13 0.5167410714285714 0.08816964285714286 0.07700892857142858 0.11272321428571429
13 0.37388392857142855 0.13616071428571427 0.07700892857142858 0.11272321428571429
13 0.44419642857142855 0.8415178571428571 0.07700892857142858 0.11272321428571429
13 0.546875 0.03794642857142857 0.07589285714285714 0.07589285714285714
13 0.24330357142857142 0.046875 0.07700892857142858 0.09375
13 0.6629464285714286 0.046875 0.07700892857142858 0.09375
13 0.921875 0.04799107142857143 0.07700892857142858 0.09598214285714286
13 0.7332589285714286 0.05022321428571429 0.07700892857142858 0.10044642857142858
13 0.8381696428571429 0.05022321428571429 0.07700892857142858 0.10044642857142858
11 0.59375 0.056919642857142856 0.07700892857142858 0.11272321428571429
11 0.33705357142857145 0.056919642857142856 0.07700892857142858 0.11272321428571429
13 0.09821428571428571 0.07924107142857142 0.07700892857142858 0.11272321428571429
13 0.4185267857142857 0.07924107142857142 0.07700892857142858 0.11272321428571429
13 0.7935267857142857 0.11049107142857142 0.07700892857142858 0.11272321428571429
13 0.15513392857142858 0.14508928571428573 0.07700892857142858 0.11272321428571429
13 0.9430803571428571 0.14732142857142858 0.07700892857142858 0.11272321428571429
13 0.7700892857142857 0.20424107142857142 0.07700892857142858 0.11272321428571429
13 0.6919642857142857 0.22209821428571427 0.07700892857142858 0.11272321428571429
13 0.8459821428571429 0.22098214285714285 0.07700892857142858 0.11272321428571429
13 0.9341517857142857 0.23325892857142858 0.07700892857142858 0.11272321428571429
11 0.15290178571428573 0.2924107142857143 0.07700892857142858 0.11272321428571429
11 0.32924107142857145 0.3002232142857143 0.07700892857142858 0.11272321428571429
13 0.796875 0.3125 0.07700892857142858 0.11272321428571429
11 0.59375 0.3236607142857143 0.07700892857142858 0.11272321428571429
13 0.9720982142857143 0.35267857142857145 0.05580357142857143 0.11272321428571429
13 0.8683035714285714 0.3549107142857143 0.07700892857142858 0.11272321428571429
13 0.7064732142857143 0.35267857142857145 0.07700892857142858 0.11272321428571429
13 0.26450892857142855 0.36049107142857145 0.07700892857142858 0.11272321428571429
11 0.6037946428571429 0.40625 0.07700892857142858 0.11272321428571429
11 0.765625 0.40848214285714285 0.07700892857142858 0.11272321428571429
13 0.9743303571428571 0.4408482142857143 0.05022321428571429 0.11272321428571429
13 0.24330357142857142 0.4486607142857143 0.07700892857142858 0.11272321428571429
1 0.8571428571428571 0.5290178571428571 0.07700892857142858 0.11272321428571429
13 0.5301339285714286 0.5435267857142857 0.07700892857142858 0.11272321428571429
13 0.9542410714285714 0.5602678571428571 0.07700892857142858 0.11272321428571429
13 0.3091517857142857 0.5602678571428571 0.07700892857142858 0.11272321428571429
13 0.8270089285714286 0.6160714285714286 0.07700892857142858 0.11272321428571429
13 0.19754464285714285 0.6372767857142857 0.07700892857142858 0.11272321428571429
13 0.9095982142857143 0.6651785714285714 0.07700892857142858 0.11272321428571429
13 0.32700892857142855 0.6752232142857143 0.07700892857142858 0.11272321428571429
13 0.43191964285714285 0.6964285714285714 0.07700892857142858 0.11272321428571429
13 0.09375 0.7299107142857143 0.07700892857142858 0.11272321428571429
13 0.7287946428571429 0.7310267857142857 0.07700892857142858 0.11272321428571429
13 0.1875 0.7388392857142857 0.07700892857142858 0.11272321428571429
11 0.9564732142857143 0.7444196428571429 0.07700892857142858 0.11272321428571429
13 0.3783482142857143 0.7790178571428571 0.07700892857142858 0.11272321428571429
1 0.03571428571428571 0.8013392857142857 0.07142857142857142 0.11160714285714286
13 0.15066964285714285 0.8013392857142857 0.07700892857142858 0.11272321428571429
13 0.7075892857142857 0.8147321428571429 0.07700892857142858 0.11272321428571429
13 0.8058035714285714 0.8560267857142857 0.07700892857142858 0.11272321428571429
13 0.09263392857142858 0.8805803571428571 0.07700892857142858 0.11272321428571429
13 0.8962053571428571 0.8805803571428571 0.07700892857142858 0.11272321428571429
13 0.45870535714285715 0.9084821428571429 0.07700892857142858 0.11272321428571429
13 0.9575892857142857 0.9185267857142857 0.07700892857142858 0.11272321428571429
13 0.20535714285714285 0.9453125 0.07589285714285714 0.109375
13 0.27120535714285715 0.9441964285714286 0.07700892857142858 0.11049107142857142
13 0.03125 0.9564732142857143 0.05803571428571429 0.08705357142857142
13 0.08258928571428571 0.9620535714285714 0.07589285714285714 0.07589285714285714
13 0.49330357142857145 0.9575892857142857 0.07700892857142858 0.08147321428571429
13 0.7611607142857143 0.9553571428571429 0.07924107142857142 0.08928571428571429
13 0.24441964285714285 0.24441964285714285 0.07700892857142858 0.11272321428571429
13 0.26004464285714285 0.16852678571428573 0.07700892857142858 0.11272321428571429
13 0.07700892857142858 0.15290178571428573 0.07700892857142858 0.11272321428571429
13 0.04575892857142857 0.22098214285714285 0.07700892857142858 0.11272321428571429
13 0.06584821428571429 0.31026785714285715 0.07700892857142858 0.11272321428571429
13 0.03236607142857143 0.46651785714285715 0.0625 0.11272321428571429
13 0.09933035714285714 0.47098214285714285 0.07700892857142858 0.11272321428571429
13 0.17075892857142858 0.47098214285714285 0.07700892857142858 0.11272321428571429
13 0.5792410714285714 0.8939732142857143 0.07700892857142858 0.11272321428571429
13 0.5558035714285714 0.8125 0.07700892857142858 0.11272321428571429
13 0.5479910714285714 0.7377232142857143 0.07700892857142858 0.11272321428571429
13 0.5691964285714286 0.6339285714285714 0.07700892857142858 0.11272321428571429
13 0.7198660714285714 0.5959821428571429 0.07700892857142858 0.11272321428571429
13 0.9341517857142857 0.37723214285714285 0.07477678571428571 0.08370535714285714
11 0.53125 0.41294642857142855 0.07700892857142858 0.11272321428571429
1 0.6529017857142857 0.13392857142857142 0.07700892857142858 0.11272321428571429
1 0.6049107142857143 0.53125 0.07700892857142858 0.11272321428571429
1 0.26450892857142855 0.7622767857142857 0.07700892857142858 0.11272321428571429
2 0.2611607142857143 0.6361607142857143 0.07700892857142858 0.11272321428571429
2 0.46875 0.49441964285714285 0.07700892857142858 0.11272321428571429
11 0.6395089285714286 0.2622767857142857 0.07700892857142858 0.11272321428571429
15 0.6551339285714286 0.5647321428571429 0.07700892857142858 0.11272321428571429
11 0.6852678571428571 0.9073660714285714 0.07700892857142858 0.11272321428571429
11 0.5613839285714286 0.15401785714285715 0.07700892857142858 0.11272321428571429