18 0.23102678571428573 0.7712053571428571 0.10602678571428571 0.06696428571428571
18 0.8560267857142857 0.36495535714285715 0.11495535714285714 0.052455357142857144
18 0.4799107142857143 0.4966517857142857 0.08705357142857142 0.11495535714285714
18 0.9308035714285714 0.8526785714285714 0.09598214285714286 0.04352678571428571
13 0.23995535714285715 0.06696428571428571 0.09151785714285714 0.06696428571428571
12 0.4955357142857143 0.9006696428571429 0.03125 0.024553571428571428
12 0.5580357142857143 0.8850446428571429 0.029017857142857144 0.021205357142857144
12 0.5747767857142857 0.3169642857142857 0.03125 0.026785714285714284
12 0.6283482142857143 0.13616071428571427 0.029017857142857144 0.026785714285714284
12 0.8370535714285714 0.140625 0.033482142857142856 0.029017857142857144
14 0.8571428571428571 0.3236607142857143 0.04799107142857143 0.0625
14 0.22209821428571427 0.34375 0.09151785714285714 0.05803571428571429
14 0.4185267857142857 0.4955357142857143 0.08147321428571429 0.03571428571428571
14 0.07142857142857142 0.28683035714285715 0.06696428571428571 0.04352678571428571
14 0.05803571428571429 0.20535714285714285 0.07254464285714286 0.04575892857142857