13 0.8482142857142857 0.13727678571428573 0.2935267857142857 0.27455357142857145
13 0.96875 0.4263392857142857 0.05803571428571429 0.23549107142857142
13 0.10602678571428571 0.078125 0.21205357142857142 0.15625
13 0.9073660714285714 0.3716517857142857 0.17522321428571427 0.20647321428571427
13 0.04352678571428571 0.9263392857142857 0.08705357142857142 0.13727678571428573
13 0.26004464285714285 0.9821428571428571 0.21875 0.03571428571428571
13 0.8683035714285714 0.7098214285714286 0.18973214285714285 0.20424107142857142
13 0.7924107142857143 0.296875 0.25223214285714285 0.22544642857142858
13 0.9263392857142857 0.15848214285714285 0.14174107142857142 0.23549107142857142
13 0.8314732142857143 0.046875 0.20647321428571427 0.09375
6 0.49330357142857145 0.48995535714285715 0.36830357142857145 0.33705357142857145
13 0.7678571428571429 0.5089285714285714 0.23102678571428573 0.20870535714285715
13 0.21763392857142858 0.5189732142857143 0.19977678571428573 0.22544642857142858
13 0.4408482142857143 0.7522321428571429 0.22098214285714285 0.21428571428571427
13 0.640625 0.08816964285714286 0.21205357142857142 0.17075892857142858
13 0.10602678571428571 0.16852678571428573 0.21205357142857142 0.20647321428571427
13 0.7410714285714286 0.7042410714285714 0.22879464285714285 0.21205357142857142
13 0.9174107142857143 0.8973214285714286 0.16071428571428573 0.20424107142857142
13 0.3392857142857143 0.13839285714285715 0.21205357142857142 0.21651785714285715
13 0.14174107142857142 0.8102678571428571 0.19754464285714285 0.21205357142857142
13 0.5658482142857143 0.9140625 0.2611607142857143 0.171875
13 0.10044642857142858 0.3716517857142857 0.20089285714285715 0.19419642857142858