13 0.6886160714285714 0.6428571428571429 0.26004464285714285 0.23549107142857142
13 0.056919642857142856 0.6227678571428571 0.11272321428571429 0.23102678571428573
13 0.9832589285714286 0.6160714285714286 0.033482142857142856 0.24553571428571427
13 0.42745535714285715 0.9665178571428571 0.24553571428571427 0.06696428571428571
13 0.03236607142857143 0.06584821428571429 0.0625 0.12723214285714285
13 0.9107142857142857 0.96875 0.17745535714285715 0.0625
13 0.8772321428571429 0.04575892857142857 0.24553571428571427 0.09151785714285714
13 0.7645089285714286 0.8404017857142857 0.23325892857142858 0.30245535714285715
13 0.08928571428571429 0.5524553571428571 0.17299107142857142 0.18526785714285715
6 0.49441964285714285 0.46986607142857145 0.4375 0.4497767857142857
13 0.4732142857142857 0.15290178571428573 0.24330357142857142 0.21205357142857142
13 0.12276785714285714 0.16294642857142858 0.23995535714285715 0.21651785714285715
13 0.9229910714285714 0.8002232142857143 0.15401785714285715 0.22098214285714285
13 0.6886160714285714 0.09151785714285714 0.25 0.17745535714285715
13 0.19754464285714285 0.37388392857142855 0.19419642857142858 0.21875