13 0.625 0.16183035714285715 0.30580357142857145 0.31919642857142855
13 0.9464285714285714 0.7466517857142857 0.10379464285714286 0.25223214285714285
13 0.9408482142857143 0.07477678571428571 0.11049107142857142 0.14397321428571427
13 0.6886160714285714 0.9107142857142857 0.22879464285714285 0.17745535714285715
12 0.8917410714285714 0.5279017857142857 0.08370535714285714 0.07477678571428571
13 0.7555803571428571 0.7053571428571429 0.24553571428571427 0.24776785714285715
13 0.25223214285714285 0.9285714285714286 0.23995535714285715 0.14174107142857142
13 0.09709821428571429 0.8180803571428571 0.19419642857142858 0.24776785714285715
13 0.6305803571428571 0.8303571428571429 0.22098214285714285 0.22321428571428573
13 0.3549107142857143 0.06584821428571429 0.23995535714285715 0.12723214285714285
13 0.8493303571428571 0.24441964285714285 0.23995535714285715 0.22321428571428573
0 0.5011160714285714 0.5223214285714286 0.45200892857142855 0.4564732142857143
13 0.20424107142857142 0.6160714285714286 0.21428571428571427 0.22544642857142858
13 0.8995535714285714 0.9263392857142857 0.19754464285714285 0.14620535714285715
13 0.421875 0.22991071428571427 0.21205357142857142 0.20647321428571427
13 0.09933035714285714 0.1875 0.19866071428571427 0.21875
13 0.09821428571428571 0.41964285714285715 0.19642857142857142 0.22321428571428573
12 0.328125 0.8459821428571429 0.06919642857142858 0.07477678571428571