2 0.04799107142857143 0.5892857142857143 0.09598214285714286 0.08705357142857142
2 0.052455357142857144 0.6830357142857143 0.10491071428571429 0.08035714285714286
2 0.09375 0.23102678571428573 0.11272321428571429 0.07700892857142858
2 0.15625 0.4095982142857143 0.11272321428571429 0.07700892857142858
2 0.16183035714285715 0.5613839285714286 0.11272321428571429 0.07700892857142858
2 0.19084821428571427 0.10825892857142858 0.11272321428571429 0.07700892857142858
2 0.21540178571428573 0.4263392857142857 0.11830357142857142 0.08705357142857142
2 0.24107142857142858 0.2924107142857143 0.11272321428571429 0.07700892857142858
2 0.27232142857142855 0.6930803571428571 0.11272321428571429 0.07924107142857142
2 0.26450892857142855 0.5569196428571429 0.11272321428571429 0.07700892857142858
2 0.32924107142857145 0.22321428571428573 0.11272321428571429 0.07700892857142858
2 0.36607142857142855 0.7823660714285714 0.11272321428571429 0.07700892857142858
2 0.375 0.671875 0.11272321428571429 0.07700892857142858
2 0.4029017857142857 0.3794642857142857 0.11272321428571429 0.07700892857142858
2 0.39620535714285715 0.71875 0.12723214285714285 0.08705357142857142
2 0.41517857142857145 0.9118303571428571 0.11272321428571429 0.07700892857142858
2 0.4341517857142857 0.11495535714285714 0.11272321428571429 0.07700892857142858
2 0.4720982142857143 0.30691964285714285 0.13504464285714285 0.10602678571428571
2 0.5223214285714286 0.5457589285714286 0.11272321428571429 0.07700892857142858
2 0.53125 0.9274553571428571 0.11272321428571429 0.07700892857142858
2 0.6227678571428571 0.16071428571428573 0.11272321428571429 0.07700892857142858
2 0.625 0.37388392857142855 0.11272321428571429 0.07700892857142858
2 0.6506696428571429 0.5725446428571429 0.11272321428571429 0.07700892857142858
2 0.6450892857142857 0.29129464285714285 0.11272321428571429 0.07700892857142858
2 0.6785714285714286 0.8169642857142857 0.11272321428571429 0.07700892857142858
2 0.6607142857142857 0.036830357142857144 0.11160714285714286 0.07366071428571429
2 0.7377232142857143 0.22544642857142858 0.11272321428571429 0.07700892857142858
2 0.7935267857142857 0.5714285714285714 0.12053571428571429 0.09151785714285714
2 0.7935267857142857 0.33705357142857145 0.11272321428571429 0.07700892857142858
2 0.8002232142857143 0.09486607142857142 0.11272321428571429 0.07700892857142858
2 0.8214285714285714 0.9363839285714286 0.11272321428571429 0.07700892857142858
2 0.8861607142857143 0.12388392857142858 0.12276785714285714 0.08705357142857142
2 0.8783482142857143 0.6707589285714286 0.11272321428571429 0.07700892857142858
2 0.9341517857142857 0.04575892857142857 0.11272321428571429 0.07700892857142858
14 0.7354910714285714 0.5178571428571429 0.08705357142857142 0.06919642857142858
12 0.8794642857142857 0.6205357142857143 0.04799107142857143 0.03571428571428571
12 0.32700892857142855 0.13058035714285715 0.05803571428571429 0.04352678571428571
12 0.20200892857142858 0.20200892857142858 0.029017857142857144 0.024553571428571428
1 0.7131696428571429 0.9330357142857143 0.12053571428571429 0.08705357142857142