16 0.13616071428571427 0.19642857142857142 0.09151785714285714 0.07477678571428571
16 0.27566964285714285 0.15178571428571427 0.08705357142857142 0.07254464285714286
16 0.2689732142857143 0.056919642857142856 0.10379464285714286 0.07254464285714286
16 0.40066964285714285 0.10044642857142858 0.09598214285714286 0.07254464285714286
16 0.3169642857142857 0.21205357142857142 0.08705357142857142 0.0625
16 0.4799107142857143 0.049107142857142856 0.07700892857142858 0.07254464285714286
16 0.8191964285714286 0.10267857142857142 0.08370535714285714 0.06696428571428571
16 0.7901785714285714 0.20758928571428573 0.08705357142857142 0.0625
16 0.8392857142857143 0.24665178571428573 0.08147321428571429 0.06919642857142858
16 0.8136160714285714 0.3247767857142857 0.08705357142857142 0.06473214285714286
16 0.41517857142857145 0.3404017857142857 0.09598214285714286 0.06696428571428571
16 0.6350446428571429 0.3247767857142857 0.09151785714285714 0.06696428571428571
16 0.6551339285714286 0.25558035714285715 0.08928571428571429 0.06696428571428571
16 0.6919642857142857 0.5602678571428571 0.10044642857142858 0.0625
16 0.8102678571428571 0.5837053571428571 0.09598214285714286 0.06473214285714286
16 0.7767857142857143 0.6774553571428571 0.09151785714285714 0.07254464285714286
16 0.6004464285714286 0.5368303571428571 0.09375 0.06919642857142858
16 0.5044642857142857 0.6808035714285714 0.09598214285714286 0.06696428571428571
16 0.16741071428571427 0.6439732142857143 0.10044642857142858 0.07477678571428571
16 0.049107142857142856 0.5758928571428571 0.09598214285714286 0.07477678571428571
16 0.28683035714285715 0.49776785714285715 0.09821428571428571 0.06696428571428571
16 0.27120535714285715 0.609375 0.09598214285714286 0.07254464285714286
16 0.40736607142857145 0.4810267857142857 0.10044642857142858 0.06919642857142858
16 0.4497767857142857 0.42075892857142855 0.09821428571428571 0.060267857142857144
16 0.6997767857142857 0.8470982142857143 0.09375 0.06696428571428571
16 0.78125 0.8649553571428571 0.08705357142857142 0.06696428571428571
16 0.8616071428571429 0.8616071428571429 0.07700892857142858 0.07924107142857142
16 0.6506696428571429 0.9486607142857143 0.11272321428571429 0.07924107142857142
16 0.3392857142857143 0.9665178571428571 0.09151785714285714 0.0625
16 0.22991071428571427 0.9263392857142857 0.08705357142857142 0.06919642857142858
16 0.08147321428571429 0.8738839285714286 0.09821428571428571 0.07254464285714286
16 0.5837053571428571 0.20089285714285715 0.11049107142857142 0.09151785714285714
13 0.33035714285714285 0.42410714285714285 0.09375 0.06473214285714286
11 0.5647321428571429 0.3716517857142857 0.10602678571428571 0.06696428571428571
13 0.7154017857142857 0.35714285714285715 0.09151785714285714 0.06696428571428571
16 0.7466517857142857 0.06138392857142857 0.09151785714285714 0.07254464285714286
5 0.10714285714285714 0.31919642857142855 0.10044642857142858 0.07924107142857142
5 0.5122767857142857 0.8470982142857143 0.09151785714285714 0.06696428571428571
1 0.9229910714285714 0.25669642857142855 0.08705357142857142 0.06696428571428571
12 0.2779017857142857 0.7767857142857143 0.03794642857142857 0.029017857142857144