17 0.23660714285714285 0.25223214285714285 0.07477678571428571 0.08705357142857142
17 0.48325892857142855 0.3247767857142857 0.07700892857142858 0.08705357142857142
2 0.3549107142857143 0.7020089285714286 0.0625 0.0625
1 0.18191964285714285 0.38950892857142855 0.07924107142857142 0.09598214285714286
1 0.5747767857142857 0.47767857142857145 0.07254464285714286 0.09598214285714286
1 0.4185267857142857 0.45200892857142855 0.05803571428571429 0.07924107142857142
1 0.4486607142857143 0.5167410714285714 0.07254464285714286 0.07254464285714286
1 0.19308035714285715 0.15290178571428573 0.06473214285714286 0.08147321428571429
1 0.3125 0.07589285714285714 0.06696428571428571 0.08705357142857142
1 0.515625 0.234375 0.05803571428571429 0.07924107142857142
1 0.8102678571428571 0.42075892857142855 0.0625 0.08370535714285714
1 0.052455357142857144 0.6261160714285714 0.0625 0.07700892857142858
1 0.6584821428571429 0.8883928571428571 0.0625 0.09598214285714286
1 0.6026785714285714 0.9620535714285714 0.07142857142857142 0.07589285714285714
1 0.28683035714285715 0.9575892857142857 0.060267857142857144 0.08370535714285714
1 0.11941964285714286 0.9252232142857143 0.06696428571428571 0.08147321428571429
1 0.5145089285714286 0.08482142857142858 0.0625 0.10379464285714286
1 0.6127232142857143 0.22098214285714285 0.07924107142857142 0.08705357142857142
1 0.8225446428571429 0.7433035714285714 0.05803571428571429 0.09151785714285714
16 0.8660714285714286 0.21986607142857142 0.06696428571428571 0.08705357142857142