10 0.32700892857142855 0.15178571428571427 0.40401785714285715 0.30245535714285715
9 0.7533482142857143 0.11049107142857142 0.4497767857142857 0.22098214285714285
10 0.265625 0.6116071428571429 0.39955357142857145 0.42299107142857145
13 0.5591517857142857 0.9720982142857143 0.060267857142857144 0.05580357142857143
12 0.7834821428571429 0.7935267857142857 0.10044642857142858 0.10825892857142858
13 0.5669642857142857 0.8136160714285714 0.07700892857142858 0.21428571428571427
13 0.6685267857142857 0.6808035714285714 0.23549107142857142 0.23102678571428573
13 0.6551339285714286 0.9140625 0.25223214285714285 0.171875
3 0.8359375 0.5368303571428571 0.328125 0.31473214285714285
13 0.8772321428571429 0.9129464285714286 0.24553571428571427 0.17299107142857142
13 0.9151785714285714 0.7477678571428571 0.16964285714285715 0.22767857142857142