13 0.04575892857142857 0.5959821428571429 0.09151785714285714 0.25223214285714285
13 0.9631696428571429 0.3984375 0.07366071428571429 0.234375
13 0.17745535714285715 0.9732142857142857 0.19419642857142858 0.052455357142857144
12 0.052455357142857144 0.9587053571428571 0.10491071428571429 0.07366071428571429
13 0.9375 0.9196428571428571 0.125 0.16071428571428573
13 0.5915178571428571 0.9821428571428571 0.22098214285714285 0.03571428571428571
13 0.07142857142857142 0.36049107142857145 0.14174107142857142 0.20870535714285715
13 0.20870535714285715 0.44754464285714285 0.23102678571428573 0.2622767857142857
13 0.19084821428571427 0.8950892857142857 0.23325892857142858 0.19977678571428573
13 0.703125 0.7198660714285714 0.23325892857142858 0.23772321428571427
13 0.30357142857142855 0.7154017857142857 0.20870535714285715 0.22879464285714285
13 0.6595982142857143 0.13392857142857142 0.23549107142857142 0.23995535714285715
13 0.9029017857142857 0.7154017857142857 0.18973214285714285 0.22879464285714285
13 0.4375 0.07924107142857142 0.23102678571428573 0.15848214285714285
3 0.5033482142857143 0.515625 0.4252232142857143 0.4642857142857143
13 0.23102678571428573 0.17633928571428573 0.21651785714285715 0.22544642857142858
13 0.4564732142857143 0.8861607142857143 0.23102678571428573 0.21875
13 0.8917410714285714 0.13839285714285715 0.21651785714285715 0.22544642857142858
13 0.7667410714285714 0.9107142857142857 0.21651785714285715 0.17745535714285715