16 0.7488839285714286 0.5457589285714286 0.08705357142857142 0.06696428571428571
8 0.29575892857142855 0.45870535714285715 0.06919642857142858 0.04799107142857143
8 0.31138392857142855 0.37276785714285715 0.07254464285714286 0.05803571428571429
11 0.6729910714285714 0.37276785714285715 0.08147321428571429 0.04799107142857143
13 0.8404017857142857 0.3158482142857143 0.07700892857142858 0.0625
8 0.6160714285714286 0.5837053571428571 0.07477678571428571 0.05803571428571429
13 0.6071428571428571 0.6897321428571429 0.07254464285714286 0.06473214285714286
13 0.32589285714285715 0.7243303571428571 0.07700892857142858 0.0625
13 0.14174107142857142 0.5591517857142857 0.08147321428571429 0.0625
13 0.20200892857142858 0.7332589285714286 0.08705357142857142 0.05803571428571429
8 0.14174107142857142 0.9520089285714286 0.07254464285714286 0.05803571428571429
13 0.24776785714285715 0.2779017857142857 0.08147321428571429 0.05580357142857143
13 0.43973214285714285 0.49888392857142855 0.07700892857142858 0.05803571428571429
15 0.41964285714285715 0.44419642857142855 0.07700892857142858 0.05803571428571429
13 0.5033482142857143 0.43080357142857145 0.07700892857142858 0.06473214285714286
13 0.7845982142857143 0.6428571428571429 0.08705357142857142 0.060267857142857144
13 0.8482142857142857 0.7254464285714286 0.07254464285714286 0.06919642857142858
13 0.8582589285714286 0.15290178571428573 0.07924107142857142 0.06696428571428571
11 0.39732142857142855 0.04241071428571429 0.09151785714285714 0.05580357142857143
8 0.39285714285714285 0.9441964285714286 0.06696428571428571 0.0625
13 0.2935267857142857 0.8772321428571429 0.07477678571428571 0.05803571428571429
13 0.38950892857142855 0.36160714285714285 0.08147321428571429 0.0625
8 0.7142857142857143 0.9743303571428571 0.07924107142857142 0.05022321428571429
13 0.5491071428571429 0.9419642857142857 0.07700892857142858 0.0625
13 0.26004464285714285 0.6741071428571429 0.08370535714285714 0.0625
13 0.04799107142857143 0.8058035714285714 0.08147321428571429 0.05803571428571429
13 0.9352678571428571 0.8013392857142857 0.09151785714285714 0.07477678571428571
13 0.7745535714285714 0.8292410714285714 0.08705357142857142 0.06473214285714286
13 0.7611607142857143 0.7209821428571429 0.08928571428571429 0.07254464285714286
13 0.6149553571428571 0.8236607142857143 0.11272321428571429 0.07700892857142858
13 0.5167410714285714 0.7723214285714286 0.08928571428571429 0.06696428571428571
13 0.41964285714285715 0.7700892857142857 0.10044642857142858 0.07254464285714286
13 0.44754464285714285 0.8973214285714286 0.08705357142857142 0.0625
13 0.36049107142857145 0.8370535714285714 0.08705357142857142 0.06473214285714286
13 0.8303571428571429 0.8928571428571429 0.08705357142857142 0.060267857142857144
13 0.11941964285714286 0.8493303571428571 0.09375 0.06696428571428571
13 0.06808035714285714 0.7366071428571429 0.10044642857142858 0.07700892857142858
13 0.5267857142857143 0.6339285714285714 0.10044642857142858 0.06696428571428571
13 0.8895089285714286 0.6294642857142857 0.09151785714285714 0.06696428571428571
5 0.15736607142857142 0.34263392857142855 0.08147321428571429 0.06696428571428571
13 0.40625 0.296875 0.09598214285714286 0.06473214285714286
13 0.5970982142857143 0.46651785714285715 0.09375 0.07477678571428571
13 0.6618303571428571 0.5189732142857143 0.08705357142857142 0.07254464285714286
13 0.5558035714285714 0.5368303571428571 0.08705357142857142 0.06696428571428571
13 0.3482142857142857 0.5212053571428571 0.10602678571428571 0.07700892857142858
5 0.31138392857142855 0.6160714285714286 0.08370535714285714 0.07254464285714286
13 0.16629464285714285 0.6529017857142857 0.08928571428571429 0.06473214285714286
13 0.08258928571428571 0.6238839285714286 0.09151785714285714 0.06473214285714286
13 0.05357142857142857 0.4955357142857143 0.10714285714285714 0.07589285714285714
13 0.07700892857142858 0.40513392857142855 0.09151785714285714 0.0625
13 0.22209821428571427 0.5959821428571429 0.09151785714285714 0.07254464285714286
11 0.05133928571428571 0.13169642857142858 0.09598214285714286 0.05803571428571429
13 0.10602678571428571 0.23214285714285715 0.08928571428571429 0.0625
13 0.17522321428571427 0.18638392857142858 0.09598214285714286 0.0625
13 0.234375 0.13169642857142858 0.09598214285714286 0.06696428571428571
13 0.21428571428571427 0.05803571428571429 0.09151785714285714 0.06696428571428571
13 0.33370535714285715 0.12611607142857142 0.08705357142857142 0.06696428571428571
13 0.34486607142857145 0.22433035714285715 0.08147321428571429 0.07254464285714286
7 0.7488839285714286 0.30357142857142855 0.10602678571428571 0.08147321428571429
13 0.578125 0.21763392857142858 0.08370535714285714 0.06696428571428571
13 0.48995535714285715 0.171875 0.08147321428571429 0.06473214285714286
13 0.5524553571428571 0.11383928571428571 0.09151785714285714 0.06696428571428571
13 0.6741071428571429 0.10491071428571429 0.09821428571428571 0.07254464285714286
13 0.7991071428571429 0.48660714285714285 0.09598214285714286 0.0625
13 0.9352678571428571 0.3325892857142857 0.09151785714285714 0.06919642857142858
13 0.8883928571428571 0.3950892857142857 0.08705357142857142 0.06696428571428571
13 0.9341517857142857 0.46205357142857145 0.09375 0.06696428571428571
13 0.8560267857142857 0.23883928571428573 0.10602678571428571 0.07700892857142858
13 0.9564732142857143 0.13727678571428573 0.08705357142857142 0.07254464285714286
13 0.7924107142857143 0.10491071428571429 0.09151785714285714 0.07254464285714286
13 0.7533482142857143 0.030133928571428572 0.09375 0.060267857142857144
13 0.8102678571428571 0.421875 0.08705357142857142 0.0625
13 0.9285714285714286 0.03125 0.08705357142857142 0.0625