17 0.859375 0.5133928571428571 0.11272321428571429 0.08705357142857142
17 0.7924107142857143 0.5770089285714286 0.10379464285714286 0.07477678571428571
17 0.9720982142857143 0.5591517857142857 0.05580357142857143 0.08928571428571429
17 0.6395089285714286 0.8761160714285714 0.125 0.08928571428571429
17 0.34933035714285715 0.7321428571428571 0.10379464285714286 0.08147321428571429
17 0.22321428571428573 0.22991071428571427 0.12053571428571429 0.08705357142857142
17 0.9397321428571429 0.09375 0.11272321428571429 0.07700892857142858
7 0.07924107142857142 0.5345982142857143 0.11495535714285714 0.07924107142857142
7 0.07366071428571429 0.6584821428571429 0.11272321428571429 0.07700892857142858
7 0.18638392857142858 0.8035714285714286 0.10044642857142858 0.09375
17 0.22879464285714285 0.6919642857142857 0.11272321428571429 0.07700892857142858
13 0.19642857142857142 0.48549107142857145 0.10044642857142858 0.07700892857142858
13 0.30245535714285715 0.4955357142857143 0.09598214285714286 0.07700892857142858
13 0.24665178571428573 0.421875 0.09821428571428571 0.07254464285714286
7 0.26674107142857145 0.30357142857142855 0.11830357142857142 0.08147321428571429
13 0.14508928571428573 0.29017857142857145 0.09598214285714286 0.06696428571428571
13 0.4375 0.36830357142857145 0.11272321428571429 0.07700892857142858
13 0.3314732142857143 0.3872767857142857 0.10379464285714286 0.08147321428571429
13 0.40513392857142855 0.45982142857142855 0.11272321428571429 0.07700892857142858
13 0.44419642857142855 0.27455357142857145 0.10379464285714286 0.07700892857142858
7 0.45200892857142855 0.19196428571428573 0.11495535714285714 0.08705357142857142
7 0.47098214285714285 0.6194196428571429 0.11495535714285714 0.08705357142857142
15 0.5435267857142857 0.6930803571428571 0.11272321428571429 0.07700892857142858
7 0.4654017857142857 0.8069196428571429 0.11495535714285714 0.08705357142857142
13 0.3470982142857143 0.9151785714285714 0.11272321428571429 0.07700892857142858
13 0.7053571428571429 0.4252232142857143 0.09598214285714286 0.07477678571428571
7 0.9375 0.7098214285714286 0.11830357142857142 0.10044642857142858
15 0.90625 0.8761160714285714 0.11272321428571429 0.07700892857142858
15 0.8348214285714286 0.6049107142857143 0.09151785714285714 0.06696428571428571
13 0.7064732142857143 0.6183035714285714 0.11272321428571429 0.07700892857142858
13 0.6941964285714286 0.7511160714285714 0.11272321428571429 0.07700892857142858
7 0.6685267857142857 0.5 0.11495535714285714 0.08370535714285714
13 0.7209821428571429 0.041294642857142856 0.09151785714285714 0.06696428571428571
13 0.5011160714285714 0.033482142857142856 0.11272321428571429 0.06696428571428571
7 0.3939732142857143 0.04575892857142857 0.11272321428571429 0.07700892857142858
7 0.9274553571428571 0.20535714285714285 0.11272321428571429 0.07700892857142858
13 0.8303571428571429 0.35714285714285715 0.11272321428571429 0.07700892857142858
13 0.8091517857142857 0.8069196428571429 0.11272321428571429 0.07924107142857142
13 0.8448660714285714 0.7332589285714286 0.11272321428571429 0.07700892857142858
13 0.5747767857142857 0.9609375 0.10044642857142858 0.078125
13 0.41183035714285715 0.5491071428571429 0.11272321428571429 0.07700892857142858
13 0.5591517857142857 0.53125 0.11272321428571429 0.07700892857142858
13 0.6417410714285714 0.18526785714285715 0.11272321428571429 0.07700892857142858
12 0.8147321428571429 0.6607142857142857 0.033482142857142856 0.029017857142857144
12 0.7399553571428571 0.3470982142857143 0.03571428571428571 0.021205357142857144
12 0.7790178571428571 0.25111607142857145 0.021205357142857144 0.014508928571428572
11 0.8348214285714286 0.11607142857142858 0.10044642857142858 0.08147321428571429