2 0.08370535714285714 0.7667410714285714 0.125 0.08928571428571429
2 0.08816964285714286 0.5825892857142857 0.11272321428571429 0.07700892857142858
2 0.11941964285714286 0.84375 0.11272321428571429 0.07700892857142858
2 0.20200892857142858 0.6930803571428571 0.11272321428571429 0.07924107142857142
2 0.16852678571428573 0.5189732142857143 0.13950892857142858 0.08928571428571429
2 0.18861607142857142 0.16517857142857142 0.11272321428571429 0.07700892857142858
2 0.24553571428571427 0.9609375 0.11160714285714286 0.078125
2 0.24441964285714285 0.8716517857142857 0.11272321428571429 0.07924107142857142
2 0.3013392857142857 0.8325892857142857 0.11272321428571429 0.07924107142857142
2 0.2924107142857143 0.5524553571428571 0.11272321428571429 0.07700892857142858
2 0.31361607142857145 0.25223214285714285 0.11272321428571429 0.07700892857142858
2 0.32924107142857145 0.41183035714285715 0.11272321428571429 0.07700892857142858
2 0.3716517857142857 0.640625 0.11272321428571429 0.07700892857142858
2 0.40848214285714285 0.7745535714285714 0.11272321428571429 0.07700892857142858
2 0.46651785714285715 0.9174107142857143 0.11272321428571429 0.07700892857142858
2 0.49107142857142855 0.328125 0.11272321428571429 0.07700892857142858
2 0.4419642857142857 0.19419642857142858 0.11272321428571429 0.07700892857142858
2 0.5569196428571429 0.6763392857142857 0.11272321428571429 0.07700892857142858
2 0.5591517857142857 0.39620535714285715 0.11272321428571429 0.07700892857142858
2 0.5569196428571429 0.765625 0.11272321428571429 0.07700892857142858
2 0.6082589285714286 0.453125 0.11272321428571429 0.07700892857142858
2 0.6104910714285714 0.6183035714285714 0.11272321428571429 0.07700892857142858
2 0.6350446428571429 0.34933035714285715 0.11272321428571429 0.07700892857142858
2 0.7354910714285714 0.6841517857142857 0.11272321428571429 0.07700892857142858
2 0.7466517857142857 0.13169642857142858 0.11272321428571429 0.07700892857142858
2 0.7042410714285714 0.5357142857142857 0.08370535714285714 0.052455357142857144
2 0.78125 0.8738839285714286 0.11272321428571429 0.07924107142857142
2 0.8214285714285714 0.3314732142857143 0.11272321428571429 0.07700892857142858
2 0.8214285714285714 0.484375 0.11272321428571429 0.07700892857142858
2 0.8381696428571429 0.9229910714285714 0.11272321428571429 0.07700892857142858
2 0.8649553571428571 0.8191964285714286 0.12053571428571429 0.08705357142857142
2 0.8805803571428571 0.06138392857142857 0.11272321428571429 0.07700892857142858
2 0.8839285714285714 0.13169642857142858 0.11272321428571429 0.07700892857142858
2 0.8861607142857143 0.4107142857142857 0.13504464285714285 0.08705357142857142
2 0.6439732142857143 0.5345982142857143 0.11495535714285714 0.08370535714285714
2 0.7544642857142857 0.5669642857142857 0.125 0.08147321428571429
12 0.671875 0.578125 0.03794642857142857 0.029017857142857144
2 0.6428571428571429 0.39174107142857145 0.10602678571428571 0.06919642857142858
18 0.453125 0.5033482142857143 0.07254464285714286 0.04799107142857143