15 0.31138392857142855 0.04799107142857143 0.07254464285714286 0.05803571428571429
15 0.03125 0.25111607142857145 0.0625 0.060267857142857144
15 0.8962053571428571 0.1875 0.08705357142857142 0.052455357142857144
15 0.7154017857142857 0.16183035714285715 0.07700892857142858 0.04799107142857143
14 0.10044642857142858 0.5993303571428571 0.08370535714285714 0.04799107142857143
17 0.40513392857142855 0.16071428571428573 0.11049107142857142 0.07254464285714286
17 0.59375 0.13727678571428573 0.10379464285714286 0.06696428571428571
17 0.5379464285714286 0.19866071428571427 0.09151785714285714 0.07254464285714286
17 0.390625 0.32700892857142855 0.09821428571428571 0.07700892857142858
17 0.09151785714285714 0.3236607142857143 0.09598214285714286 0.06919642857142858
17 0.044642857142857144 0.34263392857142855 0.08705357142857142 0.07700892857142858
17 0.35044642857142855 0.49107142857142855 0.10379464285714286 0.06696428571428571
17 0.44642857142857145 0.45870535714285715 0.09151785714285714 0.07700892857142858
17 0.43080357142857145 0.5401785714285714 0.09821428571428571 0.07700892857142858
17 0.32589285714285715 0.5613839285714286 0.09151785714285714 0.06696428571428571
17 0.34375 0.6194196428571429 0.09598214285714286 0.0625
17 0.3091517857142857 0.7488839285714286 0.09375 0.07700892857142858
17 0.5613839285714286 0.7276785714285714 0.09598214285714286 0.07254464285714286
17 0.6785714285714286 0.8270089285714286 0.10044642857142858 0.06919642857142858
17 0.8381696428571429 0.8727678571428571 0.10602678571428571 0.07477678571428571
17 0.9073660714285714 0.8415178571428571 0.08370535714285714 0.06919642857142858
17 0.8973214285714286 0.6160714285714286 0.10379464285714286 0.07700892857142858
17 0.9207589285714286 0.9654017857142857 0.11272321428571429 0.06919642857142858
17 0.8180803571428571 0.9520089285714286 0.09151785714285714 0.06473214285714286
17 0.5725446428571429 0.8716517857142857 0.08928571428571429 0.06696428571428571
17 0.4654017857142857 0.8560267857142857 0.10825892857142858 0.07254464285714286
17 0.4185267857142857 0.734375 0.09151785714285714 0.07700892857142858
17 0.46986607142857145 0.7142857142857143 0.08928571428571429 0.07254464285714286
17 0.10491071428571429 0.7433035714285714 0.09151785714285714 0.07700892857142858
17 0.18080357142857142 0.8683035714285714 0.10602678571428571 0.07477678571428571
17 0.33370535714285715 0.9631696428571429 0.10044642857142858 0.07366071428571429
17 0.09040178571428571 0.9118303571428571 0.09821428571428571 0.07254464285714286
17 0.10825892857142858 0.5446428571428571 0.10602678571428571 0.0625
17 0.03125 0.6183035714285714 0.0625 0.07254464285714286
17 0.7154017857142857 0.5625 0.09375 0.07700892857142858
17 0.7723214285714286 0.5446428571428571 0.09598214285714286 0.07477678571428571
17 0.7689732142857143 0.49330357142857145 0.08928571428571429 0.07700892857142858
17 0.7879464285714286 0.44754464285714285 0.09598214285714286 0.07254464285714286
17 0.8705357142857143 0.4810267857142857 0.10602678571428571 0.06696428571428571
17 0.8783482142857143 0.5212053571428571 0.09821428571428571 0.07700892857142858
17 0.8024553571428571 0.11607142857142858 0.10044642857142858 0.06919642857142858
17 0.6808035714285714 0.08928571428571429 0.11272321428571429 0.07700892857142858
17 0.22544642857142858 0.14508928571428573 0.10044642857142858 0.07254464285714286
5 0.38950892857142855 0.7767857142857143 0.09375 0.07254464285714286
5 0.8270089285714286 0.6316964285714286 0.09151785714285714 0.06696428571428571
5 0.8270089285714286 0.27901785714285715 0.09151785714285714 0.07254464285714286
5 0.6071428571428571 0.029017857142857144 0.08705357142857142 0.052455357142857144
5 0.5691964285714286 0.060267857142857144 0.09821428571428571 0.0625
5 0.6729910714285714 0.328125 0.09151785714285714 0.07254464285714286
14 0.953125 0.45424107142857145 0.08147321428571429 0.07700892857142858
17 0.6082589285714286 0.24665178571428573 0.11272321428571429 0.07700892857142858
17 0.6651785714285714 0.21205357142857142 0.09151785714285714 0.08147321428571429
17 0.23883928571428573 0.6919642857142857 0.09151785714285714 0.07254464285714286
5 0.044642857142857144 0.7433035714285714 0.08928571428571429 0.07700892857142858
5 0.21763392857142858 0.40066964285714285 0.09151785714285714 0.07477678571428571
8 0.8526785714285714 0.06584821428571429 0.07254464285714286 0.05580357142857143
14 0.36495535714285715 0.24888392857142858 0.07254464285714286 0.07700892857142858
5 0.234375 0.5100446428571429 0.08147321428571429 0.06696428571428571
14 0.8883928571428571 0.7254464285714286 0.07254464285714286 0.05580357142857143
8 0.4955357142857143 0.2779017857142857 0.07700892857142858 0.05580357142857143
5 0.9419642857142857 0.10044642857142858 0.09598214285714286 0.06696428571428571
17 0.4419642857142857 0.22209821428571427 0.09821428571428571 0.07700892857142858