9 0.29017857142857145 0.24107142857142858 0.5803571428571429 0.48214285714285715
6 0.8381696428571429 0.25111607142857145 0.3236607142857143 0.5022321428571429
13 0.7622767857142857 0.5245535714285714 0.22544642857142858 0.23102678571428573
13 0.7767857142857143 0.5926339285714286 0.2544642857142857 0.09375
13 0.6875 0.24776785714285715 0.07700892857142858 0.26450892857142855
13 0.7209821428571429 0.08482142857142858 0.14732142857142858 0.16964285714285715
13 0.8683035714285714 0.03125 0.26339285714285715 0.0625
13 0.09933035714285714 0.9453125 0.19866071428571427 0.109375
13 0.21540178571428573 0.9129464285714286 0.2622767857142857 0.17299107142857142
6 0.34151785714285715 0.734375 0.5479910714285714 0.18973214285714285
10 0.6127232142857143 0.8102678571428571 0.07254464285714286 0.34151785714285715
13 0.056919642857142856 0.9274553571428571 0.11272321428571429 0.14397321428571427
6 0.84375 0.7533482142857143 0.3125 0.22879464285714285
13 0.7433035714285714 0.9341517857142857 0.1875 0.13169642857142858