14 0.33482142857142855 0.6495535714285714 0.05022321428571429 0.06696428571428571
14 0.9553571428571429 0.39955357142857145 0.07254464285714286 0.12723214285714285
14 0.890625 0.2845982142857143 0.052455357142857144 0.06696428571428571
14 0.6205357142857143 0.7042410714285714 0.07924107142857142 0.11272321428571429
14 0.078125 0.8582589285714286 0.05022321428571429 0.07700892857142858
5 0.7087053571428571 0.7064732142857143 0.07924107142857142 0.11272321428571429
5 0.515625 0.16852678571428573 0.07924107142857142 0.13169642857142858
5 0.20089285714285715 0.3169642857142857 0.08147321428571429 0.12723214285714285
5 0.18861607142857142 0.8727678571428571 0.07924107142857142 0.11272321428571429
5 0.10379464285714286 0.6897321428571429 0.07924107142857142 0.11272321428571429
5 0.6037946428571429 0.5736607142857143 0.07924107142857142 0.11272321428571429
5 0.9598214285714286 0.640625 0.07924107142857142 0.11272321428571429
5 0.7622767857142857 0.43973214285714285 0.07924107142857142 0.11272321428571429
5 0.6439732142857143 0.32700892857142855 0.07700892857142858 0.11272321428571429
5 0.49888392857142855 0.3470982142857143 0.08705357142857142 0.12053571428571429
5 0.4419642857142857 0.13392857142857142 0.07924107142857142 0.11272321428571429
5 0.24888392857142858 0.16071428571428573 0.08705357142857142 0.09375
5 0.5368303571428571 0.9185267857142857 0.07254464285714286 0.13950892857142858
11 0.15736607142857142 0.6227678571428571 0.07924107142857142 0.11272321428571429
18 0.8917410714285714 0.18080357142857142 0.06919642857142858 0.14955357142857142
5 0.8225446428571429 0.6763392857142857 0.07924107142857142 0.11272321428571429
5 0.11607142857142858 0.28348214285714285 0.08928571428571429 0.11495535714285714
5 0.10379464285714286 0.17522321428571427 0.07924107142857142 0.11272321428571429
14 0.4263392857142857 0.5993303571428571 0.05580357142857143 0.09598214285714286
12 0.12611607142857142 0.10044642857142858 0.03125 0.03571428571428571
18 0.14174107142857142 0.49107142857142855 0.10825892857142858 0.09598214285714286
5 0.12276785714285714 0.5457589285714286 0.07924107142857142 0.06919642857142858
12 0.578125 0.6584821428571429 0.03571428571428571 0.041294642857142856
12 0.6462053571428571 0.7600446428571429 0.021205357142857144 0.03571428571428571
12 0.8950892857142857 0.8158482142857143 0.03571428571428571 0.041294642857142856
12 0.8370535714285714 0.9508928571428571 0.03571428571428571 0.04575892857142857
16 0.359375 0.20535714285714285 0.08370535714285714 0.10825892857142858
17 0.9553571428571429 0.7354910714285714 0.04799107142857143 0.08370535714285714
5 0.9162946428571429 0.7566964285714286 0.06696428571428571 0.09151785714285714
8 0.47433035714285715 0.27455357142857145 0.052455357142857144 0.07477678571428571
8 0.7254464285714286 0.7801339285714286 0.052455357142857144 0.060267857142857144
8 0.37611607142857145 0.6662946428571429 0.052455357142857144 0.05580357142857143