3 0.16517857142857142 0.10825892857142858 0.32924107142857145 0.21651785714285715
13 0.7332589285714286 0.11607142857142858 0.22098214285714285 0.23214285714285715
13 0.5636160714285714 0.48214285714285715 0.32924107142857145 0.09375
13 0.38950892857142855 0.15401785714285715 0.12053571428571429 0.2544642857142857
13 0.5323660714285714 0.026785714285714284 0.28125 0.052455357142857144
13 0.9006696428571429 0.12165178571428571 0.19866071428571427 0.24330357142857142
6 0.7511160714285714 0.3549107142857143 0.42075892857142855 0.3482142857142857
13 0.5491071428571429 0.16741071428571427 0.23325892857142858 0.26004464285714285
13 0.06808035714285714 0.6138392857142857 0.13616071428571427 0.17410714285714285
13 0.22321428571428573 0.5926339285714286 0.21205357142857142 0.12723214285714285
13 0.15848214285714285 0.9140625 0.24553571428571427 0.171875
9 0.7801339285714286 0.8370535714285714 0.43973214285714285 0.32589285714285715