16 0.14955357142857142 0.9107142857142857 0.07254464285714286 0.08928571428571429
16 0.060267857142857144 0.8404017857142857 0.060267857142857144 0.08928571428571429
16 0.08258928571428571 0.7589285714285714 0.06696428571428571 0.09151785714285714
16 0.41964285714285715 0.41964285714285715 0.06473214285714286 0.09375
13 0.8225446428571429 0.37611607142857145 0.06473214285714286 0.08928571428571429
13 0.8683035714285714 0.4486607142857143 0.07477678571428571 0.10044642857142858
13 0.7533482142857143 0.53125 0.07700892857142858 0.09598214285714286
11 0.8716517857142857 0.09933035714285714 0.06473214285714286 0.10044642857142858
13 0.6696428571428571 0.03571428571428571 0.07142857142857142 0.07142857142857142
13 0.4654017857142857 0.13504464285714285 0.06919642857142858 0.09821428571428571
13 0.40401785714285715 0.04575892857142857 0.07254464285714286 0.09151785714285714
13 0.37388392857142855 0.15401785714285715 0.07254464285714286 0.08928571428571429
16 0.7064732142857143 0.32254464285714285 0.07477678571428571 0.09821428571428571
16 0.6104910714285714 0.32924107142857145 0.07254464285714286 0.09375
16 0.6339285714285714 0.46875 0.06696428571428571 0.09151785714285714
16 0.5212053571428571 0.44419642857142855 0.06919642857142858 0.09598214285714286
16 0.578125 0.5457589285714286 0.06919642857142858 0.10044642857142858
16 0.6462053571428571 0.5569196428571429 0.05580357142857143 0.07924107142857142
16 0.35044642857142855 0.53125 0.07477678571428571 0.09821428571428571
16 0.34375 0.7209821428571429 0.07254464285714286 0.08928571428571429
16 0.5178571428571429 0.7064732142857143 0.07254464285714286 0.09375
16 0.53125 0.6071428571428571 0.06473214285714286 0.09598214285714286
16 0.6194196428571429 0.8348214285714286 0.07254464285714286 0.08705357142857142
16 0.7332589285714286 0.8560267857142857 0.06919642857142858 0.10044642857142858
16 0.8214285714285714 0.6629464285714286 0.06696428571428571 0.09821428571428571
16 0.9654017857142857 0.7131696428571429 0.0625 0.08928571428571429
16 0.9263392857142857 0.8035714285714286 0.06696428571428571 0.09375
16 0.5636160714285714 0.16852678571428573 0.06473214285714286 0.09598214285714286
16 0.16964285714285715 0.34263392857142855 0.06919642857142858 0.09375
16 0.052455357142857144 0.5580357142857143 0.06473214285714286 0.09821428571428571
16 0.06919642857142858 0.6551339285714286 0.06696428571428571 0.08928571428571429
16 0.4017857142857143 0.2689732142857143 0.07254464285714286 0.10044642857142858
16 0.2544642857142857 0.27566964285714285 0.06473214285714286 0.08705357142857142
14 0.10379464285714286 0.46205357142857145 0.05580357142857143 0.07700892857142858
11 0.11383928571428571 0.08147321428571429 0.07477678571428571 0.09151785714285714
11 0.8002232142857143 0.8917410714285714 0.07924107142857142 0.09151785714285714
13 0.16741071428571427 0.49441964285714285 0.06919642857142858 0.09821428571428571
13 0.2611607142857143 0.8861607142857143 0.06696428571428571 0.08928571428571429
13 0.38950892857142855 0.8448660714285714 0.0625 0.09151785714285714
13 0.44642857142857145 0.9174107142857143 0.06696428571428571 0.09151785714285714
12 0.47879464285714285 0.39955357142857145 0.024553571428571428 0.03571428571428571
12 0.19196428571428573 0.5602678571428571 0.021205357142857144 0.029017857142857144