1 0.10044642857142858 0.7979910714285714 0.07700892857142858 0.11272321428571429
15 0.6819196428571429 0.23883928571428573 0.07700892857142858 0.11272321428571429
15 0.8794642857142857 0.40736607142857145 0.05803571428571429 0.09375
15 0.8761160714285714 0.25892857142857145 0.07700892857142858 0.11272321428571429
15 0.21763392857142858 0.3638392857142857 0.07700892857142858 0.11272321428571429
15 0.32700892857142855 0.6618303571428571 0.07700892857142858 0.11272321428571429
15 0.7287946428571429 0.125 0.07700892857142858 0.11272321428571429
15 0.9375 0.07142857142857142 0.07700892857142858 0.11272321428571429
15 0.3794642857142857 0.5167410714285714 0.07700892857142858 0.11272321428571429
15 0.19419642857142858 0.5401785714285714 0.07700892857142858 0.11272321428571429
15 0.14955357142857142 0.7522321428571429 0.07700892857142858 0.11272321428571429
14 0.19084821428571427 0.47098214285714285 0.07700892857142858 0.11272321428571429
14 0.6261160714285714 0.35825892857142855 0.07700892857142858 0.11272321428571429
14 0.3705357142857143 0.8415178571428571 0.07700892857142858 0.11272321428571429
15 0.32254464285714285 0.7477678571428571 0.07700892857142858 0.11272321428571429
15 0.39174107142857145 0.6651785714285714 0.07700892857142858 0.11272321428571429
15 0.3080357142857143 0.5502232142857143 0.07700892857142858 0.11272321428571429
15 0.4341517857142857 0.5111607142857143 0.07700892857142858 0.11272321428571429
15 0.38058035714285715 0.4375 0.07700892857142858 0.11272321428571429
15 0.2924107142857143 0.40401785714285715 0.07700892857142858 0.11272321428571429
15 0.34263392857142855 0.35825892857142855 0.07700892857142858 0.11272321428571429
15 0.40513392857142855 0.34151785714285715 0.07700892857142858 0.11272321428571429
15 0.40066964285714285 0.2689732142857143 0.07700892857142858 0.11272321428571429
15 0.3002232142857143 0.32700892857142855 0.07700892857142858 0.11272321428571429
15 0.25669642857142855 0.34151785714285715 0.07700892857142858 0.11272321428571429
15 0.203125 0.6127232142857143 0.07700892857142858 0.11272321428571429
15 0.7287946428571429 0.9430803571428571 0.07700892857142858 0.11272321428571429
15 0.9676339285714286 0.8258928571428571 0.06473214285714286 0.11272321428571429
15 0.921875 0.875 0.07700892857142858 0.11272321428571429
15 0.8125 0.9285714285714286 0.07254464285714286 0.09151785714285714
15 0.9676339285714286 0.6908482142857143 0.0625 0.11272321428571429
13 0.9185267857142857 0.5959821428571429 0.07700892857142858 0.11272321428571429
13 0.7823660714285714 0.5055803571428571 0.07700892857142858 0.11272321428571429
15 0.6529017857142857 0.3091517857142857 0.07700892857142858 0.11272321428571429
15 0.6841517857142857 0.5111607142857143 0.07700892857142858 0.11272321428571429
15 0.6104910714285714 0.5424107142857143 0.07700892857142858 0.11272321428571429
13 0.6127232142857143 0.6339285714285714 0.07700892857142858 0.11272321428571429
15 0.5457589285714286 0.34598214285714285 0.07700892857142858 0.11272321428571429
15 0.6127232142857143 0.08147321428571429 0.07700892857142858 0.11272321428571429
1 0.5066964285714286 0.13727678571428573 0.07700892857142858 0.11272321428571429
15 0.5491071428571429 0.05357142857142857 0.07589285714285714 0.10714285714285714
15 0.4564732142857143 0.06808035714285714 0.07700892857142858 0.11272321428571429
15 0.421875 0.15959821428571427 0.07700892857142858 0.11272321428571429
15 0.46875 0.21651785714285715 0.07700892857142858 0.11272321428571429
13 0.3470982142857143 0.20647321428571427 0.07700892857142858 0.11272321428571429
13 0.7756696428571429 0.06473214285714286 0.07700892857142858 0.11272321428571429
8 0.8191964285714286 0.22321428571428573 0.07700892857142858 0.08928571428571429
15 0.9017857142857143 0.16741071428571427 0.07700892857142858 0.11272321428571429
13 0.7444196428571429 0.2689732142857143 0.07700892857142858 0.11272321428571429
15 0.17745535714285715 0.27901785714285715 0.07700892857142858 0.11272321428571429
15 0.05915178571428571 0.12165178571428571 0.06919642857142858 0.08928571428571429
8 0.4877232142857143 0.3002232142857143 0.07700892857142858 0.11272321428571429
15 0.9341517857142857 0.3872767857142857 0.05803571428571429 0.08928571428571429
13 0.8560267857142857 0.7388392857142857 0.07700892857142858 0.11272321428571429
13 0.5055803571428571 0.4799107142857143 0.07700892857142858 0.11272321428571429
15 0.37611607142857145 0.052455357142857144 0.078125 0.10491071428571429
15 0.29799107142857145 0.10267857142857142 0.07700892857142858 0.11272321428571429
15 0.20647321428571427 0.7064732142857143 0.07700892857142858 0.11272321428571429
15 0.1875 0.8002232142857143 0.06696428571428571 0.09598214285714286
15 0.17633928571428573 0.9520089285714286 0.07700892857142858 0.08705357142857142
15 0.32254464285714285 0.9084821428571429 0.07254464285714286 0.09151785714285714
15 0.39620535714285715 0.9654017857142857 0.07700892857142858 0.06919642857142858
15 0.6316964285714286 0.9341517857142857 0.07700892857142858 0.11272321428571429
15 0.8169642857142857 0.5825892857142857 0.07700892857142858 0.11272321428571429
15 0.8794642857142857 0.6707589285714286 0.07700892857142858 0.11272321428571429
15 0.7488839285714286 0.6361607142857143 0.07700892857142858 0.11272321428571429
15 0.7287946428571429 0.5457589285714286 0.07700892857142858 0.11272321428571429
15 0.8292410714285714 0.44308035714285715 0.07700892857142858 0.11272321428571429
15 0.19754464285714285 0.19977678571428573 0.07700892857142858 0.11272321428571429
15 0.046875 0.2700892857142857 0.07700892857142858 0.11272321428571429
13 0.07254464285714286 0.4263392857142857 0.06919642857142858 0.09598214285714286
15 0.140625 0.65625 0.07700892857142858 0.11272321428571429
15 0.12611607142857142 0.5647321428571429 0.07700892857142858 0.11272321428571429
15 0.12053571428571429 0.8660714285714286 0.07700892857142858 0.11272321428571429
15 0.05580357142857143 0.5200892857142857 0.07700892857142858 0.11272321428571429
15 0.6774553571428571 0.38392857142857145 0.07700892857142858 0.11272321428571429
15 0.47879464285714285 0.5625 0.07700892857142858 0.11272321428571429
15 0.44754464285714285 0.6305803571428571 0.07700892857142858 0.11272321428571429
15 0.6674107142857143 0.5993303571428571 0.07700892857142858 0.11272321428571429
15 0.625 0.7901785714285714 0.07700892857142858 0.11272321428571429
15 0.5055803571428571 0.8236607142857143 0.06919642857142858 0.09598214285714286
15 0.45870535714285715 0.7622767857142857 0.07700892857142858 0.11272321428571429
15 0.49441964285714285 0.6752232142857143 0.07700892857142858 0.11272321428571429
15 0.6808035714285714 0.8716517857142857 0.07700892857142858 0.11272321428571429
15 0.29129464285714285 0.04352678571428571 0.07700892857142858 0.08705357142857142
15 0.7466517857142857 0.19866071428571427 0.06919642857142858 0.07700892857142858
14 0.13950892857142858 0.42075892857142855 0.06696428571428571 0.08370535714285714