17 0.16071428571428573 0.15625 0.07700892857142858 0.11272321428571429
17 0.11495535714285714 0.6104910714285714 0.07924107142857142 0.11272321428571429
17 0.021205357142857144 0.7466517857142857 0.04241071428571429 0.11383928571428571
17 0.41183035714285715 0.5033482142857143 0.07924107142857142 0.11272321428571429
16 0.26004464285714285 0.5680803571428571 0.07924107142857142 0.11272321428571429
17 0.5457589285714286 0.3939732142857143 0.07924107142857142 0.11272321428571429
17 0.4185267857142857 0.12053571428571429 0.07924107142857142 0.08370535714285714
17 0.6350446428571429 0.42857142857142855 0.07924107142857142 0.11272321428571429
17 0.625 0.36049107142857145 0.07924107142857142 0.11272321428571429
17 0.6618303571428571 0.9352678571428571 0.07924107142857142 0.11272321428571429
17 0.8325892857142857 0.8415178571428571 0.07924107142857142 0.11272321428571429
17 0.8805803571428571 0.7801339285714286 0.07924107142857142 0.11272321428571429
17 0.8995535714285714 0.28236607142857145 0.07924107142857142 0.11272321428571429
17 0.8013392857142857 0.05357142857142857 0.08035714285714286 0.10714285714285714
13 0.04241071428571429 0.9285714285714286 0.07924107142857142 0.11272321428571429
15 0.13504464285714285 0.9263392857142857 0.07924107142857142 0.11272321428571429
13 0.09375 0.8069196428571429 0.07924107142857142 0.11272321428571429
13 0.15290178571428573 0.7008928571428571 0.07700892857142858 0.11272321428571429
13 0.18415178571428573 0.7756696428571429 0.07700892857142858 0.11272321428571429
13 0.2779017857142857 0.8805803571428571 0.07924107142857142 0.11272321428571429
11 0.32142857142857145 0.7901785714285714 0.07700892857142858 0.11272321428571429
13 0.32254464285714285 0.6997767857142857 0.07700892857142858 0.11272321428571429
13 0.35825892857142855 0.5680803571428571 0.07924107142857142 0.11272321428571429
13 0.10825892857142858 0.3314732142857143 0.07924107142857142 0.11272321428571429
13 0.03236607142857143 0.2611607142857143 0.06473214285714286 0.11272321428571429
13 0.03571428571428571 0.1484375 0.07142857142857142 0.11383928571428571
13 0.0625 0.08035714285714286 0.07924107142857142 0.10602678571428571
13 0.09933035714285714 0.17075892857142858 0.07924107142857142 0.11272321428571429
13 0.28683035714285715 0.10267857142857142 0.07924107142857142 0.11272321428571429
13 0.3314732142857143 0.14732142857142858 0.07924107142857142 0.11272321428571429
13 0.1875 0.2622767857142857 0.07924107142857142 0.11272321428571429
13 0.37611607142857145 0.34933035714285715 0.07924107142857142 0.11272321428571429
13 0.25892857142857145 0.4810267857142857 0.07924107142857142 0.11272321428571429
13 0.45870535714285715 0.41517857142857145 0.07924107142857142 0.11272321428571429
13 0.4654017857142857 0.31473214285714285 0.07924107142857142 0.11272321428571429
13 0.5145089285714286 0.23325892857142858 0.07924107142857142 0.11272321428571429
13 0.5435267857142857 0.13950892857142858 0.07924107142857142 0.11272321428571429
13 0.6004464285714286 0.08482142857142858 0.07924107142857142 0.11272321428571429
13 0.375 0.049107142857142856 0.07924107142857142 0.09821428571428571
13 0.8125 0.16741071428571427 0.07924107142857142 0.11272321428571429
15 0.7979910714285714 0.34933035714285715 0.06919642857142858 0.09151785714285714
13 0.49441964285714285 0.7075892857142857 0.07924107142857142 0.11272321428571429
13 0.4486607142857143 0.8002232142857143 0.07924107142857142 0.11272321428571429
13 0.5379464285714286 0.9397321428571429 0.07924107142857142 0.11272321428571429
13 0.6238839285714286 0.7522321428571429 0.07924107142857142 0.11272321428571429
13 0.6261160714285714 0.8582589285714286 0.07700892857142858 0.11272321428571429
13 0.6997767857142857 0.7723214285714286 0.07924107142857142 0.11272321428571429
13 0.7801339285714286 0.7723214285714286 0.07924107142857142 0.11272321428571429
13 0.7020089285714286 0.49107142857142855 0.07924107142857142 0.11272321428571429
13 0.9497767857142857 0.4564732142857143 0.07924107142857142 0.11272321428571429
13 0.8694196428571429 0.41517857142857145 0.07924107142857142 0.11272321428571429
13 0.8448660714285714 0.6908482142857143 0.07924107142857142 0.11272321428571429
13 0.9006696428571429 0.9430803571428571 0.07924107142857142 0.11272321428571429
11 0.9263392857142857 0.39620535714285715 0.07924107142857142 0.11272321428571429
13 0.6763392857142857 0.17633928571428573 0.07924107142857142 0.11272321428571429
13 0.8627232142857143 0.09375 0.07924107142857142 0.11272321428571429
13 0.6283482142857143 0.2622767857142857 0.07700892857142858 0.11272321428571429
13 0.59375 0.5334821428571429 0.07924107142857142 0.11272321428571429
13 0.5591517857142857 0.59375 0.07924107142857142 0.11272321428571429
11 0.24665178571428573 0.35267857142857145 0.07924107142857142 0.11272321428571429
13 0.8158482142857143 0.2533482142857143 0.07924107142857142 0.11272321428571429
13 0.5591517857142857 0.25892857142857145 0.07924107142857142 0.11272321428571429
13 0.7935267857142857 0.4888392857142857 0.07924107142857142 0.11272321428571429
13 0.7957589285714286 0.5647321428571429 0.07924107142857142 0.11272321428571429
17 0.22321428571428573 0.9207589285714286 0.07924107142857142 0.11272321428571429
13 0.8850446428571429 0.5122767857142857 0.07924107142857142 0.11272321428571429
19 0.953125 0.20982142857142858 0.09375 0.12276785714285714