15 0.3549107142857143 0.8058035714285714 0.07924107142857142 0.11272321428571429
15 0.22991071428571427 0.6785714285714286 0.07924107142857142 0.11272321428571429
15 0.05803571428571429 0.7834821428571429 0.07924107142857142 0.11272321428571429
15 0.036830357142857144 0.859375 0.07366071428571429 0.11160714285714286
15 0.11830357142857142 0.6930803571428571 0.07924107142857142 0.11272321428571429
15 0.1875 0.6026785714285714 0.07924107142857142 0.09151785714285714
15 0.08816964285714286 0.3939732142857143 0.07924107142857142 0.11272321428571429
15 0.10491071428571429 0.34933035714285715 0.07924107142857142 0.11272321428571429
15 0.20758928571428573 0.3872767857142857 0.07924107142857142 0.11272321428571429
15 0.36049107142857145 0.37276785714285715 0.07924107142857142 0.11272321428571429
15 0.28013392857142855 0.3560267857142857 0.07924107142857142 0.11272321428571429
15 0.3705357142857143 0.5178571428571429 0.06696428571428571 0.09598214285714286
15 0.5111607142857143 0.3002232142857143 0.07924107142857142 0.11272321428571429
15 0.5669642857142857 0.21651785714285715 0.06919642857142858 0.10044642857142858
15 0.5792410714285714 0.3002232142857143 0.07700892857142858 0.11272321428571429
15 0.44754464285714285 0.6674107142857143 0.07924107142857142 0.11272321428571429
15 0.38950892857142855 0.7098214285714286 0.07924107142857142 0.11272321428571429
15 0.31138392857142855 0.6819196428571429 0.07924107142857142 0.11272321428571429
15 0.7444196428571429 0.4497767857142857 0.07924107142857142 0.11272321428571429
15 0.6919642857142857 0.5658482142857143 0.07924107142857142 0.11272321428571429
15 0.6037946428571429 0.53125 0.07924107142857142 0.11272321428571429
15 0.5837053571428571 0.6160714285714286 0.07924107142857142 0.11272321428571429
15 0.59375 0.7243303571428571 0.07924107142857142 0.11272321428571429
15 0.5245535714285714 0.7209821428571429 0.07924107142857142 0.11272321428571429
15 0.5368303571428571 0.7957589285714286 0.07924107142857142 0.11272321428571429
15 0.3627232142857143 0.9040178571428571 0.07924107142857142 0.11272321428571429
15 0.16183035714285715 0.9464285714285714 0.078125 0.10714285714285714
15 0.8325892857142857 0.38392857142857145 0.07924107142857142 0.11272321428571429
15 0.7466517857142857 0.53125 0.07924107142857142 0.11272321428571429
15 0.5825892857142857 0.0625 0.07924107142857142 0.11272321428571429
15 0.6350446428571429 0.2935267857142857 0.07924107142857142 0.11272321428571429
15 0.16183035714285715 0.07924107142857142 0.07924107142857142 0.11272321428571429
15 0.19308035714285715 0.4720982142857143 0.07924107142857142 0.11272321428571429
15 0.109375 0.44642857142857145 0.07924107142857142 0.11272321428571429
15 0.4486607142857143 0.4252232142857143 0.07924107142857142 0.11272321428571429
15 0.41629464285714285 0.4966517857142857 0.07924107142857142 0.11272321428571429
15 0.734375 0.6529017857142857 0.07924107142857142 0.11272321428571429
15 0.875 0.6763392857142857 0.07924107142857142 0.11272321428571429
15 0.8504464285714286 0.5647321428571429 0.07924107142857142 0.11272321428571429
15 0.96875 0.5178571428571429 0.0625 0.11272321428571429
15 0.921875 0.6595982142857143 0.07924107142857142 0.11272321428571429
15 0.9095982142857143 0.7779017857142857 0.07924107142857142 0.11272321428571429
15 0.7712053571428571 0.7924107142857143 0.07924107142857142 0.11272321428571429
15 0.7087053571428571 0.84375 0.07924107142857142 0.11272321428571429
15 0.6830357142857143 0.9151785714285714 0.07924107142857142 0.11272321428571429
15 0.765625 0.8805803571428571 0.07924107142857142 0.11272321428571429
15 0.4497767857142857 0.9319196428571429 0.07924107142857142 0.11272321428571429
15 0.29129464285714285 0.19642857142857142 0.07700892857142858 0.11272321428571429
15 0.19196428571428573 0.26674107142857145 0.07700892857142858 0.11272321428571429
15 0.8526785714285714 0.9464285714285714 0.08035714285714286 0.10714285714285714
15 0.953125 0.8727678571428571 0.07924107142857142 0.11272321428571429
15 0.9587053571428571 0.7790178571428571 0.07924107142857142 0.11272321428571429
15 0.8816964285714286 0.08147321428571429 0.07924107142857142 0.11272321428571429
15 0.9263392857142857 0.26674107142857145 0.07924107142857142 0.11272321428571429
15 0.26004464285714285 0.4497767857142857 0.07924107142857142 0.11272321428571429
15 0.3404017857142857 0.2622767857142857 0.07924107142857142 0.11272321428571429
15 0.7064732142857143 0.30691964285714285 0.07924107142857142 0.11272321428571429
8 0.45535714285714285 0.28236607142857145 0.06696428571428571 0.08370535714285714
15 0.9330357142857143 0.052455357142857144 0.0625 0.08705357142857142
14 0.10044642857142858 0.8493303571428571 0.07924107142857142 0.11272321428571429
15 0.18638392857142858 0.7220982142857143 0.07924107142857142 0.11272321428571429
15 0.6462053571428571 0.03571428571428571 0.078125 0.07142857142857142
15 0.14508928571428573 0.14732142857142858 0.07700892857142858 0.11272321428571429
8 0.5345982142857143 0.8805803571428571 0.0625 0.08705357142857142
13 0.6004464285714286 0.4252232142857143 0.07924107142857142 0.11272321428571429
13 0.5524553571428571 0.5033482142857143 0.07924107142857142 0.11272321428571429
13 0.5022321428571429 0.6517857142857143 0.06473214285714286 0.09375
15 0.28236607142857145 0.5848214285714286 0.07924107142857142 0.11272321428571429
13 0.4107142857142857 0.3247767857142857 0.07477678571428571 0.09151785714285714
13 0.84375 0.14174107142857142 0.07924107142857142 0.11272321428571429
13 0.7924107142857143 0.21651785714285715 0.07924107142857142 0.11272321428571429
15 0.16183035714285715 0.8627232142857143 0.07924107142857142 0.11272321428571429
15 0.40736607142857145 0.8013392857142857 0.07924107142857142 0.11272321428571429
15 0.0625 0.49441964285714285 0.06696428571428571 0.10044642857142858
15 0.9520089285714286 0.11941964285714286 0.07924107142857142 0.11272321428571429
15 0.5680803571428571 0.9375 0.07924107142857142 0.11272321428571429
13 0.9352678571428571 0.37723214285714285 0.07254464285714286 0.10044642857142858
13 0.8482142857142857 0.4799107142857143 0.07700892857142858 0.09598214285714286
8 0.7310267857142857 0.18973214285714285 0.06696428571428571 0.08370535714285714
15 0.46316964285714285 0.18973214285714285 0.07924107142857142 0.11272321428571429
13 0.04799107142857143 0.2700892857142857 0.07477678571428571 0.10379464285714286
13 0.05357142857142857 0.06919642857142858 0.07924107142857142 0.10379464285714286
13 0.234375 0.10491071428571429 0.07924107142857142 0.11272321428571429
15 0.32924107142857145 0.04799107142857143 0.07924107142857142 0.09598214285714286
13 0.265625 0.052455357142857144 0.08035714285714286 0.10491071428571429
8 0.34375 0.12946428571428573 0.06696428571428571 0.09821428571428571
8 0.2533482142857143 0.26004464285714285 0.06696428571428571 0.09151785714285714
13 0.34486607142857145 0.5915178571428571 0.07924107142857142 0.11272321428571429
8 0.6283482142857143 0.8292410714285714 0.07477678571428571 0.09151785714285714
15 0.4564732142857143 0.8147321428571429 0.07924107142857142 0.11272321428571429
15 0.25558035714285715 0.8415178571428571 0.07924107142857142 0.11272321428571429
19 0.13616071428571427 0.26004464285714285 0.09151785714285714 0.13950892857142858