2 0.7310267857142857 0.9029017857142857 0.07700892857142858 0.11272321428571429
2 0.4095982142857143 0.8805803571428571 0.07700892857142858 0.11272321428571429
2 0.140625 0.8582589285714286 0.08705357142857142 0.12053571428571429
2 0.8482142857142857 0.8459821428571429 0.07700892857142858 0.11272321428571429
2 0.5479910714285714 0.8069196428571429 0.07700892857142858 0.11272321428571429
2 0.48660714285714285 0.7645089285714286 0.08370535714285714 0.12053571428571429
2 0.19866071428571427 0.7935267857142857 0.08370535714285714 0.12946428571428573
2 0.3638392857142857 0.5502232142857143 0.07700892857142858 0.11272321428571429
2 0.28125 0.5256696428571429 0.07700892857142858 0.11272321428571429
2 0.18638392857142858 0.49107142857142855 0.09598214285714286 0.13504464285714285
2 0.10379464285714286 0.44308035714285715 0.07700892857142858 0.11272321428571429
2 0.8649553571428571 0.45089285714285715 0.08147321428571429 0.125
2 0.3236607142857143 0.37723214285714285 0.07700892857142858 0.11272321428571429
2 0.20647321428571427 0.3314732142857143 0.09151785714285714 0.125
2 0.9375 0.27455357142857145 0.08705357142857142 0.12276785714285714
2 0.14397321428571427 0.2533482142857143 0.07700892857142858 0.11272321428571429
2 0.29017857142857145 0.18526785714285715 0.09151785714285714 0.125
2 0.8102678571428571 0.125 0.09151785714285714 0.12723214285714285
2 0.43526785714285715 0.08035714285714286 0.09598214285714286 0.13504464285714285
14 0.5379464285714286 0.8950892857142857 0.05803571428571429 0.0625
12 0.06919642857142858 0.15401785714285715 0.029017857142857144 0.04352678571428571