7 0.22321428571428573 0.8805803571428571 0.09375 0.125
17 0.6462053571428571 0.6506696428571429 0.09598214285714286 0.125
17 0.8839285714285714 0.42857142857142855 0.08928571428571429 0.11495535714285714
17 0.9252232142857143 0.3002232142857143 0.09598214285714286 0.125
17 0.7008928571428571 0.9587053571428571 0.09375 0.08147321428571429
17 0.027901785714285716 0.546875 0.05580357142857143 0.11495535714285714
17 0.078125 0.8426339285714286 0.08370535714285714 0.11049107142857142
12 0.7366071428571429 0.8627232142857143 0.03794642857142857 0.052455357142857144
12 0.36049107142857145 0.7455357142857143 0.029017857142857144 0.03794642857142857
12 0.22544642857142858 0.4877232142857143 0.024553571428571428 0.029017857142857144
13 0.33035714285714285 0.8370535714285714 0.08147321428571429 0.11049107142857142
13 0.3158482142857143 0.3482142857142857 0.08705357142857142 0.11049107142857142
13 0.25 0.4095982142857143 0.08147321428571429 0.10602678571428571
13 0.4341517857142857 0.14397321428571427 0.07924107142857142 0.11495535714285714
13 0.5033482142857143 0.05133928571428571 0.08705357142857142 0.10267857142857142
13 0.7299107142857143 0.056919642857142856 0.08705357142857142 0.11272321428571429
13 0.6462053571428571 0.9151785714285714 0.07700892857142858 0.10825892857142858