2 0.10825892857142858 0.9508928571428571 0.07700892857142858 0.09598214285714286
2 0.7845982142857143 0.8917410714285714 0.07700892857142858 0.11272321428571429
2 0.9520089285714286 0.8638392857142857 0.07700892857142858 0.11272321428571429
2 0.3158482142857143 0.8694196428571429 0.07700892857142858 0.11272321428571429
2 0.6417410714285714 0.8627232142857143 0.07700892857142858 0.11272321428571429
2 0.5379464285714286 0.8035714285714286 0.07700892857142858 0.11272321428571429
2 0.24665178571428573 0.7790178571428571 0.08705357142857142 0.12053571428571429
2 0.6908482142857143 0.7689732142857143 0.07700892857142858 0.11272321428571429
2 0.8493303571428571 0.7354910714285714 0.07700892857142858 0.11272321428571429
2 0.9375 0.7377232142857143 0.07700892857142858 0.11272321428571429
2 0.7622767857142857 0.6886160714285714 0.08705357142857142 0.11495535714285714
2 0.6238839285714286 0.6473214285714286 0.08705357142857142 0.12053571428571429
2 0.9386160714285714 0.6060267857142857 0.07700892857142858 0.11272321428571429
2 0.8314732142857143 0.6060267857142857 0.07700892857142858 0.11272321428571429
2 0.20982142857142858 0.6071428571428571 0.07700892857142858 0.11272321428571429
2 0.4654017857142857 0.5814732142857143 0.07700892857142858 0.11272321428571429
2 0.7064732142857143 0.5647321428571429 0.07700892857142858 0.11272321428571429
2 0.5770089285714286 0.5022321428571429 0.07700892857142858 0.11272321428571429
2 0.4966517857142857 0.4966517857142857 0.07700892857142858 0.11272321428571429
2 0.3404017857142857 0.46651785714285715 0.07700892857142858 0.11272321428571429
2 0.7232142857142857 0.45982142857142855 0.07700892857142858 0.11272321428571429
2 0.7868303571428571 0.4185267857142857 0.07700892857142858 0.11272321428571429
2 0.2924107142857143 0.38950892857142855 0.07700892857142858 0.11272321428571429
2 0.15736607142857142 0.3158482142857143 0.07700892857142858 0.11272321428571429
2 0.26450892857142855 0.2611607142857143 0.07700892857142858 0.11272321428571429
2 0.07924107142857142 0.26450892857142855 0.07700892857142858 0.11272321428571429
2 0.7087053571428571 0.12834821428571427 0.07700892857142858 0.11272321428571429
2 0.8080357142857143 0.11049107142857142 0.07700892857142858 0.11272321428571429
2 0.484375 0.08816964285714286 0.07700892857142858 0.11272321428571429
12 0.16741071428571427 0.9162946428571429 0.03794642857142857 0.052455357142857144
12 0.39620535714285715 0.7723214285714286 0.033482142857142856 0.04352678571428571
12 0.53125 0.7488839285714286 0.026785714285714284 0.03125
12 0.625 0.04017857142857143 0.033482142857142856 0.03571428571428571
8 0.08258928571428571 0.08705357142857142 0.04799107142857143 0.06696428571428571
14 0.6584821428571429 0.3638392857142857 0.052455357142857144 0.06696428571428571
2 0.17633928571428573 0.6841517857142857 0.08147321428571429 0.09151785714285714