17 0.7488839285714286 0.859375 0.10602678571428571 0.07924107142857142
17 0.7979910714285714 0.7633928571428571 0.10602678571428571 0.08705357142857142
17 0.7209821428571429 0.48995535714285715 0.10825892857142858 0.08370535714285714
17 0.8258928571428571 0.40066964285714285 0.11049107142857142 0.08147321428571429
17 0.9196428571428571 0.16852678571428573 0.10825892857142858 0.07700892857142858
17 0.5870535714285714 0.9095982142857143 0.11049107142857142 0.08705357142857142
5 0.5591517857142857 0.6729910714285714 0.10602678571428571 0.08928571428571429
18 0.19866071428571427 0.8549107142857143 0.10044642857142858 0.07477678571428571
15 0.7979910714285714 0.15066964285714285 0.09598214285714286 0.07924107142857142
15 0.7756696428571429 0.5647321428571429 0.08147321428571429 0.0625
17 0.45089285714285715 0.12053571428571429 0.09598214285714286 0.06919642857142858
17 0.35044642857142855 0.15513392857142858 0.09598214285714286 0.07254464285714286
17 0.28236607142857145 0.31026785714285715 0.11495535714285714 0.07700892857142858
17 0.03236607142857143 0.34486607142857145 0.06473214285714286 0.09151785714285714
17 0.027901785714285716 0.15178571428571427 0.05580357142857143 0.07700892857142858
17 0.052455357142857144 0.06473214285714286 0.09598214285714286 0.07700892857142858
17 0.21763392857142858 0.09598214285714286 0.07700892857142858 0.07254464285714286
17 0.6863839285714286 0.05022321428571429 0.10602678571428571 0.08705357142857142
17 0.7924107142857143 0.052455357142857144 0.10044642857142858 0.07700892857142858
17 0.4029017857142857 0.875 0.10044642857142858 0.08928571428571429
17 0.21763392857142858 0.6361607142857143 0.10602678571428571 0.07254464285714286
17 0.033482142857142856 0.8939732142857143 0.06696428571428571 0.07924107142857142
11 0.45200892857142855 0.5970982142857143 0.11272321428571429 0.07700892857142858
14 0.5491071428571429 0.5970982142857143 0.0625 0.0625
14 0.5446428571428571 0.8549107142857143 0.09151785714285714 0.06696428571428571
14 0.43638392857142855 0.9084821428571429 0.0625 0.05803571428571429
14 0.31361607142857145 0.9129464285714286 0.08705357142857142 0.09598214285714286
14 0.06919642857142858 0.31473214285714285 0.08370535714285714 0.05580357142857143
14 0.26004464285714285 0.15736607142857142 0.09598214285714286 0.07924107142857142
14 0.16183035714285715 0.052455357142857144 0.08147321428571429 0.07700892857142858
14 0.21986607142857142 0.027901785714285716 0.08147321428571429 0.05580357142857143
18 0.4877232142857143 0.17075892857142858 0.11830357142857142 0.06919642857142858
17 0.5212053571428571 0.2767857142857143 0.09821428571428571 0.08147321428571429
17 0.9654017857142857 0.9375 0.06696428571428571 0.07700892857142858
17 0.8113839285714286 0.6305803571428571 0.12053571428571429 0.07700892857142858
17 0.6227678571428571 0.7756696428571429 0.10602678571428571 0.08147321428571429
15 0.3247767857142857 0.7790178571428571 0.08705357142857142 0.06696428571428571
15 0.3404017857142857 0.7087053571428571 0.08705357142857142 0.07254464285714286
15 0.11383928571428571 0.515625 0.09151785714285714 0.06696428571428571
16 0.21428571428571427 0.38950892857142855 0.09598214285714286 0.07700892857142858
13 0.14508928571428573 0.4486607142857143 0.10825892857142858 0.07700892857142858
13 0.11383928571428571 0.29129464285714285 0.09151785714285714 0.06696428571428571
5 0.7410714285714286 0.20200892857142858 0.10602678571428571 0.07700892857142858