14 0.19977678571428573 0.37723214285714285 0.08147321428571429 0.04799107142857143
14 0.4095982142857143 0.33816964285714285 0.09151785714285714 0.0625
13 0.5535714285714286 0.23214285714285715 0.10044642857142858 0.06919642857142858
13 0.38950892857142855 0.23772321428571427 0.08705357142857142 0.06473214285714286
13 0.2845982142857143 0.18638392857142858 0.09151785714285714 0.07254464285714286
13 0.29799107142857145 0.11160714285714286 0.08705357142857142 0.06696428571428571
13 0.19308035714285715 0.05915178571428571 0.09151785714285714 0.07254464285714286
13 0.3080357142857143 0.04241071428571429 0.08705357142857142 0.06919642857142858
13 0.39955357142857145 0.06361607142857142 0.09151785714285714 0.07254464285714286
13 0.5803571428571429 0.16183035714285715 0.10379464285714286 0.07924107142857142
13 0.5825892857142857 0.5022321428571429 0.08147321428571429 0.06696428571428571
13 0.5111607142857143 0.5524553571428571 0.09151785714285714 0.07254464285714286
11 0.41294642857142855 0.8247767857142857 0.08705357142857142 0.07254464285714286
1 0.7455357142857143 0.8772321428571429 0.08147321428571429 0.09151785714285714
13 0.32142857142857145 0.9252232142857143 0.08370535714285714 0.07477678571428571
13 0.49888392857142855 0.8381696428571429 0.08370535714285714 0.07477678571428571
13 0.6104910714285714 0.7600446428571429 0.08147321428571429 0.06696428571428571
13 0.609375 0.5870535714285714 0.07924107142857142 0.0625
13 0.33370535714285715 0.6316964285714286 0.08147321428571429 0.06696428571428571
13 0.24553571428571427 0.6417410714285714 0.08705357142857142 0.06696428571428571
13 0.26339285714285715 0.5502232142857143 0.09151785714285714 0.07254464285714286
13 0.8136160714285714 0.7511160714285714 0.09151785714285714 0.06919642857142858
13 0.8180803571428571 0.35044642857142855 0.08705357142857142 0.06696428571428571
13 0.7790178571428571 0.2689732142857143 0.08705357142857142 0.06696428571428571
13 0.7790178571428571 0.14397321428571427 0.07700892857142858 0.05803571428571429
12 0.7477678571428571 0.36607142857142855 0.026785714285714284 0.021205357142857144
12 0.7042410714285714 0.22209821428571427 0.033482142857142856 0.021205357142857144
12 0.6819196428571429 0.45870535714285715 0.029017857142857144 0.018973214285714284
12 0.7712053571428571 0.4966517857142857 0.03125 0.024553571428571428
12 0.9810267857142857 0.21428571428571427 0.033482142857142856 0.024553571428571428
12 0.921875 0.09709821428571429 0.03794642857142857 0.026785714285714284
12 0.8660714285714286 0.060267857142857144 0.024553571428571428 0.018973214285714284
12 0.40625 0.5970982142857143 0.026785714285714284 0.024553571428571428
12 0.234375 0.8035714285714286 0.029017857142857144 0.024553571428571428
12 0.28125 0.8058035714285714 0.024553571428571428 0.018973214285714284
12 0.140625 0.8627232142857143 0.026785714285714284 0.018973214285714284
12 0.17857142857142858 0.8426339285714286 0.026785714285714284 0.024553571428571428
12 0.09933035714285714 0.8392857142857143 0.018973214285714284 0.018973214285714284
12 0.18415178571428573 0.6082589285714286 0.024553571428571428 0.018973214285714284
12 0.09151785714285714 0.49441964285714285 0.029017857142857144 0.024553571428571428
12 0.25223214285714285 0.40848214285714285 0.052455357142857144 0.03794642857142857
12 0.24776785714285715 0.3627232142857143 0.033482142857142856 0.029017857142857144
12 0.40066964285714285 0.31361607142857145 0.033482142857142856 0.024553571428571428
13 0.5368303571428571 0.7321428571428571 0.08147321428571429 0.06473214285714286
11 0.5993303571428571 0.6607142857142857 0.10044642857142858 0.08928571428571429