16 0.8303571428571429 0.07477678571428571 0.07254464285714286 0.09821428571428571
16 0.7243303571428571 0.06138392857142857 0.06919642857142858 0.09598214285714286
16 0.6908482142857143 0.16741071428571427 0.07254464285714286 0.10044642857142858
16 0.6205357142857143 0.07142857142857142 0.06696428571428571 0.09151785714285714
16 0.9397321428571429 0.13392857142857142 0.06696428571428571 0.09821428571428571
16 0.9274553571428571 0.24776785714285715 0.06696428571428571 0.09821428571428571
16 0.6986607142857143 0.6763392857142857 0.06919642857142858 0.09821428571428571
16 0.6964285714285714 0.5758928571428571 0.07254464285714286 0.09598214285714286
16 0.8816964285714286 0.7957589285714286 0.07254464285714286 0.10044642857142858
16 0.7678571428571429 0.8493303571428571 0.07254464285714286 0.10044642857142858
16 0.8236607142857143 0.43638392857142855 0.07477678571428571 0.10044642857142858
11 0.42410714285714285 0.8705357142857143 0.060267857142857144 0.10602678571428571
15 0.5680803571428571 0.4095982142857143 0.0625 0.08370535714285714
11 0.49107142857142855 0.3705357142857143 0.07254464285714286 0.10602678571428571
16 0.17633928571428573 0.7053571428571429 0.06919642857142858 0.09821428571428571
16 0.15848214285714285 0.5334821428571429 0.06696428571428571 0.09151785714285714
16 0.20424107142857142 0.6004464285714286 0.0625 0.08705357142857142
16 0.25892857142857145 0.7845982142857143 0.07254464285714286 0.09598214285714286
16 0.33816964285714285 0.7779017857142857 0.07700892857142858 0.10044642857142858
16 0.31361607142857145 0.921875 0.06696428571428571 0.09151785714285714
16 0.044642857142857144 0.6149553571428571 0.07700892857142858 0.10602678571428571
16 0.10379464285714286 0.6216517857142857 0.06473214285714286 0.08705357142857142
16 0.16517857142857142 0.31361607142857145 0.06696428571428571 0.08705357142857142
16 0.22767857142857142 0.26339285714285715 0.07254464285714286 0.09151785714285714
16 0.09040178571428571 0.34486607142857145 0.06696428571428571 0.10044642857142858
16 0.10379464285714286 0.21651785714285715 0.0625 0.08705357142857142
16 0.3392857142857143 0.17299107142857142 0.06696428571428571 0.09151785714285714
16 0.40066964285714285 0.12388392857142858 0.06696428571428571 0.08705357142857142
16 0.35379464285714285 0.05133928571428571 0.06696428571428571 0.09151785714285714
16 0.4341517857142857 0.19419642857142858 0.0625 0.08705357142857142
16 0.48995535714285715 0.16183035714285715 0.06696428571428571 0.08705357142857142
13 0.7053571428571429 0.39285714285714285 0.06919642857142858 0.09821428571428571
13 0.6238839285714286 0.6595982142857143 0.07254464285714286 0.09598214285714286
13 0.4330357142857143 0.45982142857142855 0.06919642857142858 0.09821428571428571
13 0.5044642857142857 0.47544642857142855 0.06696428571428571 0.09821428571428571
13 0.06138392857142857 0.8727678571428571 0.07700892857142858 0.10044642857142858
13 0.14955357142857142 0.9252232142857143 0.06696428571428571 0.09151785714285714
13 0.32254464285714285 0.29017857142857145 0.06696428571428571 0.09151785714285714
19 0.5145089285714286 0.06696428571428571 0.14955357142857142 0.125
12 0.39174107142857145 0.2700892857142857 0.029017857142857144 0.03794642857142857
12 0.24665178571428573 0.3404017857142857 0.024553571428571428 0.029017857142857144
12 0.7689732142857143 0.5558035714285714 0.018973214285714284 0.029017857142857144