15 0.9553571428571429 0.8069196428571429 0.06696428571428571 0.052455357142857144
15 0.7935267857142857 0.28236607142857145 0.07254464285714286 0.052455357142857144
15 0.8337053571428571 0.24553571428571427 0.06696428571428571 0.04799107142857143
15 0.8861607142857143 0.3013392857142857 0.06696428571428571 0.0625
15 0.828125 0.5658482142857143 0.07254464285714286 0.052455357142857144
15 0.6227678571428571 0.6752232142857143 0.07700892857142858 0.05803571428571429
15 0.4095982142857143 0.5736607142857143 0.06696428571428571 0.052455357142857144
15 0.6573660714285714 0.32589285714285715 0.06696428571428571 0.052455357142857144
15 0.19084821428571427 0.32589285714285715 0.07924107142857142 0.05580357142857143
12 0.49888392857142855 0.6941964285714286 0.033482142857142856 0.024553571428571428
12 0.6116071428571429 0.5334821428571429 0.033482142857142856 0.024553571428571428
12 0.6183035714285714 0.47544642857142855 0.024553571428571428 0.018973214285714284
12 0.7165178571428571 0.05133928571428571 0.033482142857142856 0.024553571428571428