3 0.203125 0.26674107142857145 0.40625 0.26450892857142855
13 0.3939732142857143 0.21316964285714285 0.1875 0.24776785714285715
13 0.09709821428571429 0.13950892857142858 0.19419642857142858 0.23549107142857142
13 0.29910714285714285 0.07589285714285714 0.25223214285714285 0.15178571428571427
13 0.46205357142857145 0.08147321428571429 0.052455357142857144 0.16294642857142858
0 0.6495535714285714 0.19977678571428573 0.32254464285714285 0.39955357142857145
3 0.16183035714285715 0.7578125 0.3236607142857143 0.484375
13 0.9553571428571429 0.8560267857142857 0.08928571428571429 0.22098214285714285
13 0.9073660714285714 0.49776785714285715 0.18526785714285715 0.19754464285714285
13 0.9497767857142857 0.6685267857142857 0.10044642857142858 0.19196428571428573
13 0.9587053571428571 0.44419642857142855 0.08147321428571429 0.09151785714285714
13 0.5613839285714286 0.4720982142857143 0.14620535714285715 0.14620535714285715
13 0.7287946428571429 0.49441964285714285 0.2544642857142857 0.18973214285714285
13 0.6294642857142857 0.9508928571428571 0.24553571428571427 0.09821428571428571
13 0.8136160714285714 0.7120535714285714 0.24553571428571427 0.25669642857142855
0 0.6283482142857143 0.7265625 0.28348214285714285 0.546875